Cyclist 0 0 0 792.2905774191117 428.2435593357537 832.1984700573228 473.267965131466 1.688394874617 0.64947481605148 1.8044566773315 7.261860158149229 0.3774230925002301 43.82739390843159 -0.7706001446982066
Car 0 0 0 637.6265554463729 422.30228712538064 677.429982627901 459.8330182244723 1.8561815870633 1.8377211371806 4.3306247596259 1.5747659570844037 -0.24802091904581267 60.39336756905935 -1.4380395812801365
Car 0 0 0 413.3512605272863 428.3277876990012 528.6360554700211 470.2933671208832 1.4829782398471 1.7740544729298 4.5701640433529 -6.390598372142031 0.17991158919232575 45.30483700039161 -0.7926702061354466
Pedestrian 0 1 0 397.4670971019691 423.5256729951856 414.66561261590925 457.186959430532 1.6411764705882 0.79705712243638 0.70423222095356 -11.116479401226227 -0.2642426023361205 55.15430878870404 3.1297668353499897
Pedestrian 0 0 0 389.23955325818105 424.03429198654806 406.48679893624416 458.13913497633433 1.6411764705882 0.6879658652935 0.70475884212295 -11.347702347269173 -0.21096050286792162 54.292937469811584 3.1297668353499897
Pedestrian 0 0 0 334.95771333157063 424.4520714899402 352.7176788720965 458.3993866663814 1.6411764705882 0.66023649298757 0.70292967000889 -14.05774845682169 -0.19726964732085112 54.392324975984714 3.1297668353499897
Car 0 0 0 -144.79405358999054 427.74654502306703 32.78003239742975 483.8593894880612 1.5694631397798 1.5495520948099 4.540406983164 -21.322536412267066 0.5588268084365535 33.933804547920076 -0.3337383578045965
Cyclist 0 0 0 290.9901308083008 423.1574097572195 312.0499486828232 451.51235021499554 1.5856222031586 0.83467844631473 1.8691533052748 -19.218443998513905 -0.6631805234430239 64.56889772167537 1.5017823661987033
Cyclist 0 0 0 1122.6555608427989 434.1999159942398 1178.069972154444 484.695276423219 1.5748547328435 0.71078900669808 1.736409992452 17.1723908738286 0.6803614550117885 35.98185570612874 -0.4000086906789966
Car 0 1 0 367.7665547429544 421.39419314939937 406.0704181385174 451.7411374191378 1.6073412643441 1.6585886911901 4.2062126202902 -14.157801314307743 -0.713448977991706 64.70683921997639 1.5165241571068035
Car 0 2 0 420.0875200549327 423.4596693611232 452.6720149931186 452.5560473486409 1.5303581617489 1.5167276476834 4.1976892792911 -11.264920216817213 -0.6669556690162138 64.80423833139827 1.5165241571068035
Car 0 2 0 486.3920915704286 425.8219562066533 515.3997788410079 454.4613980574518 1.499955157022 1.5623288628838 4.2038980726267 -7.514293731211402 -0.5618809796789228 65.1102684688016 1.5165241571068035
Cyclist 0 0 0 1252.402444004103 439.2529532641673 1304.0698411821193 481.23539215545617 1.4223670509745 0.60764049102281 1.6477883138591 23.064557741020824 0.6300854263982869 38.62873104453475 -0.24099214511639655
Cyclist 0 0 0 1254.3184302700097 437.3203643859243 1308.3930703146257 480.4963523499098 1.4670152377712 0.63318595331973 1.8519277710894 23.371201787633275 0.6017837768423949 38.950063059380156 -0.3145640067105966
Pedestrian 0 2 0 561.4852449713005 424.71579898707785 575.3285569235112 458.572540479682 1.6804086702484 0.66023649298757 0.66623661468891 -3.0674710657500555 -0.19636101526519334 56.163509595080605 -3.137881844286997
