Cyclist 0 0 0 567.3608948392455 439.4451948825892 654.0159530692143 511.4919463180061 1.5717147735724 0.64947481605148 1.8893918969075 -0.37299277921764856 1.0762895925243674 25.796582209457874 -0.3395462204864965
Cyclist 0 0 0 299.7629122157574 432.8870454424992 374.1449775751528 500.8433446800458 1.5887309054428 0.64947481605148 1.6497001667913 -7.195243920122719 0.8942961967414325 27.39601566627721 -0.5768118328358766
Cyclist 0 0 0 444.6336454385343 434.5400517664256 521.9810880572617 497.6247269310344 1.5923749359702 0.81681211616613 1.892150112993 -3.869668653394823 0.8847503090691065 29.791322650219456 -0.37227463346169665
Cyclist 0 1 0 636.8324454569236 434.8370147031554 708.5661012251198 498.08092481183166 1.6160580140435 0.69359246311031 1.7988974602878 1.2214374012613827 0.9076567814864087 29.993838415143887 -0.33957152681989666
Car 0 1 0 254.03330972964068 422.54344238811456 379.5552596102915 477.2133591969372 1.7809849531403 1.6764564666831 4.0878970327015 -11.214606640429222 0.41397662730516904 39.726771103481866 -0.4932137721149965
Car 0 1 0 141.10602583847418 422.3177938989725 218.2413082021208 465.6107267469989 1.784077688877 1.6764564666831 3.1042366937899 -19.976094860811024 0.06063163063918556 48.76854895374652 1.8625984663101898
Car 0 2 0 261.16687743132576 408.970476230329 325.6308378462121 457.3328731976106 2.3710020415795 2.0184656633199 5.4757222025889 -17.78579126270803 -0.40628628927813887 58.589120427724765 1.5524124524956036
Car 0 2 0 368.2509624276368 422.8010979240773 406.4229204401115 453.1545446467423 1.6073412643441 1.6585886911901 4.2062126202902 -14.17287017802274 -0.6347696395518646 64.88712517761972 1.5165241571068035
Car 0 2 0 420.41114658931815 424.14358082488974 452.8892831215056 453.20309162129655 1.5303581617489 1.5167276476834 4.1976892792911 -11.280343399846505 -0.6317036792990536 64.98236607944187 1.5165241571068035
Pedestrian 0 2 0 502.3316586778288 423.0518172538802 515.8373012339042 456.60585560156426 1.6411764705882 0.65657511114463 0.60942898415584 -5.975721155647394 -0.29017409419024864 55.27302043088573 3.1297668353499897
Car 0 2 0 489.0763869975406 425.1486798267608 517.8759814511249 453.7057676879448 1.499955157022 1.5623288628838 4.2038980726267 -7.372506446808821 -0.6054739525351777 65.19622620362067 1.5165241571068035
Pedestrian 0 0 0 440.7348140017932 423.834185886366 457.2485568654026 457.9589966619432 1.6510665891204 0.78725302938842 0.65697388494748 -8.89675075166513 -0.22354624273155316 54.750422335750905 -3.0948583630042963
Pedestrian 0 2 0 647.8904692517099 423.2091323687389 660.6661669197963 458.7335565834941 1.7784891693988 0.53107338104082 0.60371152057102 1.275990458883271 -0.18663993681270744 56.439631398743636 3.1297668353499897
Pedestrian 0 2 0 496.2125075012183 423.586112377061 508.6568303270479 457.5947792338855 1.6411764705882 0.53107338104082 0.55056820886921 -6.202282025267611 -0.23370009530597644 54.35780800878983 3.1297668353499897
