Cyclist 0 0 0 836.8400370136616 427.4629575036646 853.5167148682804 467.25846127163175 1.7308996574548 0.72941732955746 1.7289697261439 9.842339777766638 0.1769393437497458 50.47944964216518 -1.3529216170294966
Car 0 0 0 651.9813809560048 423.0164365889461 681.9476152439141 452.2604399856802 1.664128658495 1.8157558446403 4.3306247596259 2.3639825507082475 -0.7315365629290541 69.83757541967096 -1.4992341330896566
Car 0 0 0 527.5491078001129 427.74975412308 612.2213829401248 469.5237921890608 1.6844192716632 1.8376674303454 4.5701640433529 -2.6511988978950147 0.18005876345125033 51.054935531447214 -1.0685216426711366
Pedestrian 0 1 0 368.4417006949013 423.7492251929335 388.339752749631 457.4080599093903 1.6411764705882 0.74314518930416 0.87145030193763 -12.507746495289833 -0.2537249891626315 55.1470943268167 3.0600198088158894
Pedestrian 0 0 0 361.0958349521913 424.3900844850168 377.7366986913422 458.6862529645365 1.6411764705882 0.72420653484069 0.68895713297397 -12.695261589877742 -0.18515066466342897 54.0251871207793 3.0605060492572895
Car 0 1 0 370.9503118426248 424.07321402191263 404.0121114039477 453.31875942099066 1.5411400581933 1.6093539231132 4.018914956959 -14.125203752650647 -0.6195659219807277 64.68050810933119 1.4573053831644036
Car 0 0 0 116.83565963106594 426.0998012472197 264.2669590061369 481.3697362601495 1.6726376764625 1.5495520948099 4.5630518734248 -14.873237850567406 0.516248431911286 37.272984239184794 -0.4759773741580966
Car 0 1 0 421.25752013409146 425.6975983555034 451.5338559911668 454.0694483585818 1.4832958407679 1.5675652507478 4.1774664810323 -11.284558257671025 -0.5823050700474126 64.90812781142124 1.4724913659845034
Cyclist 0 1 0 277.47553129504945 423.9117573811174 301.0574512606508 453.5549791026048 1.5521107266436 0.81685544815535 1.8691533052748 -18.699264279499005 -0.5140312273534693 60.54899447523452 1.5369588162557033
Cyclist 0 0 0 1236.5378718898714 428.7537211465351 1283.2928487529662 483.6786279251859 1.8687392564505 0.61667204788539 1.736409992452 22.423330056551993 0.703259705226951 38.670337793951745 -0.4692914245391966
Car 0 1 0 487.6159813446996 425.00981855094784 516.0535050058351 453.9138728969485 1.5163943086937 1.532582197363 4.3891261381794 -7.481578360902456 -0.5990619467618695 65.30990728915465 1.5165241571068035
Pedestrian 0 0 0 310.4835570403879 424.7737373982258 327.7368253033498 458.8105909507262 1.6411764705882 0.66023649298757 0.65953298322884 -15.234343892370788 -0.17604107225937557 54.1803559354354 3.1297668353499897
Pedestrian 0 2 0 538.1948516913113 424.90616491599167 552.3530874489562 458.7756172138204 1.6804086702484 0.66023649298757 0.66623661468891 -4.235698139001813 -0.18572510680623222 56.12733358046235 -3.137881844286997
