Cyclist 0 0 0 847.4162808520725 430.3598938422249 860.8154045269384 459.766396355389 1.5055290026205 0.64947481605148 1.8044566773315 12.126100516582817 -0.17999016718870836 59.76831859598702 -1.3690095482877265
Car 0 0 0 614.2456913477107 426.2751895146355 656.093219200966 457.2134699741418 1.4820231181442 1.5746200446415 4.5701640433529 0.3608453583221143 -0.3913350223475202 60.22731305138857 -1.3776522533117066
Car 0 1 0 370.4148115886112 424.2188924493156 403.6869424111644 453.64051895639074 1.5411400581933 1.6093539231132 4.018914956959 -14.071849461076035 -0.5986432955060763 64.32482621564704 1.4573053831644036
Car 0 0 0 372.1759634266493 428.1584718072247 498.82285300325617 475.6733639970122 1.6163605120781 1.7137657173433 4.7006566407001 -7.491596008132251 0.3675940837831486 43.2732789104226 -0.7132678187072666
Cyclist 0 1 0 242.51484066268236 423.6079038450218 277.7006726705786 457.8707218545044 1.6726957684075 0.90072141944012 2.0957259822757 -18.950181567842044 -0.2679695696771008 56.472261169004376 1.7195177319988897
Cyclist 0 0 0 173.2464808233343 432.32833913130673 246.575988548168 500.4404363130327 1.6183426413098 0.56933030011995 1.6211700691881 -10.492233240831657 0.9000959898667031 27.601630001394497 -0.6547153310232666
Pedestrian 0 1 0 282.8793519368068 423.6092652452239 299.456568462539 457.7317423368501 1.6411764705882 0.79347714579462 0.62030078356866 -16.620608804259675 -0.23287520914717694 54.14867585701188 3.0605060492572895
Car 0 0 0 643.3175601507226 423.7704074569395 670.756971658543 449.6360472313664 1.7463551243616 1.8377211371806 4.3306247596259 2.000670863814924 -1.0339152335901347 82.43802188425447 -1.5560318727159428
Car 0 1 0 422.5187075135881 425.6316759811676 453.5992186995983 453.9631235468681 1.4832958407679 1.6237740442564 4.1774664810323 -11.205000174529118 -0.5895442808034481 65.0193335362403 1.4724913659845034
Car 0 1 0 487.5615629324661 425.04315381135314 516.0357178662424 453.9854054482988 1.5163943086937 1.532582197363 4.3891261381794 -7.474550760939765 -0.5944254479029135 65.23166769717038 1.5165241571068035
Pedestrian 0 2 0 502.1882523293138 425.39098934163866 516.9209773104365 459.4966490045834 1.6804086702484 0.66023649298757 0.66623661468891 -5.999737342019979 -0.14803302886448066 55.71164558055336 -3.137881844286997
Pedestrian 0 2 0 329.57598171788953 424.3518297120592 349.24375159891946 458.3647689636601 1.6411764705882 0.8079789718305 0.81237869482588 -14.32204591318853 -0.20539901493465124 54.55999388823623 3.0600198088158894
Pedestrian 0 2 0 319.5717467657135 424.9043383726313 336.5349549810796 459.4219107435566 1.6411764705882 0.79347714579462 0.65953298322884 -14.648071170344243 -0.14985808158631606 53.67239039662101 3.0605060492572895
