Cyclist 0 0 0 383.1567076608953 437.5656959890459 466.4824870090694 511.6918499395153 1.5 0.64947481605148 1.6497001667913 -4.32811699151977 1.0019172088464032 23.76903670440251 -0.33954620994979656
Cyclist 0 0 0 111.56652128239308 437.7927164480566 195.1815679352829 508.2984034904533 1.5 0.64947481605148 1.6497001667913 -10.770146924694494 0.9815723113500019 24.888082548687468 -0.5768118328358766
Cyclist 0 1 0 168.7690111808605 437.50091365701167 245.54627854849417 499.37160701908937 1.4223670509745 0.68294227607441 1.6497001667913 -10.33798022067957 0.8516902560081613 27.003694619519695 -0.5768118328358766
Cyclist 0 2 0 376.4623502156928 433.5550297869912 451.1050630886703 499.663587724143 1.5 0.64947481605148 1.6497001667913 -5.104996319810688 0.8434055704758574 26.508804518815108 -0.33954620994979656
Car 0 1 0 68.44300917966802 419.2715037250519 205.8739525316292 479.18820166387 1.8110416271183 1.6764564666831 4.0878970327015 -16.361617653426183 0.43851399541441727 36.421792429206604 -0.4932137721149965
Car 0 1 0 -28.076910249875027 422.36738763334745 112.71050348900678 473.2621790371264 1.7185108647073 1.6764564666831 4.5207331891052 -22.30616984698441 0.2714343270303369 41.48013680627394 2.26273450505259
Car 0 2 0 207.3570604761627 421.63678526676426 267.2889235815025 461.2401434706084 1.8094908516624 1.6764564666831 2.7376147253975 -19.045932807315516 -0.11555976809925535 53.46141842674959 1.7473999765997892
Car 0 2 0 280.6942740265945 410.16527950191465 337.68372584762824 453.6998788055078 2.262627669598 2.1266415506558 5.1146855738468 -17.938712761593266 -0.6084070374071215 61.981285075228115 1.5165241571068035
Car 0 2 0 368.2202257522604 421.3287142566066 406.3956980426949 451.5871594890477 1.6073412643441 1.6585886911901 4.2062126202902 -14.173515684401506 -0.7238166226210071 64.88179025745318 1.5165241571068035
Car 0 2 0 420.021215325942 422.2551265131433 452.9281693754036 451.2882452575472 1.5303581617489 1.5350755806303 4.1976892792911 -11.254072210782166 -0.7386258994169375 64.77573434054466 1.5165241571068035
Car 0 2 0 488.9754634763883 425.21155010451344 518.0012297873379 453.8425106025532 1.499955157022 1.5717218358485 4.2038980726267 -7.3543668019706345 -0.5966511608734585 65.04676734886087 1.5165241571068035
Pedestrian 0 3 0 666.790045916607 423.1315118840458 679.9283638680974 457.68153599313433 1.7203998873698 0.70833553053288 0.61821793578888 2.241435170032318 -0.24446041807714683 56.367098188403205 -3.1255745117996967
Pedestrian 0 2 0 518.1385906049867 423.36967085442114 532.9568774073532 457.5724526830557 1.6411764705882 0.69837666760967 0.67092115820763 -5.0635509337885205 -0.2401374057958476 54.32747279784557 3.1297668353499897
Pedestrian 0 2 0 526.2236054250076 422.5873752891576 541.0817115124783 456.057446059112 1.6411764705882 0.87090199278212 0.69036560356373 -4.7887975304503865 -0.3262268357767264 55.731174676555035 3.1297668353499897
Pedestrian 0 0 0 460.21772369713824 423.8081319947237 478.5190786164681 458.1538371704909 1.6510665891204 0.78725302938842 0.75564544044054 -7.841424915390365 -0.21348180887689489 54.454742999409554 -3.0948583630042963
