Cyclist 0 0 0 545.5197650190681 433.4281138097625 633.9008730212005 509.17456767710826 1.6485432418008 0.64947481605148 1.9119747822535 -0.8521084261322484 1.0155743399746893 25.604389838789153 -0.33954620994979656
Cyclist 0 0 0 287.78504983353804 433.1970961821133 362.7513707035876 501.5716636114776 1.5887309054428 0.64947481605148 1.6497001667913 -7.441470786085183 0.9064100245105107 27.22361248756702 -0.5768118328358766
Cyclist 0 0 0 421.2041887851448 432.2084225348273 500.4757993405316 496.4292399583935 1.6052569536066 0.81681211616613 1.9126801932335 -4.430214163947994 0.842044823863868 29.508098298524303 -0.4229039078236967
Cyclist 0 1 0 605.6939600211628 430.81565402455306 692.3674313880595 499.6269290173215 1.7293031280308 0.69359246311031 2.1944255878738 0.5796291280075947 0.9261927924309339 29.56277413390044 -0.33957152681989666
Car 0 1 0 241.6550455392931 422.8394007295514 368.19516771782673 474.7074120209165 1.6683091053232 1.6764564666831 4.0878970327015 -11.550333625677192 0.3238109737969861 39.38824643148195 -0.4932137721149965
Car 0 2 0 145.99898984471122 422.1746303077351 221.57837090204083 464.9602503429719 1.784077688877 1.6764564666831 2.9350926814549 -19.955234696262494 0.03689856989168164 49.162161014942484 1.918181100369889
Car 0 2 0 262.358893225632 414.2110596385785 326.3903341221673 457.1239428076403 2.0764844081516 2.0184656633199 5.4757222025889 -17.796149113295197 -0.4177526569409192 58.781762466418236 1.5524124523431033
Car 0 2 0 367.9612931820944 421.3660889194027 406.210030592139 451.67504220176886 1.6073412643441 1.6585886911901 4.2062126202902 -14.164536044347942 -0.7178922542614404 64.78181823603845 1.5165241571068035
Car 0 2 0 420.1978669501642 422.2195897346545 452.74016524902936 451.20099280163134 1.5303581617489 1.5167276476834 4.1976892792911 -11.272170722312552 -0.7444232663136148 64.87468989112615 1.5165241571068035
Pedestrian 0 2 0 498.0270406925542 423.57002851993553 510.4503776446628 457.5773802632274 1.6411764705882 0.53107338104082 0.55056820886921 -6.114109293000537 -0.2345849037475418 54.361908041254416 3.1297668353499897
Pedestrian 0 2 0 506.3021314510924 423.0273865521263 518.5784986119427 456.567870963913 1.6411764705882 0.65657511114463 0.55056820886921 -5.809166430513464 -0.29184546155064717 55.280765226388155 3.1297668353499897
Pedestrian 0 2 0 648.9313925723986 423.2007423798124 661.7139003499832 458.7234924114707 1.7784891693988 0.53107338104082 0.60371152057102 1.329073737245502 -0.18717262454499475 56.44209977143683 3.1297668353499897
Car 0 2 0 488.9754634763882 425.2131108644013 517.8458297657774 453.84251060255326 1.499955157022 1.5623288628838 4.2038980726267 -7.35904439855222 -0.5965922899885808 65.0463506887275 1.5165241571068035
Pedestrian 0 0 0 441.4940327381631 423.8860631442853 458.0326365260029 458.08711553881926 1.6510665891204 0.78725302938842 0.65697388494748 -8.83892430066951 -0.21684224905838906 54.63152704998638 -3.0948583630042963
