Cyclist 0 0 0 726.7004571544949 437.047703598985 805.29786896152 503.6140398790919 1.5860721725001 0.64947481605148 1.8893918969075 3.5045618222072688 0.9809581292761895 28.04789954488099 -0.33954620994979656
Cyclist 0 0 0 478.7959762391588 436.1917157967693 545.8793480062659 491.32816998195455 1.4029411764706 0.64947481605148 1.6982207599322 -3.1258297567834483 0.7301689953109605 30.19589262482874 -0.5768118328358766
Cyclist 0 2 0 686.5231652441464 432.4240071846928 754.2038407295872 492.42212245677166 1.6369934418934 0.70804287109161 1.7956667522824 2.6534573692880543 0.8112951178052935 31.828557024662622 -0.27476493650279665
Cyclist 0 0 0 859.135607287747 431.6710445152164 925.33792684042 490.7076958800284 1.6662311089353 0.69359246311031 1.8519277710894 7.84616939833283 0.7866786918170369 32.8507377388163 -0.3387963010349966
Car 0 1 0 394.9122466596252 423.4182259191501 509.2243654691943 470.7507739349237 1.6628223453988 1.7750715529586 4.0878970327015 -6.904912548904683 0.2041622992521635 43.52513089072841 -0.6416694138726367
Car 0 0 0 50.40995159150248 417.53945996415166 138.07280697873836 470.10865295548285 2.0132341849818 1.6764564666831 2.7916486182371 -21.846735552817993 0.22920224545432222 44.58903365363602 2.1271421083052893
Car 0 0 0 212.35912659043032 408.575850720532 302.42277161301155 463.97088856338166 2.4478528592707 2.0687611331061 6.4507693681362 -17.98117641640967 -0.10427877608466182 53.57101075554903 1.6326333874152894
Car 0 2 0 367.8964318050424 421.3754500085169 406.1635276348552 451.6970564603672 1.6073412643441 1.6585886911901 4.2062126202902 -14.162291134334554 -0.7164111621715487 64.75682523068475 1.5165241571068035
Car 0 2 0 488.992317451414 425.2023523821549 517.8508643630331 453.81967491419294 1.499955157022 1.5623288628838 4.2038980726267 -7.361288073261688 -0.5980725670796504 65.0713299412092 1.5165241571068035
Pedestrian 0 2 0 477.7246420389454 423.1702387117044 495.7283685955036 456.7755370329123 1.6411764705882 0.72636059978291 0.81368693180188 -7.097858902484138 -0.2846411287989101 55.31644261792885 3.1297668353499897
Pedestrian 0 2 0 629.217436007439 421.5391291144215 640.669230556871 454.361211734189 1.6411764705882 0.65657511114464 0.5389846235252 0.29377210365860384 -0.4111267332084132 56.533293041116856 3.1297668353499897
Pedestrian 0 2 0 480.1785938291743 423.3024797077595 491.9996707007373 457.2485570799855 1.6411764705882 0.54267731052831 0.51108855360951 -7.0161595092087286 -0.25089079255512475 54.435325374526165 3.1297668353499897
Car 0 2 0 419.9326791006492 422.2776153863133 452.564649766232 451.3319754474618 1.5303581617489 1.5167276476834 4.1976892792911 -11.25872855633522 -0.7355547212133724 64.72503572938798 1.5165241571068035
