Car 0 0 0 618.8757920119089 427.5623448348294 658.6926312979729 457.5507318991156 1.4820231181442 1.5746200446415 4.5701640433529 0.56904588609598 -0.38174809876187865 62.24508660500152 -1.3831595167291666
Car 0 1 0 370.4148115886112 424.2188924493156 403.6869424111644 453.64051895639074 1.5411400581933 1.6093539231132 4.018914956959 -14.071849461076035 -0.5986432955060763 64.32482621564704 1.4573053831644036
Car 0 0 0 397.05656462682384 427.4839829353539 520.7360765907666 474.11998344155705 1.6163605120781 1.7137657173433 4.7006566407001 -6.688816321776838 0.3173017278800949 44.01712706205883 -0.7132678187072666
Cyclist 0 1 0 231.6275634593411 422.27042455239 273.4738463170886 458.7552722692309 1.7626635171226 0.91071783596402 2.0957259822757 -19.104081372129208 -0.22496707074290143 55.77311410786726 1.9355492060624897
Cyclist 0 0 0 212.9315995990772 431.27649501603287 284.0254980600329 497.9184815238982 1.6183426413098 0.56933030011995 1.6211700691881 -9.72253394474105 0.8565541449222785 28.23526991211886 -0.6547153310232666
Pedestrian 0 1 0 277.9965579477483 423.63238753843336 297.4569732061356 457.7969083351098 1.6411764705882 0.79347714579462 0.75761348237929 -16.78621608147038 -0.23052250144739625 54.12944395533263 3.0605060492572895
Pedestrian 0 1 0 323.4619596960578 424.5017355338089 340.2416159644444 458.5264079257959 1.6411764705882 0.78231920689815 0.66674843313788 -14.667223967956371 -0.19528725042362233 54.43298052583426 3.0605060492572895
Pedestrian 0 0 0 316.6409145499385 425.0147435137434 332.21117129785966 459.5886959567779 1.6411764705882 0.78231920689815 0.58951659922784 -14.789585552658409 -0.14066927258443593 53.536139798912444 3.0605060492572895
Car 0 1 0 487.5615629324661 425.04315381135314 516.0357178662424 453.9854054482988 1.5163943086937 1.532582197363 4.3891261381794 -7.474550760939765 -0.5944254479029135 65.23166769717038 1.5165241571068035
Cyclist 0 0 0 847.3619004669849 429.6050075391402 863.3187758906145 458.3771271991249 1.5055290026205 0.685464373228 1.8044566773315 12.44650178219541 -0.2576581736492219 61.0259325868866 -1.4351534561093267
Pedestrian 0 2 0 499.126481437735 424.6072369960629 514.0115969532676 459.9466958339822 1.7306212232884 0.66023649298757 0.66623661468891 -6.107647278663969 -0.12481799436941833 55.33721277285403 -3.137881844286997
