Cyclist 0 0 0 784.966056944663 431.0133431935895 824.7269887702229 470.9979396062864 1.4524567474049 0.64947481605148 1.8044566773315 6.816530931188307 0.2808879258362135 42.85362399822672 -0.8105706145739066
Car 0 0 0 633.1492431046943 421.6808187808949 677.9205512157039 459.7425135621753 1.8451989407931 1.8377211371806 4.3306247596259 1.4432285701759353 -0.25068180635001347 59.18546751666586 -1.3861972974476766
Car 0 2 0 -158.01123136339982 402.0336948856266 35.92580720863839 471.3954822172557 2.2904409140585 2.128075906169 5.6755087213164 -24.88409187219156 0.15385448105517807 39.24035133000918 2.41830960515959
Car 0 0 0 391.0769459210304 426.4328737866765 508.27290607429154 474.79409019286 1.7014770928855 1.8164631112069 4.5701640433529 -7.126352453192279 0.34320170089408336 44.4951679349788 -0.8408196980700966
Pedestrian 0 2 0 402.1981839456536 423.50391934153294 417.5047095264584 456.9315847916397 1.6411764705882 0.59108807422044 0.6452943190028 -10.947266748424974 -0.27144534234291806 55.254057884889676 3.1297668353499897
Pedestrian 0 2 0 393.0572940067444 424.0427021150482 409.26512150891233 458.1515693121383 1.6411764705882 0.66023649298757 0.65953298322884 -11.174233952956524 -0.20921757336930474 54.24285662093413 3.1297668353499897
Pedestrian 0 0 0 339.80273572866486 424.41382900625786 356.62672510643995 458.3524364521381 1.6411764705882 0.66023649298757 0.65953298322884 -13.841981979490729 -0.19943485186485127 54.402358118196425 3.1297668353499897
Cyclist 0 0 0 293.38606476304864 424.05581343999785 314.14631273358447 451.56173051050354 1.5521107266436 0.83467844631473 1.8691533052748 -19.290145054367507 -0.6667946043818151 65.25832325306169 1.5017823661987033
Cyclist 0 0 0 1107.826330970348 435.1202048159095 1161.5138305488856 483.65861413914695 1.4860452348945 0.66995774665478 1.736409992452 16.415113363075072 0.6358847152697014 35.47931898640899 -0.44820273780429654
Car 0 1 0 367.7665547429544 421.39419314939937 406.0704181385174 451.7411374191378 1.6073412643441 1.6585886911901 4.2062126202902 -14.157801314307743 -0.713448977991706 64.70683921997639 1.5165241571068035
Car 0 2 0 486.3920915704286 425.8219562066533 515.3997788410079 454.4613980574518 1.499955157022 1.5623288628838 4.2038980726267 -7.514293731211402 -0.5618809796789228 65.1102684688016 1.5165241571068035
Cyclist 0 0 0 1252.402444004103 439.2529532641673 1304.0698411821193 481.23539215545617 1.4223670509745 0.60764049102281 1.6477883138591 23.064557741020824 0.6300854263982869 38.62873104453475 -0.24099214511639655
Cyclist 0 0 0 1254.3184302700097 437.3203643859243 1308.3930703146257 480.4963523499098 1.4670152377712 0.63318595331973 1.8519277710894 23.371201787633275 0.6017837768423949 38.950063059380156 -0.3145640067105966
Pedestrian 0 2 0 566.8871190257427 424.6720923799778 580.6569208617212 458.5254787655179 1.6804086702484 0.66023649298757 0.66623661468891 -2.7964644372621317 -0.19882834525462 56.17190174757993 -3.137881844286997
Car 0 2 0 423.8253674572264 423.4237680058805 456.1659762000496 452.5123358468606 1.5303581617489 1.5167276476834 4.1976892792911 -11.055413480086932 -0.6695924605315345 64.82290028809628 1.5165241571068035
