Car 0 0 0 627.2293330236578 426.6155971280111 661.8189667885337 455.3826885048181 1.4820231181442 1.6687229779448 4.2697281204251 0.9082653868351083 -0.5031708371571946 64.23074780632322 -1.4470475878642266
Car 0 1 0 369.376599009676 424.2304998631944 402.7165444929237 453.65576707182805 1.5411400581933 1.6093539231132 4.018914956959 -14.128918820297436 -0.5977199651840996 64.31631980481241 1.4573053831644036
Car 0 0 0 439.7748369048416 426.17493732223 558.8048363756039 471.1064211624544 1.6163605120781 1.7854587373872 4.7006566407001 -5.266971947955571 0.2135997858204618 45.57875530343953 -0.7132678187072666
Cyclist 0 0 0 284.65502819063767 429.291739764229 351.5847229735453 493.0663144626727 1.6183426413098 0.56933030011995 1.6211700691881 -8.275896190703405 0.7679690407246657 29.53883404860572 -0.6547153310232666
Pedestrian 0 1 0 315.19052723796835 424.5814123426538 333.30564148814136 458.6371979759791 1.6411764705882 0.78231920689815 0.72559673262815 -15.03570668912522 -0.19005238303169322 54.39018878634377 3.0605060492572895
Cyclist 0 1 0 211.27052816764 422.763590267699 261.4262762148849 460.17578459981775 1.7626635171226 0.91071783596402 2.3211677537087 -19.57154238726941 -0.1597637868078736 54.74134647204542 2.12891488542809
Pedestrian 0 0 0 305.68603568758306 425.155017500196 321.4526309799651 459.7729450384458 1.6411764705882 0.78231920689815 0.58951659922784 -15.298202679132219 -0.13146879778178108 53.44411260875892 3.0605060492572895
Car 0 1 0 422.4719273938624 425.65297024567184 453.5783245185663 454.008095650923 1.4832958407679 1.6237740442564 4.1774664810323 -11.198356309919845 -0.5866327431628067 64.96993225130329 1.4724913659845034
Cyclist 0 0 0 840.7401399133505 428.4000626217811 858.2174890751836 456.1487416480278 1.5055290026205 0.685464373228 1.8044566773315 12.559965857756094 -0.3917397668849781 63.25020236410673 -1.5100329616690367
Pedestrian 0 1 0 269.85454882199406 423.7250567276463 289.4555115941966 457.90560174004514 1.6411764705882 0.79347714579462 0.75761348237929 -17.17588026314397 -0.2249867186243618 54.08419242196949 3.0605060492572895
Pedestrian 0 2 0 488.7965112629912 424.7043609410867 503.257936172948 460.0821540154616 1.7306212232884 0.66023649298757 0.66623661468891 -6.630081085867876 -0.11861190785880617 55.296837639431494 3.0990518000614897
