Cyclist 0 0 0 775.2577975458657 426.86806272650193 812.4207156896293 467.54905409187177 1.4524567474049 0.60607372989989 1.8044566773315 6.262906096127022 0.14567127406309227 41.98430187701864 -0.8925302335675765
Car 0 0 0 629.450462849221 422.3031747996843 678.9950767768917 460.47120799714895 1.8012683557125 1.6633058983424 4.3306247596259 1.3477727040236942 -0.21484582543216324 57.864274168154516 -1.2947185904803464
Car 1 1 0 -129.12396975621334 403.9497426394854 60.59285537781318 478.43329823647287 2.4957639779313 2.128075906169 5.6755087213164 -24.2746780085014 0.3996401693722823 39.87204580070285 2.39398511326139
Car 0 0 0 369.12092758524886 427.6952866048176 490.9720624850824 475.3098725660646 1.6420106333861 1.7740544729298 4.5701640433529 -7.791255529839435 0.35873826356634586 43.75273974508644 -0.7710551153409466
Cyclist 0 0 0 294.7782030009811 423.27043804811126 315.3697517167992 450.580632591981 1.5521107266436 0.83467844631473 1.8691533052748 -19.333911472156093 -0.7283988020001615 65.67144790940522 1.5017823661987033
Cyclist 0 0 0 1096.7124018286772 428.5624522827218 1143.3977550027723 488.2552305458408 1.8077380459414 0.61667204788539 1.736409992452 15.666296755943803 0.761857388163906 34.88693825146069 -0.6301053838510866
Cyclist 0 0 0 1233.5544728095604 430.0601534261282 1286.2700905081806 482.75706398099584 1.7965744760826 0.60764049102281 1.6477883138591 22.272450859841875 0.6804359488535706 38.417824013557784 -0.21498312125299668
Car 0 2 0 486.3920915704286 425.8219562066533 515.3997788410079 454.4613980574518 1.499955157022 1.5623288628838 4.2038980726267 -7.514293731211402 -0.5618809796789228 65.1102684688016 1.5165241571068035
Car 0 1 0 367.7665547429544 421.39419314939937 406.0704181385174 451.7411374191378 1.6073412643441 1.6585886911901 4.2062126202902 -14.157801314307743 -0.713448977991706 64.70683921997639 1.5165241571068035
Pedestrian 0 2 0 346.4533664302164 424.3543722693889 363.19362200325367 458.298649092924 1.6411764705882 0.66023649298757 0.65953298322884 -13.51366410073326 -0.2021515177357372 54.407977557958446 3.1297668353499897
Cyclist 0 0 0 1254.3184302700097 437.3203643859243 1308.3930703146257 480.4963523499098 1.4670152377712 0.63318595331973 1.8519277710894 23.371201787633275 0.6017837768423949 38.950063059380156 -0.3145640067105966
Pedestrian 0 2 0 568.8876766723768 424.6559486265005 582.6452121916741 460.1021738412486 1.7607487551123 0.66023649298757 0.66623661468891 -2.695510279896562 -0.11954798187520041 56.17981449002771 -3.137881844286997
Pedestrian 0 0 0 391.7293249521517 424.0869965461203 408.2053207103337 458.3184707930196 1.6411764705882 0.72781434765886 0.65953298322884 -11.2108580728145 -0.2026083009364386 54.13697054035042 3.1297668353499897
Pedestrian 0 2 0 408.86402637947975 423.5186808925265 425.9500086848823 457.3072081715626 1.6411764705882 0.79705712243638 0.70423222095356 -10.511106757179732 -0.2576017976474728 54.970217070302816 3.1297668353499897
Car 0 2 0 423.8253674572264 423.4237680058805 456.1659762000496 452.5123358468606 1.5303581617489 1.5167276476834 4.1976892792911 -11.055413480086932 -0.6695924605315345 64.82290028809628 1.5165241571068035
