Cyclist 0 0 0 847.2947676965547 431.1775568225434 916.1957830907696 497.3271673287646 1.7023076117811 0.61667204788539 1.7782511970894 6.861422054888616 0.8893741806245214 29.889643608452797 -0.33954620994979656
Cyclist 0 0 0 579.4420947182481 430.8526360020317 646.055269943912 489.8735225263173 1.6475224747531 0.64947481605148 1.9279800392172 -0.435840893934095 0.7519095240927218 32.940827384138046 -0.5768118328358766
Cyclist 0 1 0 869.2391445120383 432.7720440915722 938.0097153544908 489.8720877454013 1.6369934418934 0.70804287109161 1.9351739063797 8.307132852505802 0.7767275561382642 33.342577332308885 -0.2752392681622966
Car 0 1 0 478.9924941155234 420.97682632033536 582.440386548225 470.7801172108216 1.8929364294053 1.8377211371806 4.2344783377452 -4.08729189392902 0.21643465223922898 46.82726232934269 -0.8176946639658366
Car 0 2 0 -49.05161232061948 416.3058925129827 58.21550607754625 475.0664288893929 2.0871844813315 1.6764564666831 3.1698858681145 -23.809785113599226 0.37862445850488224 41.46544269845565 2.1271421083052893
Car 0 0 0 156.2035668683045 406.3987184722499 268.6793596759367 466.5604896370954 2.48192645953 2.1455384613762 5.7011931168131 -18.622737620245122 0.022372407304955433 49.39323449193877 1.7828863045309902
Car 0 2 0 368.6007046940583 421.368584374107 406.8220303053275 451.6888075823098 1.6073412643441 1.6585886911901 4.2062126202902 -14.12280216820732 -0.7169081589386029 64.7603427375076 1.5165241571068035
Car 0 2 0 420.1096111646556 422.2389028123213 452.6817469106925 451.244584430511 1.5303581617489 1.5167276476834 4.1976892792911 -11.267690000320117 -0.7414670846135543 64.8248051705471 1.5165241571068035
Car 0 0 0 17.83672180445342 429.1335918378823 171.940740655264 480.2022053688692 1.4829782398471 1.5975643976627 4.5701640433529 -17.584044521285925 0.465602721790065 36.0413298432235 -0.42902654269219664
Pedestrian 0 1 0 459.78521606414296 423.00599685788256 479.00247308749726 456.6686733626093 1.6411764705882 0.70299177444153 0.86193784889635 -7.946016064839805 -0.2887227611924864 55.17930013098664 3.1297668353499897
Pedestrian 0 0 0 452.0337248218474 423.48790288208033 466.8075657838117 457.5469414104017 1.6411764705882 0.66023649298757 0.62845282243833 -8.32629486382172 -0.23975022076115998 54.407896260488116 3.1297668353499897
Cyclist 0 0 0 1008.6378954496907 427.7657068015731 1075.4192963916507 488.5603163439175 1.8527730116525 0.63318595331973 2.1287427648637 13.207416398922454 0.7785852172725266 35.09210985481266 -0.3387963010349966
Pedestrian 0 2 0 612.5167041975551 423.6398859654947 626.3506481196519 456.57706375187263 1.6411764705882 0.66023649298757 0.66623661468891 -0.4942176239870091 -0.29888825992755597 56.415420089517724 3.1297668353499897
Pedestrian 0 0 0 398.8211596465852 423.7502807958985 413.93485832517285 457.4781618272492 1.6411764705882 0.61610596129274 0.62343725210539 -11.02735006895029 -0.2429337872028166 54.78785224470018 3.1297668353499897
Car 0 2 0 488.9754634763882 425.2131108644013 517.8458297657774 453.84251060255326 1.499955157022 1.5623288628838 4.2038980726267 -7.35904439855222 -0.5965922899885808 65.0463506887275 1.5165241571068035
