Car 0 0 0 630.9547782782734 423.1538422691345 663.824468761636 452.5808118172256 1.6116678828724 1.6687229779448 4.2697281204251 1.1173216366747505 -0.685881115697681 67.25512812683384 -1.4470475878642266
Car 0 1 0 369.376599009676 424.2304998631944 402.7165444929237 453.65576707182805 1.5411400581933 1.6093539231132 4.018914956959 -14.128918820297436 -0.5977199651840996 64.31631980481241 1.4573053831644036
Car 0 0 0 472.9628584221657 427.4277017211674 581.3586639770705 471.1761484083123 1.6163605120781 1.7854587373872 4.7006566407001 -4.251080992942447 0.2214940774972431 47.11032569176328 -0.8513390523864466
Cyclist 0 0 0 329.32460719671053 431.3558786551374 393.3924875219816 493.1751771824922 1.6183426413098 0.56933030011995 1.6211700691881 -7.35233077030511 0.7974466596873179 30.55514390044245 -0.6547153310232666
Pedestrian 0 1 0 263.1336225171193 423.8017200851445 282.85061978107063 457.99535060660094 1.6411764705882 0.79347714579462 0.75761348237929 -17.497353213024496 -0.2204196977953404 54.046859906944576 3.0605060492572895
Pedestrian 0 1 0 308.0713980899417 424.6865787963389 324.56025379927235 458.6361694115275 1.6411764705882 0.68423870774771 0.65620160155939 -15.431878825481505 -0.18681308825350093 54.38405610483871 3.0605060492572895
Pedestrian 0 0 0 300.30671007789107 425.1327350706739 316.1155474132443 459.65120098995874 1.6411764705882 0.78231920689815 0.58951659922784 -15.602781945461663 -0.137558963768413 53.58261851354628 3.0605060492572895
Cyclist 0 1 0 200.34044266385405 420.8988666359882 251.3335488046364 460.9017112700976 1.8736381970431 0.91071783596402 2.3211677537087 -19.897163080317306 -0.12363230904712924 54.177663427318315 2.12891488542809
Cyclist 0 0 0 840.7664587003314 427.5476283419607 857.7953726155129 454.5625608407274 1.5055290026205 0.685464373228 1.8044566773315 12.872037776138475 -0.4922208142080718 64.88960389863813 -1.5100329616690367
Car 0 1 0 422.4719273938624 425.65297024567184 453.5783245185663 454.008095650923 1.4832958407679 1.6237740442564 4.1774664810323 -11.198356309919845 -0.5866327431628067 64.96993225130329 1.4724913659845034
Pedestrian 0 2 0 480.993715057873 424.90482307879125 495.63309765546273 460.45644830791065 1.7306212232884 0.66023649298757 0.66623661468891 -6.9804140474528396 -0.09956060251603006 55.021235282553825 3.0990518000614897
