Cyclist 0 0 0 747.1227607876357 432.02153590365975 796.458320222961 474.8290372603351 1.4448626801397 0.64947481605148 1.8044566773315 5.14235250121565 0.39592030393551503 39.765493985424456 -0.5985666893024366
Car 0 0 0 607.0151635429822 421.8526918033442 672.3061121858047 462.9004327257472 1.834216294523 1.9585302461525 4.3306247596259 0.5757898255510596 -0.09958891036070192 54.93200139704937 -1.2097379091147866
Car 0 0 0 -53.7764250836816 402.0358478973745 124.4057716727632 474.2010714801435 2.5094521819124 2.128075906169 5.7433450249871 -22.521714401322992 0.2578681377480332 41.5282880576787 2.17876929742099
Car 0 0 0 301.3666641249063 428.1731410826285 433.0987221002705 473.45598677666334 1.4829782398471 1.7636798853688 4.5701640433529 -9.837999189452416 0.27661096868514906 41.77765789639909 -0.6741968187024666
Pedestrian 0 1 0 418.77808861914366 423.4178664188077 435.7027009318668 457.1906442458745 1.6411764705882 0.79705712243638 0.70423222095356 -10.02692595322718 -0.2636164963564417 55.012026166255886 3.1297668353499897
Cyclist 0 0 0 1040.3157021604038 433.3553607345341 1099.623429230938 489.7574229454595 1.6535473333869 0.61667204788539 1.736409992452 13.567288990870388 0.7915238001505136 33.72037713118095 -0.32260699051369657
Cyclist 0 0 0 1159.3389365886817 435.1651846643617 1213.0024840061487 485.7108623174144 1.6603780899685 0.60764049102281 1.6477883138591 19.048910709550995 0.7573731702426626 37.30545070015527 -0.21498312125299668
Car 0 1 0 367.7665547429544 421.39419314939937 406.0704181385174 451.7411374191378 1.6073412643441 1.6585886911901 4.2062126202902 -14.157801314307743 -0.713448977991706 64.70683921997639 1.5165241571068035
Car 0 2 0 423.8253674572264 423.4237680058805 456.1659762000496 452.5123358468606 1.5303581617489 1.5167276476834 4.1976892792911 -11.055413480086932 -0.6695924605315345 64.82290028809628 1.5165241571068035
Car 0 2 0 486.3920915704286 425.8219562066533 515.3997788410079 454.4613980574518 1.499955157022 1.5623288628838 4.2038980726267 -7.514293731211402 -0.5618809796789228 65.1102684688016 1.5165241571068035
Pedestrian 0 0 0 409.4435025448978 423.810144613867 425.5925985085645 457.8896061122523 1.6411764705882 0.72781434765886 0.65953298322884 -10.39705031592613 -0.22463227890106158 54.406111921371185 3.1297668353499897
Cyclist 0 0 0 1254.3184302700097 437.3203643859243 1308.3930703146257 480.4963523499098 1.4670152377712 0.63318595331973 1.8519277710894 23.371201787633275 0.6017837768423949 38.950063059380156 -0.3145640067105966
Pedestrian 0 2 0 578.6563781959635 424.1035961253406 592.216405171453 457.0624557092447 1.6411764705882 0.66023649298757 0.66623661468891 -2.2144589798199767 -0.2734357541146129 56.36273442038376 -3.137881844286997
