Cyclist 0 0 0 762.9488867714804 428.3234192481237 804.9125372019421 475.2781655762623 1.6323550599575 0.64947481605148 1.8044566773315 5.722889105024945 0.4182779355183278 40.79797615815839 -0.8201455258015966
Car 0 0 0 616.9237766079958 421.9312094257804 672.392545947491 463.3944361135718 1.900112172144 1.8377211371806 4.3306247596259 0.8328379552025873 -0.07143041551960976 56.08373226794475 -1.2907187121209764
Car 0 0 0 -87.77811891000499 401.7215819932954 102.51360456515964 476.5999757971691 2.5617811356995 2.128075906169 5.9468564322507 -23.241615229215455 0.33185007232946595 40.88053648515936 2.24740905663349
Car 0 0 0 327.2693774995702 427.4600432200388 457.6669305778115 478.6736719004688 1.7287894495153 1.8901617890022 4.5701640433529 -9.042382112444004 0.4717481556582227 42.55550833173595 -0.6741968187024666
Cyclist 0 0 0 1065.1201629140585 433.8447191156711 1117.8656813081327 488.1128704362907 1.6035017227892 0.61667204788539 1.736409992452 14.462747376540307 0.7458547294697415 34.2340492896803 -0.5059617505114966
Cyclist 0 0 0 1188.3083581836488 435.86348626458135 1241.3200076672945 482.9235778833936 1.5668737532209 0.60764049102281 1.6477883138591 20.333807191851182 0.6740669383886291 37.82976903685504 -0.21498312125299668
Car 0 1 0 367.7665547429544 421.39419314939937 406.0704181385174 451.7411374191378 1.6073412643441 1.6585886911901 4.2062126202902 -14.157801314307743 -0.713448977991706 64.70683921997639 1.5165241571068035
Car 0 2 0 423.8253674572264 423.4237680058805 456.1659762000496 452.5123358468606 1.5303581617489 1.5167276476834 4.1976892792911 -11.055413480086932 -0.6695924605315345 64.82290028809628 1.5165241571068035
Car 0 2 0 486.3920915704286 425.8219562066533 515.3997788410079 454.4613980574518 1.499955157022 1.5623288628838 4.2038980726267 -7.514293731211402 -0.5618809796789228 65.1102684688016 1.5165241571068035
Pedestrian 0 2 0 416.1929606678861 423.450789859979 433.1640391769876 457.23655461089584 1.6411764705882 0.79705712243638 0.70423222095356 -10.150455779275674 -0.26122091005924963 54.986987342473114 3.1297668353499897
Pedestrian 0 0 0 404.0158841340185 423.8606812716132 420.2441202323396 457.94196729028647 1.6411764705882 0.72781434765886 0.65953298322884 -10.661568512727602 -0.2219778535762425 54.393811823975426 3.1297668353499897
Cyclist 0 0 0 1254.3184302700097 437.3203643859243 1308.3930703146257 480.4963523499098 1.4670152377712 0.63318595331973 1.8519277710894 23.371201787633275 0.6017837768423949 38.950063059380156 -0.3145640067105966
Pedestrian 0 2 0 575.088882436695 424.6060543107334 588.7467405361689 458.4540524226495 1.6804086702484 0.66023649298757 0.66623661468891 -2.3849358532620277 -0.20257503153496859 56.18464538656221 -3.137881844286997
