Cyclist 0 0 0 489.7392988790699 434.6768033715701 586.6452277159756 510.8021143116693 1.6084488844301 0.64947481605148 2.0532577292167 -1.9850865610445765 1.0222832811530256 24.959049869128584 -0.33954620994979656
Cyclist 0 0 0 231.2220775647505 437.06984654820207 308.8580376867264 503.75682710969954 1.5 0.64947481605148 1.6497001667913 -8.569562703919843 0.932375913611694 26.432125924596868 -0.5768118328358766
Cyclist 0 0 0 344.5672533360933 433.7534411308383 416.5330365987712 498.7552115458103 1.5899698723665 0.75824406112601 1.6497001667913 -6.4198756225040965 0.8840553878902726 28.79200280436064 -0.5768118328358766
Cyclist 0 1 0 535.2457438756132 432.3382166809397 619.615675266315 500.2780778821349 1.6598941247118 0.69359246311031 2.0497381864755 -1.286566433151575 0.9192623578183821 28.743619743793346 -0.33957152681989666
Car 0 1 0 185.09025833039172 423.97718542288817 315.2918800770632 474.4301050152632 1.5705882352941 1.6764564666831 4.0878970327015 -13.163545376448319 0.303768270105117 38.283920835061835 -0.4932137721149965
Car 1 0 0 -121.56994628319194 423.7065626730649 40.71375673204409 477.3784050339435 1.7185108647073 1.716892016441 4.844936546143 -24.35142816475375 0.39228252453007073 39.54145244043123 2.3974037481882897
Car 0 2 0 265.86646939200403 411.1158911891363 330.1815910376427 456.2600556752146 2.2378085680718 2.0184656633199 5.4757222025889 -17.839239951458797 -0.4655298825781285 59.58444117632373 1.5676704870952034
Car 0 2 0 368.0261032045007 421.3567348074367 406.2564990733078 451.6530453960295 1.6073412643441 1.6585886911901 4.2062126202902 -14.166780954361334 -0.7193733463513322 64.80681124139214 1.5165241571068035
Car 0 2 0 420.2859830147963 422.1971953215523 453.1027445957245 451.1574702067042 1.5303581617489 1.5350755806303 4.1976892792911 -11.267514376759525 -0.7474944445172393 64.92538850228384 1.5165241571068035
Pedestrian 0 2 0 504.8368646930391 423.5288532551035 517.189997425861 457.55542918721005 1.6411764705882 0.53107338104082 0.55056820886921 -5.778809146845636 -0.23563767918897513 54.33891012704741 3.1297668353499897
Pedestrian 0 2 0 513.7473092602963 422.89857255306543 525.9319856877472 456.38846581567066 1.6411764705882 0.69028573941105 0.55056820886921 -5.452972075251697 -0.3023998931672429 55.413834353127974 3.1297668353499897
Car 0 2 0 488.9754634763883 425.21155010451344 518.0012297873379 453.8425106025532 1.499955157022 1.5717218358485 4.2038980726267 -7.3543668019706345 -0.5966511608734585 65.04676734886087 1.5165241571068035
Car 0 2 0 186.7438781055547 421.79931744911374 253.62317918241703 463.4882038222388 1.8414230431624 1.6764564666831 2.8631309073533 -19.30154869190065 -0.018669686502788288 51.87512386440676 1.8347180693624896
Pedestrian 0 3 0 653.010314937515 423.0771277186383 667.8800110961166 459.7325783481734 1.8350932209726 0.70833553053288 0.7160895808781 1.594053488276507 -0.14178341201821282 56.649480305754444 -3.1255745117996967
Pedestrian 0 0 0 443.6026513604537 423.8543734090744 462.0834326157658 458.0736092087008 1.6510665891204 0.78725302938842 0.75564544044054 -8.685586559702326 -0.21784363881723295 54.629688244240846 -3.0948583630042963
