Cyclist 0 0 0 833.5602325572141 428.04086850418736 850.4902623642188 468.5508406999271 1.7308996574548 0.72941732955746 1.7289697261439 9.53829360737604 0.2298782845346426 49.632617444913855 -1.3529216170294966
Car 0 0 0 651.5542004392536 423.5866913153986 682.1750258681967 453.5048342584896 1.664128658495 1.8157558446403 4.3306247596259 2.3112300926940867 -0.6445372866047204 68.39182568215027 -1.4992341330896566
Car 0 0 0 515.9654117216324 425.97312499155953 606.0229592823033 468.1365392284414 1.6844192716632 1.7740544729298 4.5701640433529 -3.0192639809629576 0.11687575748816198 50.381218009069265 -0.9917899151080866
Pedestrian 0 1 0 369.65077894177074 423.8101873754089 388.37993469757527 457.6228450815368 1.6411764705882 0.82648127218151 0.80231272010401 -12.438059097405578 -0.24423327596120897 54.980233195234845 3.0600198088158894
Pedestrian 0 0 0 362.8857940803332 424.32872743037456 379.6781467044076 458.6622585321733 1.6411764705882 0.80612467630293 0.68895713297397 -12.614577280023935 -0.18876307511183263 54.07572049849152 3.0605060492572895
Car 0 1 0 370.9503118426248 424.07321402191263 404.0121114039477 453.31875942099066 1.5411400581933 1.6093539231132 4.018914956959 -14.125203752650647 -0.6195659219807277 64.68050810933119 1.4573053831644036
Car 0 0 0 92.36764594524652 426.5584632911712 241.49782346478565 482.3770682153276 1.6726376764625 1.5495520948099 4.5630518734248 -15.539182808683469 0.5433210090433083 36.90043401039705 -0.4759773741580966
Car 0 1 0 421.25752013409146 425.6975983555034 451.5338559911668 454.0694483585818 1.4832958407679 1.5675652507478 4.1774664810323 -11.284558257671025 -0.5823050700474126 64.90812781142124 1.4724913659845034
Cyclist 0 1 0 278.9035383310805 423.6212342469573 302.1835010565297 452.92184726959937 1.5521107266436 0.81685544815535 1.8691533052748 -18.839542103807744 -0.5539556095658049 61.23235815674193 1.5369588162557033
Cyclist 0 0 0 1215.0271984599049 429.32080272908433 1264.9783817166312 484.83007178144135 1.8687392564505 0.61667204788539 1.736409992452 21.44921676518559 0.7370755332617759 38.223771291192364 -0.3957171692825967
Car 0 1 0 487.6159813446996 425.00981855094784 516.0535050058351 453.9138728969485 1.5163943086937 1.532582197363 4.3891261381794 -7.481578360902456 -0.5990619467618695 65.30990728915465 1.5165241571068035
Pedestrian 0 0 0 310.4835570403879 424.7737373982258 327.7368253033498 458.8105909507262 1.6411764705882 0.66023649298757 0.65953298322884 -15.234343892370788 -0.17604107225937557 54.1803559354354 3.1297668353499897
Pedestrian 0 2 0 537.4470155014055 424.912328939473 551.6153083791116 458.782142343629 1.6804086702484 0.66023649298757 0.66623661468891 -4.273204891853178 -0.18538363347533848 56.126172124037566 -3.137881844286997
