Cyclist 0 0 0 847.3619004669849 429.6050075391402 863.3187758906145 458.3771271991249 1.5055290026205 0.685464373228 1.8044566773315 12.44650178219541 -0.2576581736492219 61.0259325868866 -1.4351534561093267
Car 0 1 0 370.4148115886112 424.2188924493156 403.6869424111644 453.64051895639074 1.5411400581933 1.6093539231132 4.018914956959 -14.071849461076035 -0.5986432955060763 64.32482621564704 1.4573053831644036
Car 0 0 0 407.6544014364232 427.1972331779599 530.0714314881099 473.4588417911048 1.6163605120781 1.7137657173433 4.7006566407001 -6.338893529502243 0.2953798458161407 44.341362249710635 -0.7132678187072666
Cyclist 0 1 0 224.3621965821339 422.5503375932304 266.79052711682107 459.3815630130965 1.7626635171226 0.91071783596402 2.0957259822757 -19.282440487119512 -0.19249587880221572 55.252707931474205 1.9355492060624897
Cyclist 0 0 0 229.7694213606836 430.8309542080645 299.92576834080046 496.8485202009962 1.6183426413098 0.56933030011995 1.6211700691881 -9.386257553245104 0.8375310087815132 28.512102882823623 -0.6547153310232666
Pedestrian 0 1 0 322.0441268546714 424.5177305468084 338.84780093977224 458.5453958234465 1.6411764705882 0.78231920689815 0.66674843313788 -14.735415199749433 -0.1943184884296088 54.42506150749603 3.0605060492572895
Car 0 0 0 621.7672948420459 427.24271391396064 661.0161637961954 456.9044940575498 1.4820231181442 1.5746200446415 4.5701640433529 0.7202643073214103 -0.4194596095940395 62.85624453837433 -1.3831595167291666
Pedestrian 0 1 0 274.74035611993014 423.6694209257214 294.2569787095905 457.8403732973959 1.6411764705882 0.79347714579462 0.75761348237929 -16.942081754140204 -0.22830818831815555 54.11134334198697 3.0605060492572895
Pedestrian 0 0 0 312.125036300113 425.06596795660806 327.7723791060997 459.6494354168245 1.6411764705882 0.78231920689815 0.58951659922784 -15.00318955313335 -0.13763469714133345 53.51133405846045 3.0605060492572895
Car 0 1 0 422.5187075135881 425.6316759811676 453.5992186995983 453.9631235468681 1.4832958407679 1.6237740442564 4.1774664810323 -11.205000174529118 -0.5895442808034481 65.0193335362403 1.4724913659845034
Car 0 1 0 487.5615629324661 425.04315381135314 516.0357178662424 453.9854054482988 1.5163943086937 1.532582197363 4.3891261381794 -7.474550760939765 -0.5944254479029135 65.23166769717038 1.5165241571068035
Pedestrian 0 2 0 492.3928486458921 424.669664282042 506.8020758794692 460.041265160296 1.7306212232884 0.66023649298757 0.66623661468891 -6.453190698653552 -0.12071322104107664 55.3105082191037 3.0990518000614897
