Cyclist 0 0 0 771.0054986731109 427.5025906192028 803.7413936211201 469.06512648727295 1.4524567474049 0.64947481605148 1.8044566773315 5.907842133739919 0.19507094430750177 41.20271774146997 -1.0615408011913567
Car 0 0 0 623.6920709590179 422.4857880318396 673.8685672440681 460.54975908032856 1.7513626951468 1.6960387844886 4.3306247596259 1.0446339984509891 -0.20852864077974848 56.57544638996215 -1.3143779228720467
Car 0 0 0 -104.79383995088972 400.1013664479666 90.67639842573828 477.39207756110784 2.6296224322116 2.128075906169 6.0146902394695 -23.59628508094525 0.3548839347694449 40.53830484040908 2.280466058070889
Car 0 0 0 343.1975857906558 428.42020700201454 468.7872241482361 477.7988946606809 1.6741647362557 1.7636798853688 4.5701640433529 -8.591354792103191 0.4436910295709354 42.96924604863674 -0.7451697512757466
Cyclist 0 0 0 1076.9722573400684 435.0662137424528 1124.931018917105 487.57503845495705 1.5524174634296 0.61667204788539 1.736409992452 14.852518995726497 0.7299535537826046 34.433992262196504 -0.6189156303600866
Cyclist 0 0 0 1204.8683672556467 429.9573550679886 1256.5170280716752 480.4034212291359 1.6858792727179 0.60764049102281 1.6477883138591 20.91251059201932 0.5853373500233668 37.85667389735625 -0.2792547843195965
Pedestrian 0 2 0 350.48211217480105 424.3156624682276 367.16977419348143 458.2596344443364 1.6411764705882 0.66023649298757 0.65953298322884 -13.316343692488044 -0.2041316170071102 54.4171529578703 3.1297668353499897
Car 0 1 0 367.7665547429544 421.39419314939937 406.0704181385174 451.7411374191378 1.6073412643441 1.6585886911901 4.2062126202902 -14.157801314307743 -0.713448977991706 64.70683921997639 1.5165241571068035
Car 0 2 0 423.8253674572264 423.4237680058805 456.1659762000496 452.5123358468606 1.5303581617489 1.5167276476834 4.1976892792911 -11.055413480086932 -0.6695924605315345 64.82290028809628 1.5165241571068035
Car 0 2 0 486.3920915704286 425.8219562066533 515.3997788410079 454.4613980574518 1.499955157022 1.5623288628838 4.2038980726267 -7.514293731211402 -0.5618809796789228 65.1102684688016 1.5165241571068035
Cyclist 0 0 0 1254.3184302700097 437.3203643859243 1308.3930703146257 480.4963523499098 1.4670152377712 0.63318595331973 1.8519277710894 23.371201787633275 0.6017837768423949 38.950063059380156 -0.3145640067105966
Pedestrian 0 2 0 575.088882436695 424.6060543107334 588.7467405361689 458.4540524226495 1.6804086702484 0.66023649298757 0.66623661468891 -2.3849358532620277 -0.20257503153496859 56.18464538656221 -3.137881844286997
Pedestrian 0 0 0 401.9978112823229 423.879510511821 418.2554325556614 457.9614410830319 1.6411764705882 0.72781434765886 0.65953298322884 -10.759927870337801 -0.22099082291851252 54.38923811338398 3.1297668353499897
Pedestrian 0 2 0 412.6394193311173 423.4836723208916 429.6662495115238 457.2708068697999 1.6411764705882 0.79705712243638 0.70423222095356 -10.325316859471577 -0.25946618888988493 54.97885630142054 3.1297668353499897
