Cyclist 0 0 0 848.2917349661964 431.425209602726 862.1305033758321 461.759051688324 1.5055290026205 0.64947481605148 1.8044566773315 11.832756647475366 -0.07356351402859534 58.02741103573754 -1.3690095482877265
Car 0 0 0 647.4948946736639 424.7177647101146 673.848370154826 451.3930028299231 1.7463551243616 1.8377211371806 4.3306247596259 2.2354959561776453 -0.8827940080503659 80.0708447869713 -1.5079551480206725
Car 0 0 0 599.1555137412344 427.64482617217664 652.1314122047328 460.16010062534735 1.4820231181442 1.4771940049903 4.5701640433529 -0.13616368327640727 -0.23712943338524914 57.71355483515707 -1.2458027087671666
Car 0 0 0 320.6641597585387 427.0693834479175 452.8854535881212 475.8707529621359 1.6163605120781 1.5495520948099 4.7006566407001 -9.082867595122963 0.3666310808414784 41.76619764354748 -0.6500073108915666
Cyclist 0 1 0 251.43075882257403 423.2638274813452 285.95661618730765 457.148579329164 1.6726957684075 0.90072141944012 2.0957259822757 -18.70753951350848 -0.3072686242737815 57.09885536624128 1.7195177319988897
Car 0 1 0 487.5615629324661 425.04315381135314 516.0357178662424 453.9854054482988 1.5163943086937 1.532582197363 4.3891261381794 -7.474550760939765 -0.5944254479029135 65.23166769717038 1.5165241571068035
Cyclist 0 0 0 114.3951441470441 429.58023655338695 190.78818382363767 494.567555012338 1.5001844187458 0.56933030011995 1.6211700691881 -11.608113084196775 0.7338392931825259 26.763755597531716 -0.6547153310232666
Car 0 1 0 422.5187075135881 425.6316759811676 453.5992186995983 453.9631235468681 1.4832958407679 1.6237740442564 4.1774664810323 -11.205000174529118 -0.5895442808034481 65.0193335362403 1.4724913659845034
Cyclist 0 1 0 1369.7033883736085 432.5777553741962 1427.722765430315 473.7634293107328 1.4860452348945 0.61667204788539 1.736409992452 28.70450961859742 0.3967697180122437 40.480988623401586 -0.05005498613249659
Car 0 1 0 370.4148115886112 424.2188924493156 403.6869424111644 453.64051895639074 1.5411400581933 1.6093539231132 4.018914956959 -14.071849461076035 -0.5986432955060763 64.32482621564704 1.4573053831644036
Pedestrian 0 1 0 292.0624595878917 424.890636947124 308.4839757476887 459.0112384747945 1.6411764705882 0.79347714579462 0.62030078356866 -16.181739810099188 -0.17057129361219267 54.20368965328993 3.0605060492572895
Pedestrian 0 2 0 338.5725947326595 424.1150118237237 357.98020482215554 457.9276502538426 1.6411764705882 0.8079789718305 0.81237869482588 -13.964389099008827 -0.2281692577721413 54.896784053807224 3.0600198088158894
Pedestrian 0 2 0 333.2549044448515 424.6517725233872 349.9186918071565 459.0096675734599 1.6411764705882 0.79347714579462 0.65953298322884 -14.052888106587085 -0.17066366706729638 53.94764801066369 3.0605060492572895
Pedestrian 0 2 0 508.2308741400852 425.340068425748 522.883034004125 459.4438183874735 1.6804086702484 0.66023649298757 0.66623661468891 -5.698618865922344 -0.1507745066305628 55.72097019444239 -3.137881844286997
