Cyclist 0 0 0 802.8376444510637 428.36350232964486 833.7026337417898 466.65967361929626 1.4524567474049 0.64947481605148 1.8044566773315 7.6404323086949795 0.1218410335069316 44.64413667357034 -1.0198425707338166
Car 0 0 0 640.9365946351934 425.8371117187583 677.7849647296318 461.1148667309329 1.7463551243616 1.8377211371806 4.3306247596259 1.690502595670868 -0.18285024291953414 61.128062887971225 -1.4684849175578225
Car 0 0 0 423.0947257022655 424.8620911737015 537.1682328398298 469.626982884103 1.6195400229961 1.7740544729298 4.5701640433529 -6.063259059285758 0.1562345428554477 45.66043122137009 -0.7926702061354466
Pedestrian 0 1 0 400.8210920796368 423.4943679620525 417.9674805296811 457.1545941534159 1.6411764705882 0.79705712243638 0.70423222095356 -10.950750519119488 -0.26590568240787216 55.1620151825016 3.1297668353499897
Pedestrian 0 0 0 389.4958467631053 423.9966970435439 406.0680975714382 458.12811645668 1.6411764705882 0.76643026461386 0.65953298322884 -11.361311138461256 -0.21363300194923923 54.3391916174337 3.1297668353499897
Pedestrian 0 0 0 335.8849939331652 424.4354686149543 353.9406122061562 458.37976567929127 1.6411764705882 0.66023649298757 0.71838128271911 -14.007137089834337 -0.1983555152581618 54.40432574793267 3.1297668353499897
Car 0 0 0 -120.14598419200364 427.3482776825769 53.55720301206805 482.98248959611215 1.5694631397798 1.5495520948099 4.540406983164 -20.776224517789043 0.537575432211418 34.22344027985806 -0.3337383578045965
Cyclist 0 1 0 290.3696777177776 423.2538699797348 311.57501127765283 454.2233775898188 1.73083860139 0.83467844631473 1.8691533052748 -19.186458649997405 -0.5048965555303511 64.3601250318962 1.5017823661987033
Cyclist 0 0 0 1137.2351643674492 430.0289243222049 1186.6755375309997 488.44601458746286 1.8412832266904 0.61667204788539 1.736409992452 17.62198265059995 0.8033055479887776 36.10292442590063 -0.5038140738589967
Car 0 1 0 367.7665547429544 421.39419314939937 406.0704181385174 451.7411374191378 1.6073412643441 1.6585886911901 4.2062126202902 -14.157801314307743 -0.713448977991706 64.70683921997639 1.5165241571068035
Car 0 2 0 422.8888237697455 425.5519684420064 455.28853579309066 454.7799237557721 1.5303581617489 1.5167276476834 4.1976892792911 -11.109140922021266 -0.5410962835677326 64.82568911356447 1.5165241571068035
Car 0 2 0 486.3920915704286 425.8219562066533 515.3997788410079 454.4613980574518 1.499955157022 1.5623288628838 4.2038980726267 -7.514293731211402 -0.5618809796789228 65.1102684688016 1.5165241571068035
Cyclist 0 0 0 1252.402444004103 439.2529532641673 1304.0698411821193 481.23539215545617 1.4223670509745 0.60764049102281 1.6477883138591 23.064557741020824 0.6300854263982869 38.62873104453475 -0.24099214511639655
Cyclist 0 0 0 1254.3184302700097 437.3203643859243 1308.3930703146257 480.4963523499098 1.4670152377712 0.63318595331973 1.8519277710894 23.371201787633275 0.6017837768423949 38.950063059380156 -0.3145640067105966
Pedestrian 0 2 0 558.6520865137779 424.73878941253537 572.5338829130684 458.5972291663384 1.6804086702484 0.66023649298757 0.66623661468891 -3.20959795036979 -0.19506704719253043 56.159108409408766 -3.137881844286997
