Cyclist 0 0 0 790.0707713447699 438.4941690059939 860.2697430297873 502.5645190945343 1.5854079699899 0.64947481605148 1.7251149962752 5.17066049084687 0.9942118110873486 29.007158313904945 -0.33954620994979656
Cyclist 0 0 0 525.6183234359769 432.6031253601072 600.7944046609493 494.0368113829047 1.6366170570169 0.64947481605148 2.0892887998425 -1.8218019831102255 0.8310800184435978 31.626730265675576 -0.5768118328358766
Cyclist 0 2 0 772.0073420439786 433.3555359294936 842.6758620425909 491.7806113417861 1.6348769072192 0.70804287109161 1.9489836025311 5.283900587923524 0.8135210667042803 32.672621720990946 -0.2752392681622966
Cyclist 0 0 0 932.9968145058232 433.6879743045412 998.1075280096612 489.1089076260152 1.6248252361772 0.63318595331973 1.9626032550694 10.42241114942884 0.7717628975833953 34.072561766193466 -0.3387963010349966
Car 0 1 0 443.6772402340412 422.0583141612992 549.8973770166568 469.7665847236255 1.7463551243616 1.8377211371806 4.0878970327015 -5.342396822463943 0.17029978241420596 45.298090918391225 -0.7969127548126366
Car 0 2 0 8.76707598431392 423.4508403524152 95.78670295089296 471.55265339517257 1.7629811242937 1.6764564666831 2.5755130468786 -22.76986659653933 0.2802281306432714 42.98198066998432 2.1271421083052893
Car 0 0 0 188.62223310088496 408.6286362428891 287.04895478814603 463.7636887789951 2.3456395585286 2.0943526515554 6.1526765797991 -18.203576357487258 -0.10569042633922315 51.48102321283108 1.6731005187890897
Car 0 2 0 368.0908619331504 421.347387664831 406.3029331166474 451.6310660224409 1.6073412643441 1.6585886911901 4.2062126202902 -14.169025864374724 -0.7208544384412244 64.8318042467458 1.5165241571068035
Car 0 2 0 419.9769647824948 422.2679264203612 452.5939566712474 451.3101016718293 1.5303581617489 1.5167276476834 4.1976892792911 -11.260968917331438 -0.7370328120634031 64.74997808967751 1.5165241571068035
Car 0 0 0 -65.20600132684115 430.58554254639057 97.76665527063528 483.12652611433714 1.4829782398471 1.5975643976627 4.5701640433529 -19.6272841397751 0.5415416431725403 35.02103386875749 -0.42902654269219664
Pedestrian 0 2 0 621.6673994189547 423.8445089530208 633.0248635970818 456.62831004358446 1.6411764705882 0.65657511114464 0.5389846235252 -0.09298543069297854 -0.29680075115514704 56.63992345837745 3.1297668353499897
Pedestrian 0 0 0 409.01757590480673 424.0843812778948 425.6860481439463 458.0854785984684 1.6510665891204 0.71818294054327 0.65697388494748 -10.4821381618102 -0.21525816500736977 54.803909626474535 -3.0948583630042963
Car 0 2 0 488.9754634763882 425.2131108644013 517.8458297657774 453.84251060255326 1.499955157022 1.5623288628838 4.2038980726267 -7.35904439855222 -0.5965922899885808 65.0463506887275 1.5165241571068035
