Cyclist 0 0 0 601.4687323790879 438.2133577250925 686.3534724660004 510.661772056686 1.6129144267302 0.64947481605148 1.8893918969075 0.4034276969575039 1.0777509351454322 26.27344661761834 -0.33954620994979656
Cyclist 0 0 0 337.1959263315922 431.7780247228756 417.1003913555173 501.5148595890231 1.6577438318983 0.64947481605148 1.8478413727006 -6.314438851831835 0.9229454660377494 27.965259746555276 -0.5768118328358766
Cyclist 0 0 0 491.7161519155376 432.5970430471341 573.5648004217293 495.8596020232216 1.6194558212838 0.70804287109161 2.0906427698957 -2.578042269954746 0.8478917470227458 30.25952216523963 -0.4229039078236967
Cyclist 0 1 0 676.7843245025505 439.3197401202786 750.985152663393 496.27454643949847 1.4670152377712 0.69359246311031 1.9165643667774 2.370413989219047 0.8725504177277741 30.488085556041888 -0.33957152681989666
Car 0 1 0 283.882596664278 421.7311617606434 408.38675671451006 470.4694089672078 1.6001727611767 1.7750715529586 4.0878970327015 -10.354480636344702 0.17505804832051242 40.58708038495207 -0.6205812267586566
Car 0 2 0 128.59394943321416 420.8688683750488 206.9882489239633 465.1250635503192 1.8085644158368 1.7270773561253 2.9267333503361 -20.224690756557262 0.041606409238355485 48.06326235904209 1.9044784976189897
Car 0 2 0 249.57458227594248 409.214634444966 319.7987113846816 459.3542884917408 2.3760590131368 2.1190566028909 5.7011931168131 -17.7189206104392 -0.30644788995755556 56.9145528651904 1.5524124524956036
Car 0 2 0 368.2848309640208 421.31938797546974 406.44202900169046 451.56523228799 1.6073412643441 1.6585886911901 4.2062126202902 -14.175760594414896 -0.7252977147108984 64.90678326280685 1.5165241571068035
Pedestrian 0 2 0 491.7448974288852 423.5081826597291 504.6394492624337 457.4864403702913 1.6411764705882 0.62761317342836 0.5653355729735 -6.431135517545674 -0.2423852915517328 54.53046584008306 3.1297668353499897
Pedestrian 0 2 0 498.71968136486487 422.90862104121874 514.1642020107215 456.3754988673551 1.6411764705882 0.74525350564883 0.7023288606867 -6.138689649969659 -0.3058449891884234 55.554306932129926 3.1297668353499897
Car 0 2 0 420.37395968981446 422.1810496771027 452.8567424215453 451.1140164820493 1.5303581617489 1.5167276476834 4.1976892792911 -11.28113216629745 -0.7503356297137966 64.97445933228528 1.5165241571068035
Car 0 2 0 488.87405782607095 425.2778303070897 517.8155435757479 453.97990624625226 1.499955157022 1.5623288628838 4.2038980726267 -7.345582350295517 -0.5877106274419844 64.8964751738343 1.5165241571068035
Pedestrian 0 0 0 435.4123573781421 423.87744567653993 451.74212886641976 457.91584635316025 1.6510665891204 0.71818294054327 0.65697388494748 -9.172605465731953 -0.22381021894057335 54.78820588498246 -3.0948583630042963
Pedestrian 0 2 0 644.1054256658883 424.2821832732167 656.8612824954663 460.8683906275813 1.8316324811006 0.53107338104082 0.60371152057102 1.083439069487647 -0.07860636713803665 56.43699820174023 3.1297668353499897
