Car 0 0 0 628.5878925705185 423.7906591146273 662.3421195417881 453.96145536005486 1.6116678828724 1.6687229779448 4.2697281204251 0.9818647986133815 -0.5937008649279032 65.73290803224022 -1.4470475878642266
Car 0 1 0 369.376599009676 424.2304998631944 402.7165444929237 453.65576707182805 1.5411400581933 1.6093539231132 4.018914956959 -14.128918820297436 -0.5977199651840996 64.31631980481241 1.4573053831644036
Car 0 0 0 465.7879954284087 427.8216244438356 575.7774310092425 472.14794572680455 1.6163605120781 1.7854587373872 4.7006566407001 -4.467132500419171 0.25585032023006343 46.562568808831834 -0.8513390523864466
Cyclist 0 0 0 320.2341280696696 428.3598017855838 385.2272351916224 490.81106905861935 1.6183426413098 0.56933030011995 1.6211700691881 -7.498724085912863 0.7240044594215606 30.17862580312346 -0.6547153310232666
Pedestrian 0 1 0 265.37430928985606 423.7761448300956 285.0526190077413 457.9654267083157 1.6411764705882 0.79347714579462 0.75761348237929 -17.390195563063976 -0.22194203807166354 54.05930407861922 3.0605060492572895
Pedestrian 0 1 0 312.7271563403983 424.6337155784501 329.1455199045582 458.5738082868109 1.6411764705882 0.68423870774771 0.65620160155939 -15.207821921019619 -0.18999616337674627 54.410075736522586 3.0605060492572895
Pedestrian 0 0 0 302.15743098051814 425.11165424425286 317.93477550912894 459.6263122085859 1.6411764705882 0.78231920689815 0.58951659922784 -15.5151075045849 -0.13880451490364062 53.59280010855371 3.0605060492572895
Cyclist 0 1 0 202.0358805849684 423.0486207252766 252.84895861256464 460.7926733534478 1.7626635171226 0.91071783596402 2.3211677537087 -19.848666381353297 -0.1290135929689795 54.26161622121382 2.12891488542809
Car 0 1 0 422.4719273938624 425.65297024567184 453.5783245185663 454.008095650923 1.4832958407679 1.6237740442564 4.1774664810323 -11.198356309919845 -0.5866327431628067 64.96993225130329 1.4724913659845034
Cyclist 0 0 0 837.7957998402233 427.8590380761659 854.8945866966693 455.12939837006286 1.5055290026205 0.685464373228 1.8044566773315 12.587301393166014 -0.4557632533421266 64.31553124109868 -1.5100329616690367
Pedestrian 0 2 0 486.7323367185574 424.72430838407473 501.2236925658749 460.1056251026772 1.7306212232884 0.66023649298757 0.66623661468891 -6.731590931857315 -0.11740605387847027 55.28899267702893 3.0990518000614897
