Cyclist 0 0 0 650.0558520971103 438.4342361808066 733.9344189893002 504.690429778975 1.5 0.72118958962385 1.8893918969075 1.569918647540626 0.958526885582881 26.85517491832087 -0.33954620994979656
Cyclist 0 0 0 392.165276628892 433.7703646104076 467.9766879066474 498.8326530365587 1.5870143209998 0.64947481605148 1.8200082772066 -5.119433808358037 0.8830401517018505 28.80301390447197 -0.5768118328358766
Cyclist 0 1 0 567.1119007124007 432.5824553699212 647.3402176218342 497.3731894599314 1.7129897469612 0.59543342190942 2.1311829800446 -0.5615320648409188 0.920171965149142 30.862803473766323 -0.27476493650279665
Cyclist 0 0 0 746.1164873018259 429.96866691629344 823.9282907698123 497.1601816414985 1.8090341562862 0.69359246311031 2.1196247391826 4.463094317045408 0.9238985169195508 31.481708152292175 -0.3387963010349966
Car 0 1 0 328.56215012851186 423.16660354489454 449.1441036457534 475.5523075691728 1.7711842837277 1.7750715529586 4.0878970327015 -9.006277784999465 0.36434193112407603 41.69556589997237 -0.6416694138726367
Car 0 0 0 101.6455623563811 422.0862746235062 183.05065028837836 466.5961486127666 1.7629811242937 1.6764564666831 2.8355105615524 -20.735378571538483 0.0990670721075815 46.626690991999155 1.9952693270943893
Car 0 0 0 234.64157604311544 406.92241317004624 313.33580715093166 460.9813474617131 2.5123456042863 2.0687611331061 6.0078381296866 -17.86846690607012 -0.23212654178970837 55.69173395464551 1.6015820878478895
Pedestrian 0 2 0 485.2604962493377 423.57749251321735 499.3206980523213 457.5973417048602 1.6411764705882 0.62761317342838 0.61814606354049 -6.714902769803026 -0.23692710144431103 54.47369627995661 3.1297668353499897
Pedestrian 0 2 0 488.8115723444516 423.0793635980233 504.9597070028436 456.59616292150525 1.6411764705882 0.67507711175252 0.73316911040124 -6.5978606803281465 -0.29216252918543106 55.381486699598284 3.1297668353499897
Car 0 2 0 488.992317451414 425.2023523821549 517.8508643630331 453.81967491419294 1.499955157022 1.5623288628838 4.2038980726267 -7.361288073261688 -0.5980725670796504 65.0713299412092 1.5165241571068035
Car 0 2 0 419.9769647824948 422.2679264203612 452.5939566712474 451.3101016718293 1.5303581617489 1.5167276476834 4.1976892792911 -11.260968917331438 -0.7370328120634031 64.74997808967751 1.5165241571068035
Car 0 2 0 368.0908619331504 421.347387664831 406.3029331166474 451.6310660224409 1.6073412643441 1.6585886911901 4.2062126202902 -14.169025864374724 -0.7208544384412244 64.8318042467458 1.5165241571068035
Pedestrian 0 0 0 427.4490763683055 423.93948823767954 443.88156591863833 457.9669807941745 1.6510665891204 0.71818294054327 0.65697388494748 -9.567254861327724 -0.221232915658306 54.79293846791608 -3.0948583630042963
Pedestrian 0 2 0 638.2443404193197 424.2964941699453 650.9470955073791 460.8490979713652 1.8316324811006 0.53107338104082 0.60371152057102 0.7851395555382973 -0.07954507669837124 56.48875968086484 3.1297668353499897
