Cyclist 0 0 0 960.965721466604 433.2590673927097 1017.033303920291 491.49652716249017 1.5857437405603 0.66666146358141 1.7782511970894 10.473149073591513 0.777292345669843 31.951478506183825 -0.6254782122305166
Cyclist 0 0 0 683.6456880695861 433.5215925659 737.6823589106535 485.3346119387237 1.5970504795246 0.64947481605148 1.8044566773315 2.710687256876313 0.6921999003157822 36.37433088038787 -0.6462408253939766
Car 0 0 0 562.4810314097615 421.847920703617 643.2181962498433 467.17115756244897 1.8671642333335 1.5587560117307 4.3306247596259 -1.1371389932132168 0.08632396179672816 50.77078432773687 -0.9826521450836966
Car 0 1 0 60.76773039537295 403.3366165407565 206.2813300868945 469.6294487429932 2.493948299169 2.006814823595 5.7772631769277 -20.266026124258847 0.11599574274154709 45.03044052551738 1.9773153404569896
Car 0 2 0 367.7665547429544 421.39419314939937 406.0704181385174 451.7411374191378 1.6073412643441 1.6585886911901 4.2062126202902 -14.157801314307743 -0.713448977991706 64.70683921997639 1.5165241571068035
Car 0 0 0 182.7633361280641 426.90258718621817 324.9493798205911 477.5668805746077 1.5816403580867 1.650908675993 4.5701640433529 -13.249799980807705 0.4056719060489343 38.95272783436493 -0.5211467495645965
Pedestrian 0 1 0 434.8973805035688 423.29408395846673 452.0679256779414 457.06945904358713 1.6411764705882 0.76696240300677 0.73219127835987 -9.21343228871095 -0.26900596104962615 55.003553598588624 3.1297668353499897
Pedestrian 0 0 0 429.886818055767 423.70142869531713 444.9677608290843 457.7855307096104 1.6411764705882 0.66023649298757 0.62845282243833 -9.399809199870084 -0.22760712986079007 54.33510348025738 3.1297668353499897
Pedestrian 0 1 0 375.4332263535647 424.01075274469576 389.9368143619471 457.8243191769053 1.6411764705882 0.66076863138049 0.56956535811967 -12.180238674630019 -0.22611474879238674 54.646615741127995 3.1297668353499897
Cyclist 0 0 0 1043.7563335180844 435.0565291896492 1098.7128213614974 487.3855090959125 1.6193183273472 0.60764049102281 1.6477883138591 14.312691411878305 0.7648889783584147 35.48199139947259 -0.2752392681622966
Cyclist 0 0 0 1152.8036623591163 436.28030812130527 1205.3242859234124 484.8839292616855 1.5809891255088 0.63318595331973 1.6969820935173 18.79312906225528 0.7209384401369328 37.28429466632098 -0.3345120101133967
Car 0 2 0 486.32051036349833 425.86593430507 515.3759872151155 454.5538062143623 1.499955157022 1.5623288628838 4.2038980726267 -7.505319032373667 -0.5559598713145246 65.01035145887283 1.5165241571068035
Car 0 2 0 420.1758218920165 423.43944208084713 452.7304573389097 452.5114018782783 1.5303581617489 1.5167276476834 4.1976892792911 -11.269400938809675 -0.6699118507163339 64.85412305197832 1.5165241571068035
