Cyclist 0 0 0 909.9713335311188 429.5551381164008 976.1201133319754 496.6082509610179 1.7979527732467 0.61667204788539 1.7782511970894 8.841222754272447 0.9057892692073704 30.975453579945686 -0.33954620994979656
Cyclist 0 0 0 635.3709144796773 432.1247343057965 696.3868463219155 487.4361902929126 1.6278803824636 0.64947481605148 1.8819486818795 1.1924093898831354 0.7222216327464516 34.70486092191857 -0.5768118328358766
Cyclist 0 0 0 966.7612195487544 431.13126349409976 1025.5343074438565 488.7672043412006 1.7374890931708 0.60764049102281 1.6893228594928 11.514258194517486 0.785539426838437 34.487901483071994 -0.20947421738159666
Car 0 1 0 527.2422996714431 419.71681418919263 617.4229639361336 470.6043350162119 2.0395177344489 1.8377211371806 4.0878970327015 -2.43806637861255 0.22628945888722446 48.91448673941832 -0.9335538578928366
Car 0 1 0 114.3396139757894 407.3180580275305 241.2822994023352 462.84746820049554 2.1752790809564 1.9663952782618 5.5798824609394 -19.327011843941836 -0.13744493152425463 47.22331034763356 1.9239876855033895
Car 0 2 0 367.7665547429544 421.39419314939937 406.0704181385174 451.7411374191378 1.6073412643441 1.6585886911901 4.2062126202902 -14.157801314307743 -0.713448977991706 64.70683921997639 1.5165241571068035
Car 0 0 0 110.83321256328804 427.20961942460536 258.1248030547147 476.5261856803702 1.4829782398471 1.5975643976627 4.5701640433529 -15.196035790226633 0.35837629465513116 37.5421396940806 -0.49825434803059654
Pedestrian 0 1 0 451.4505327884896 422.9714956734227 466.4457542456886 456.5301071770187 1.6411764705882 0.82007067732436 0.63549797319191 -8.505470364290211 -0.29875113705184575 55.41437892121911 3.1297668353499897
Pedestrian 0 0 0 439.427368953064 423.5657071359027 454.3518196155637 457.5824764880331 1.6411764705882 0.66023649298757 0.62845282243833 -8.952940555633452 -0.23808575183826758 54.45593597803142 3.1297668353499897
Car 0 2 0 420.1758218920165 423.43944208084713 452.7304573389097 452.5114018782783 1.5303581617489 1.5167276476834 4.1976892792911 -11.269400938809675 -0.6699118507163339 64.85412305197832 1.5165241571068035
Cyclist 0 0 0 1089.5742080108878 434.9161629036695 1147.0964882805151 486.25285899602943 1.6173602628146 0.63318595331973 1.8519277710894 16.22561649493728 0.7397706797725091 36.276176342444415 -0.3387963010349966
Car 0 2 0 486.32051036349833 425.86593430507 515.3759872151155 454.5538062143623 1.499955157022 1.5623288628838 4.2038980726267 -7.505319032373667 -0.5559598713145246 65.01035145887283 1.5165241571068035
Pedestrian 0 0 0 385.149763249234 423.8975248632418 400.44410555602 457.65299490371854 1.6411764705882 0.61610596129274 0.62343725210539 -11.69092786322075 -0.23392598135410042 54.71779064248718 3.1297668353499897
Pedestrian 0 2 0 603.0958876466 423.7285324707716 615.5979470703094 458.607293860374 1.7392569697386 0.66023649298757 0.60253446157215 -1.005374562639218 -0.19584931936844507 56.397483747345866 3.1297668353499897
