Cyclist 0 0 0 844.3447742429579 431.2055758802573 859.3256261441275 465.0756552316457 1.5055290026205 0.64947481605148 1.8044566773315 10.48212768713289 0.08074985200592419 52.09174384248891 -1.3173367463502366
Car 0 0 0 650.9832210355542 424.90400140431575 681.9429157213607 454.6722971272764 1.7463551243616 1.9365649536121 4.3306247596259 2.383391941271556 -0.5996141597721796 72.02063461796823 -1.5085317067041686
Car 0 0 0 547.2118152800746 428.90038423283846 626.1010866664542 466.6575986112008 1.5560275416736 1.7740544729298 4.5701640433529 -1.9439222858091396 0.06134609892812354 52.57397717219812 -1.0850316239272066
Pedestrian 0 1 0 359.0534772995488 423.9239097304505 379.1586206966226 457.7672251880757 1.6411764705882 0.8079789718305 0.86316953027109 -12.920048351085168 -0.23666493735467237 54.91222663173006 3.0600198088158894
Pedestrian 0 0 0 355.5784781604016 424.3602521184854 371.8296993322209 458.6136910773882 1.6411764705882 0.79347714579462 0.65953298322884 -13.009439418980424 -0.19074277706897255 54.15654124672944 3.0605060492572895
Car 0 1 0 370.9503118426248 424.07321402191263 404.0121114039477 453.31875942099066 1.5411400581933 1.6093539231132 4.018914956959 -14.125203752650647 -0.6195659219807277 64.68050810933119 1.4573053831644036
Car 0 0 0 167.40311889633637 428.627147996454 310.6996582775555 479.8040391668469 1.5694631397798 1.5495520948099 4.540406983164 -13.553612048032717 0.4748855311456792 38.31323585880462 -0.5272777365359966
Car 0 1 0 421.185716920921 425.72967763620153 451.5001710494615 454.1371713071407 1.4832958407679 1.5675652507478 4.1774664810323 -11.274592460757116 -0.5779377635864509 64.83402588401573 1.4724913659845034
Cyclist 0 1 0 267.6890681759661 424.2307456163958 299.6982039777473 454.34654875168303 1.5521107266436 0.77076800462942 2.0957259822757 -18.775593459726625 -0.4694616591582761 59.81430519319297 1.78122512375929
Cyclist 0 0 0 1261.123510573061 430.20904228382136 1307.7708315033285 473.6623401730502 1.4860452348945 0.61667204788539 1.736409992452 23.57512766035425 0.35911279759636394 39.09749161609931 -0.44820273780429654
Car 0 1 0 487.6159813446996 425.00981855094784 516.0535050058351 453.9138728969485 1.5163943086937 1.532582197363 4.3891261381794 -7.481578360902456 -0.5990619467618695 65.30990728915465 1.5165241571068035
Pedestrian 0 0 0 306.97828874378746 424.775645061093 324.2557269823458 458.76982830409264 1.6411764705882 0.66023649298757 0.65953298322884 -15.425454302002036 -0.17816918985991634 54.23900070250469 3.1297668353499897
Pedestrian 0 2 0 530.9248612530884 425.10432292544 545.249372087909 459.14342834161175 1.6804086702484 0.66023649298757 0.66623661468891 -4.57593478759568 -0.166403704162281 55.846001325679275 -3.137881844286997
