Cyclist 0 0 0 532.1009843032097 433.9855656932854 620.7187946221915 512.4835669176922 1.688939202504 0.64947481605148 1.8893918969075 -1.1432073649915864 1.0767629068366416 25.29378247447687 -0.33954620994979656
Cyclist 0 0 0 269.7614649854299 433.664460642129 345.59596632063443 502.17742840701175 1.5769860130045 0.64947481605148 1.6497001667913 -7.806924668712126 0.912661817834711 26.967086042017765 -0.5768118328358766
Cyclist 0 0 0 398.577361672198 432.6459441146093 469.7411764241888 496.473954484608 1.5873370788414 0.81681211616613 1.6497001667913 -5.113064380847951 0.8388358377475268 29.344632448660693 -0.5768118433725866
Cyclist 0 1 0 580.756813988247 431.2809006279569 668.4020655717593 502.4571329422939 1.7742348409082 0.69359246311031 2.1944255878738 -0.06871141412072995 0.9909863871856688 29.31106448405844 -0.33957152681989666
Car 0 1 0 221.47680069144175 423.2159435976384 349.1295557499617 472.685977560724 1.5705882352941 1.6764564666831 4.0878970327015 -12.153275112943382 0.25164175742245054 39.031741935322536 -0.4932137721149965
Car 0 2 0 158.13220134255948 417.23964826705605 231.2893682473577 461.8003853689662 1.8955825444318 1.6764564666831 2.9235874968724 -19.67366432894958 -0.09915425555549784 49.72089881753715 1.8816549093125898
Car 0 2 0 264.1711993042356 410.5868052854855 324.621445257575 456.7445495481964 2.2809326683921 1.9463074538233 5.0000163553783 -17.838407520732336 -0.4242866753597482 58.895936963293465 1.5524124523431033
Car 0 2 0 368.097692631544 421.67484387312766 406.3029331166474 451.6310660224418 1.5875170456044 1.6585886911901 4.2062126202902 -14.169025864374724 -0.7208544384411748 64.83180424674582 1.5165241571068035
Pedestrian 0 2 0 501.6835568102972 423.9083213165385 514.074438161598 457.9428607373329 1.6411764705882 0.53107338104082 0.55056820886921 -5.9314466095205765 -0.21666567483403998 54.32768778507266 3.1297668353499897
Pedestrian 0 2 0 508.088633436008 423.0117058332237 520.3406004804125 456.5507843742071 1.6411764705882 0.65657511114463 0.55056820886921 -5.720993698246317 -0.2927302699922738 55.28486525885374 3.1297668353499897
Car 0 2 0 489.374995544065 425.168566880717 518.0211150154649 453.74739063669824 1.499955157022 1.5529358899191 4.2038980726267 -7.353986307645202 -0.602690011007612 65.14751767905639 1.5165241571068035
Car 0 2 0 420.3607167418271 422.2164769812504 453.0446391485508 451.1990976613986 1.5303581617489 1.5259016141569 4.1976892792911 -11.25846512099437 -0.7445957610688707 64.8759107269926 1.5165241571068035
Car 1 0 0 -138.13187333084704 421.5777009693064 27.60812564447292 475.32217865787794 1.7185108647073 1.716892016441 4.9259873854024 -24.744367393028316 0.3196085743576227 39.28068201514157 2.4462235616388894
Pedestrian 0 2 0 651.3930640761865 424.1479192081426 664.4824449952127 459.0801838737733 1.7538907798436 0.53107338104082 0.62072384482069 1.4662552455977567 -0.16974615946818003 56.62665199204405 3.1297668353499897
Pedestrian 0 0 0 438.6944318424728 423.8922429560557 457.2440436125014 458.105051839245 1.6510665891204 0.78725302938842 0.75564544044054 -8.927720414678536 -0.21626235581987735 54.63259188114642 -3.0948583630042963
