Cyclist 0 0 0 843.1457177449714 432.583695907775 858.0138634335252 466.3058304826878 1.5055290026205 0.64947481605148 1.8044566773315 10.481858791703777 0.13875936278959694 52.39014352600698 -1.3190890457058666
Car 0 0 0 650.3722607420939 424.1452715899542 680.8574678909275 453.91534437228967 1.7683204169019 1.925582307342 4.3306247596259 2.366673627801087 -0.6520121504730939 72.71360065316621 -1.5015831480193687
Car 0 0 0 552.2244427692688 428.0876424619169 629.9456146657218 465.3228347321249 1.5560275416736 1.7740544729298 4.5701640433529 -1.7567247143860496 0.0027706388649402502 53.174456622437305 -1.0850316239272066
Pedestrian 0 1 0 358.10104490925727 423.91643977171935 375.7876593077389 457.67469271033264 1.6411764705882 0.8079789718305 0.74372234542057 -13.049232737722042 -0.24073167414908353 54.99573668014947 3.0600198088158894
Pedestrian 0 0 0 353.9709834633513 424.37817616601706 370.2500658593942 458.63523329536577 1.6411764705882 0.79347714579462 0.65953298322884 -13.086301066924259 -0.1896508383934031 54.14761533670198 3.0605060492572895
Pedestrian 0 1 0 303.8384036143401 424.8063814453709 321.1564140747901 458.8003039538039 1.6411764705882 0.66023649298757 0.65953298322884 -15.579281790056704 -0.17662553961242997 54.2318477235857 3.1297668353499897
Car 0 1 0 370.879262412182 424.0925481235694 403.9689550362436 453.3614499904474 1.5411400581933 1.6093539231132 4.018914956959 -14.118089847107507 -0.6167762384507929 64.6330838568403 1.4573053831644036
Car 0 0 0 184.2821435674928 428.7855097595224 326.26077250145016 479.60675245363296 1.5694631397798 1.5495520948099 4.540406983164 -13.079017806139658 0.47235142086136217 38.61270114334904 -0.5272777365359966
Car 0 1 0 422.44850976550606 425.66362914178745 453.5678659221889 454.0306081966075 1.4832958407679 1.6237740442564 4.1774664810323 -11.19503437761531 -0.5851769743424851 64.94523160883477 1.4724913659845034
Car 0 1 0 487.65218534254274 424.9876379612133 516.0653402731443 453.8662829645639 1.5163943086937 1.532582197363 4.3891261381794 -7.486263427544265 -0.6021529460011336 65.36206701714349 1.5165241571068035
Cyclist 0 1 0 267.63388235060705 422.0452071920125 299.6982039777473 454.346548751684 1.6726957684075 0.77076800462942 2.0957259822757 -18.775593459726625 -0.4694616591582264 59.81430519319297 1.78122512375929
Pedestrian 0 2 0 530.1895091227304 424.972314448313 544.4552242497323 458.84548100825634 1.6804086702484 0.66023649298757 0.66623661468891 -4.637189440465326 -0.1820698031181227 56.11490076194365 -3.137881844286997
