Cyclist 0 0 0 849.0244785604366 430.7472982935374 863.2294187866507 461.8073706183974 1.5055290026205 0.64947481605148 1.8044566773315 11.601555449310034 -0.07072457242854951 56.65393628402667 -1.3690095482877265
Car 0 0 0 648.7678814438987 423.35123732584856 675.7049053778395 450.5425502100109 1.7463551243616 1.8377211371806 4.3306247596259 2.297676803070351 -0.9250167795076555 78.3806462505466 -1.5079551480206725
Car 0 0 0 593.821847451555 428.0225729325851 647.7319113933668 460.9490290871019 1.4820231181442 1.4771940049903 4.5701640433529 -0.3822271319537344 -0.1971287848363301 57.07566408660921 -1.2458027087671666
Car 0 1 0 370.4148115886112 424.2188924493156 403.6869424111644 453.64051895639074 1.5411400581933 1.6093539231132 4.018914956959 -14.071849461076035 -0.5986432955060763 64.32482621564704 1.4573053831644036
Car 0 0 0 293.9458969666879 427.9167122500198 430.7117592966744 477.5845074228653 1.6163605120781 1.5495520948099 4.7006566407001 -9.813853871979084 0.42436230716532 40.88961605558108 -0.5690159522302864
Car 0 1 0 422.5187075135881 425.6316759811676 453.5992186995983 453.9631235468681 1.4832958407679 1.6237740442564 4.1774664810323 -11.205000174529118 -0.5895442808034481 65.0193335362403 1.4724913659845034
Cyclist 0 1 0 254.86561561545184 421.0122979239581 286.8006500534257 456.7135620517435 1.7826563501704 0.77076800462942 2.0957259822757 -18.72667928287648 -0.33138495740449847 57.50370459831335 1.7195177319988897
Cyclist 0 0 0 57.41390585137083 431.23190947289646 130.12089204009118 498.0141215074958 1.5001844187458 0.56933030011995 1.4777228879786 -12.640606264344441 0.7965869536336072 25.841342434892717 -0.5667741758181666
Pedestrian 0 1 0 291.9874747412155 424.8914333079425 309.215434746453 459.03366820033455 1.6411764705882 0.79347714579462 0.65953298322884 -16.159981580377895 -0.16969930833123356 54.18650240123513 3.0605060492572895
Car 0 1 0 487.5615629324661 425.04315381135314 516.0357178662424 453.9854054482988 1.5163943086937 1.532582197363 4.3891261381794 -7.474550760939765 -0.5944254479029135 65.23166769717038 1.5165241571068035
Pedestrian 0 2 0 513.3093865917718 425.3439107033246 527.9171520834889 459.5018879634971 1.6804086702484 0.66023649298757 0.66623661468891 -5.436001884868895 -0.14775752772738415 55.638837120031624 -3.137881844286997
Pedestrian 0 2 0 335.3056623551384 424.6717556149539 351.96094834154707 459.0822444482589 1.6411764705882 0.79347714579462 0.65953298322884 -13.93159114950406 -0.16696203355612002 53.87118636818711 3.0605060492572895
Pedestrian 0 2 0 349.3358382174169 424.1143914778366 368.6424748069833 458.0622105962012 1.6411764705882 0.8079789718305 0.81237869482588 -13.377913140561335 -0.22093867491323854 54.70513459203213 3.0600198088158894
