Cyclist 0 0 0 734.6683945951238 429.2472951451137 785.7517041917934 471.675875401151 1.4029411764706 0.64947481605148 1.8044566773315 4.62624290374933 0.27842660370852984 38.901521809299304 -0.5768118328358766
Car 0 0 0 599.0683151273267 422.4287318640567 665.4620381224993 464.198631015016 1.8232336482528 1.8377211371806 4.3306247596259 0.20931817174405418 -0.03999612756687765 53.79801271464597 -1.1874615046748964
Car 0 0 0 -23.58494348657973 407.9285524521695 145.72478624456176 473.1867775209706 2.2904409140585 2.128075906169 5.6755087213164 -21.98053284233395 0.23127556240245728 42.40911916598697 2.14085057869039
Car 0 1 0 367.8315190123541 421.3848180825789 406.1169901631125 451.71908819256623 1.6073412643441 1.6585886911901 4.2062126202902 -14.160046224321134 -0.7149300700815974 64.73183222533008 1.5165241571068035
Car 0 0 0 276.95656479941056 427.1179236034602 412.20423724607406 473.0434111569958 1.4829782398471 1.8394207393417 4.5701640433529 -10.543133374604695 0.254352842880049 41.14891004303715 -0.6741968187024666
Pedestrian 0 1 0 423.48290272189627 423.33774866866025 440.1480989664461 456.9937880542491 1.6411764705882 0.73913324700384 0.70423222095356 -9.819980632158599 -0.2723253289700379 55.132348414725385 3.1297668353499897
Pedestrian 0 0 0 416.40731916511646 423.8201072623028 432.2996842861979 457.91552249704654 1.6411764705882 0.66023649298757 0.65953298322884 -10.040011509476566 -0.22117741791206497 54.3052453130395 3.1297668353499897
Cyclist 0 0 0 1033.751847997542 431.5769766616166 1090.4546846699031 480.48115752731 1.3941176470588 0.61667204788539 1.736409992452 13.093181882699168 0.4958489385711947 33.1278141070646 -0.44820273780429654
Cyclist 0 0 0 1137.6689086822428 427.9083101331644 1190.6310022324528 472.06890887615447 1.4223670509745 0.60764049102281 1.6477883138591 17.995496469757278 0.2893099844026468 36.717046643732814 -0.2752392681622966
Cyclist 0 0 0 1242.5493771691315 429.8597817669539 1296.8696678716526 473.0695451663237 1.4670152377712 0.63318595331973 1.8519277710894 22.81800477550451 0.3377452219187615 38.73286215087393 -0.3145640067105966
Car 0 2 0 424.16587644214064 423.3431637699104 456.38885089896456 452.3343466823807 1.5303581617489 1.5167276476834 4.1976892792911 -11.073336368056726 -0.6814171873318974 65.0224391704145 1.5165241571068035
Car 0 2 0 488.20921646659576 425.8048332363311 517.097302253396 454.44007206487805 1.499955157022 1.5623288628838 4.2038980726267 -7.412001603179114 -0.5631683989737928 65.1193802104742 1.5165241571068035
Pedestrian 0 1 0 365.85573715565727 424.1018670302762 380.4854308267962 457.91693991959454 1.6411764705882 0.66076863138049 0.56956535811967 -12.6504932467217 -0.22139577043710507 54.62474890131254 3.1297668353499897
Pedestrian 0 2 0 582.2482053562517 424.27794800019535 595.8024463566072 457.2567435791127 1.6411764705882 0.66023649298757 0.66623661468891 -2.0356324780817223 -0.2638383461456463 56.34491078312339 3.1297668353499897
