Car 0 0 0 636.7600766103956 423.3070854400399 667.0346636042322 451.239657228952 1.6142630511829 1.8671434176389 4.2697281204251 1.4458901882169723 -0.8039793634828385 71.02094702227599 -1.5095656586330586
Car 0 1 0 369.376599009676 424.2304998631944 402.7165444929237 453.65576707182805 1.5411400581933 1.6093539231132 4.018914956959 -14.128918820297436 -0.5977199651840996 64.31631980481241 1.4573053831644036
Car 0 0 0 511.94819503268087 427.9184580439045 610.0640358671319 470.07323080163343 1.6163605120781 1.7854587373872 4.7006566407001 -2.926522879258327 0.18715794870592894 48.95317200782541 -0.9344151746405066
Cyclist 0 0 0 390.3862640332761 429.4214044145839 449.40200462618486 488.661401932908 1.6183426413098 0.56933030011995 1.6211700691881 -5.9860299315504 0.7036214626071137 31.955892574946482 -0.7599898150483766
Pedestrian 0 1 0 253.3516599734183 424.0365116933387 269.1352369545737 458.12601507450506 1.6411764705882 0.62674029723885 0.59087663382354 -18.038085031927448 -0.2077181132638196 53.90028034399623 3.0605060492572895
Pedestrian 0 1 0 301.8403350908274 424.7253222767192 318.40321926585256 458.64522123244393 1.6411764705882 0.68423870774771 0.65620160155939 -15.751572743052131 -0.18640517247242325 54.415929278677915 3.0605060492572895
Pedestrian 0 0 0 292.0780623088881 425.2266171322228 308.0269038102543 459.76188039380935 1.6411764705882 0.78231920689815 0.58951659922784 -15.992446127135256 -0.1320231809453781 53.53736698018313 3.0605060492572895
Cyclist 0 1 0 181.9924838672536 421.3462525678144 236.98782874288327 462.1276540785502 1.8736381970431 0.91071783596402 2.4876297735894 -20.391073317981643 -0.06882711039417694 53.3226538025201 2.12891488542809
Cyclist 0 0 0 830.9808684511713 426.25141501164205 850.2124732141667 452.150689307405 1.5055290026205 0.685464373228 1.8044566773315 12.880833915095353 -0.6572071905292544 67.64237968940414 -1.6272917627909036
Car 0 1 0 422.4719273938624 425.65297024567184 453.5783245185663 454.008095650923 1.4832958407679 1.6237740442564 4.1774664810323 -11.198356309919845 -0.5866327431628067 64.96993225130329 1.4724913659845034
Car 0 1 0 487.5615629324661 425.04315381135314 516.0357178662424 453.9854054482988 1.5163943086937 1.532582197363 4.3891261381794 -7.474550760939765 -0.5944254479029135 65.23166769717038 1.5165241571068035
Pedestrian 0 2 0 473.8279324035423 424.97451621991024 488.571324015854 460.5380412478097 1.7306212232884 0.66023649298757 0.66623661468891 -7.330992118894669 -0.09539602164451266 54.994141636976735 3.0990518000614897
