Cyclist 0 0 0 837.0430852596253 422.21855400737087 872.4112326358627 454.11212625020784 1.5055290026205 0.64947481605148 1.8044566773315 11.123808634387764 -0.4396629704636797 54.594977027139905 -0.5768118328358766
Car 0 0 0 645.5447851642037 414.5057146292941 680.5524671566806 442.1130075855808 1.7463551243616 1.8377211371806 4.3306247596259 2.2547017488494587 -1.463475485723423 75.98723376840047 -1.6369126670442375
Car 0 0 0 572.1397778116173 422.1140049067666 645.9130412764717 457.3781644917952 1.5560275416736 1.7740544729298 4.5701640433529 -0.9410400740177285 -0.3690846256781159 55.2049387987269 -1.0850316239272066
Pedestrian 0 2 0 350.5232057710741 424.1011541370625 369.8088404185768 458.0463083692816 1.6411764705882 0.8079789718305 0.81237869482588 -13.32057017513252 -0.22175501085614263 54.711822020271796 3.0600198088158894
Pedestrian 0 2 0 344.43787473873005 424.56927978891343 360.9346581650945 458.9596728100233 1.6411764705882 0.79347714579462 0.65953298322884 -13.496908934179308 -0.17313736722614523 53.921665826383546 3.0605060492572895
Car 0 2 0 370.879262412182 424.0925481235694 403.9689550362436 453.3614499904474 1.5411400581933 1.6093539231132 4.018914956959 -14.118089847107507 -0.6167762384507929 64.6330838568403 1.4573053831644036
Car 0 0 0 246.33088885577547 429.4788921164645 387.3635105834629 479.11807080744376 1.5694631397798 1.5495520948099 4.7006566407001 -11.240842208327384 0.4653233063390628 39.90540088050702 -0.5690159522302864
Car 0 0 0 422.44850976550606 425.66362914178745 453.5678659221889 454.0306081966075 1.4832958407679 1.6237740442564 4.1774664810323 -11.19503437761531 -0.5851769743424851 64.94523160883477 1.4724913659845034
Car 0 0 0 487.5615629324661 425.04315381135314 516.0357178662424 453.9854054482988 1.5163943086937 1.532582197363 4.3891261381794 -7.474550760939765 -0.5944254479029135 65.23166769717038 1.5165241571068035
Cyclist 0 0 0 -12.543792893064392 428.7589217956056 63.77416082116906 501.7709963510073 1.5961869688695 0.56933030011995 1.4777228879786 -13.830341693914837 0.8562600382279516 24.989273748347888 -0.5667741758181666
Car 1 1 0 -802.4968102954091 401.33054863052666 -419.10786500343227 488.5200888225877 2.3857049153288 2.128075906169 5.6755087213164 -36.50687108639528 0.6179825165498987 33.656000646337816 2.9098035627425896
Pedestrian 0 1 0 299.63965021117855 424.8475420835395 317.0118726982495 458.8410638726489 1.6411764705882 0.66023649298757 0.65953298322884 -15.785018165346143 -0.17456098658203398 54.222280981167025 3.1297668353499897
Pedestrian 0 2 0 522.1058694208581 425.22391632190886 536.5721697857176 459.3225676531336 1.6804086702484 0.66023649298757 0.66623661468891 -5.007240224007637 -0.15706903627657032 55.74237983682164 -3.137881844286997
Cyclist 0 1 0 258.2012548066661 422.6037167072526 291.20257887566737 455.5905851118784 1.6726957684075 0.77076800462942 2.0957259822757 -18.877729200012126 -0.39598713586022766 58.60027661224722 1.78122512375929
