Cyclist 0 0 0 836.8400370136616 427.4629575036646 853.5167148682804 467.25846127163175 1.7308996574548 0.72941732955746 1.7289697261439 9.842339777766638 0.1769393437497458 50.47944964216518 -1.3529216170294966
Car 0 0 0 652.1881905127802 422.7398298481231 681.8375116814404 451.65796289810254 1.664128658495 1.8157558446403 4.3306247596259 2.3903587797153785 -0.7750362010912214 70.56045028843131 -1.4992341330896566
Car 0 0 0 532.7394401002933 427.4867128469156 616.476522126075 468.905446846975 1.6844192716632 1.8376674303454 4.5701640433529 -2.454416930584463 0.15530289389796553 51.4443337079466 -1.0685216426711366
Pedestrian 0 1 0 367.07175483725285 423.8135245595236 383.4674901081469 457.4263560111153 1.6411764705882 0.72274933329816 0.69785627865102 -12.659472982265726 -0.25095094997299455 55.11915032100485 3.0600198088158894
Pedestrian 0 0 0 358.75086671926493 424.318707011608 375.58061414766246 458.5873888614966 1.6411764705882 0.80612467630293 0.68895713297397 -12.840302891719881 -0.19264286108876502 54.16779123588661 3.0605060492572895
Pedestrian 0 0 0 311.1249828240531 424.7351118168467 328.34879556905264 458.72958754755024 1.6411764705882 0.66023649298757 0.65953298322884 -15.222334169428638 -0.18020748904093295 54.24844578962631 3.1297668353499897
Car 0 1 0 370.9503118426248 424.07321402191263 404.0121114039477 453.31875942099066 1.5411400581933 1.6093539231132 4.018914956959 -14.125203752650647 -0.6195659219807277 64.68050810933119 1.4573053831644036
Car 0 0 0 139.7154984958156 425.6058766822681 285.19538756445644 480.2042351169548 1.6726376764625 1.5495520948099 4.5630518734248 -14.284654104839413 0.4848109422025051 37.72761807673756 -0.4759773741580966
Car 0 1 0 421.25752013409146 425.6975983555034 451.5338559911668 454.0694483585818 1.4832958407679 1.5675652507478 4.1774664810323 -11.284558257671025 -0.5823050700474126 64.90812781142124 1.4724913659845034
Cyclist 0 1 0 277.47553129504945 423.9117573811174 301.0574512606508 453.5549791026048 1.5521107266436 0.81685544815535 1.8691533052748 -18.699264279499005 -0.5140312273534693 60.54899447523452 1.5369588162557033
Cyclist 0 0 0 1236.5378718898714 428.7537211465351 1283.2928487529662 483.6786279251859 1.8687392564505 0.61667204788539 1.736409992452 22.423330056551993 0.703259705226951 38.670337793951745 -0.4692914245391966
Car 0 1 0 487.6159813446996 425.00981855094784 516.0535050058351 453.9138728969485 1.5163943086937 1.532582197363 4.3891261381794 -7.481578360902456 -0.5990619467618695 65.30990728915465 1.5165241571068035
Pedestrian 0 2 0 534.3923445823674 424.9375401448058 548.6016818551373 458.80879828952106 1.6804086702484 0.66023649298757 0.66623661468891 -4.4264065071969805 -0.18398883755435658 56.12142799166556 -3.137881844286997
