Cyclist 0 0 0 847.0526234688984 429.9174778854374 860.2699132099351 458.9398446986287 1.5055290026205 0.64947481605148 1.8044566773315 12.253089572653149 -0.2260624449785707 60.52196041728539 -1.3690095482877265
Car 0 0 0 616.7557957911758 427.8734878697845 657.4975257184693 458.1871055523691 1.4820231181442 1.5746200446415 4.5701640433529 0.4737287150226432 -0.3455797217279919 61.652921756495566 -1.3776522533117066
Car 0 1 0 370.4148115886112 424.2188924493156 403.6869424111644 453.64051895639074 1.5411400581933 1.6093539231132 4.018914956959 -14.071849461076035 -0.5986432955060763 64.32482621564704 1.4573053831644036
Car 0 0 0 386.9458501066109 427.757859884713 511.8306132805536 474.75102574013886 1.6163605120781 1.7137657173433 4.7006566407001 -7.018163338649533 0.33793458353111006 43.71195719551727 -0.7132678187072666
Cyclist 0 1 0 233.8429121436112 422.1657173581571 269.84890059869616 458.4804753004723 1.7626635171226 0.91071783596402 2.0957259822757 -19.204879584646374 -0.23545055204439677 55.96029345412161 1.7195177319988897
Cyclist 0 0 0 193.48515033787328 431.7916680559858 265.66949702192414 499.1542455383312 1.6183426413098 0.56933030011995 1.6211700691881 -10.103647188436373 0.8781136992151808 27.92152587865287 -0.6547153310232666
Pedestrian 0 1 0 280.23473023637746 423.60695402136304 299.6565109680261 457.767035873642 1.6411764705882 0.79347714579462 0.75761348237929 -16.67905843150986 -0.23204484172372028 54.141888127007284 3.0605060492572895
Pedestrian 0 1 0 328.11939765437535 424.4492526714377 344.82013608987904 458.46404347636906 1.6411764705882 0.78231920689815 0.66674843313788 -14.443167063494485 -0.19847032554686767 54.45900015751813 3.0605060492572895
Pedestrian 0 0 0 317.1427979236615 424.93812360229737 332.66311586437536 459.41713210155774 1.6411764705882 0.78231920689815 0.58951659922784 -14.806648207439645 -0.14928508075029842 53.68201351433502 3.0605060492572895
Car 0 1 0 487.5615629324661 425.04315381135314 516.0357178662424 453.9854054482988 1.5163943086937 1.532582197363 4.3891261381794 -7.474550760939765 -0.5944254479029135 65.23166769717038 1.5165241571068035
Pedestrian 0 2 0 502.1882523293138 425.39098934163866 516.9209773104365 459.4966490045834 1.6804086702484 0.66023649298757 0.66623661468891 -5.999737342019979 -0.14803302886448066 55.71164558055336 -3.137881844286997
