Cyclist 0 0 0 798.315992619327 439.13143351895167 869.8578058107782 500.7005542905296 1.5274227555816 0.64947481605148 1.7782511970894 5.432214153102102 0.9505557102180837 29.15253225659205 -0.33954620994979656
Cyclist 0 0 0 541.7245560088245 432.2101112354583 611.1820328094888 492.7169490590615 1.6333822630781 0.64947481605148 1.9279800392172 -1.4610609156354326 0.8066062224777487 31.915467197036456 -0.5768118328358766
Cyclist 0 2 0 796.7159119001805 432.1053976671866 862.3012079526558 493.17077489704025 1.7298377125824 0.70804287109161 1.7956667522824 5.979476969095381 0.8629002890462064 32.898943076962276 -0.2752392681622966
Cyclist 0 0 0 951.4331070973468 428.84595787415054 1014.1639833972372 488.52075899199406 1.7769065929153 0.68628197580731 1.8519277710894 11.054745197797976 0.7615712608399741 34.36794640040301 -0.3387963010349966
Car 0 1 0 453.59199262045286 421.79020692191193 558.6268104400912 469.07588965805655 1.7463551243616 1.8377211371806 4.0878970327015 -5.002898168848512 0.14555411985207123 45.67005051578696 -0.7969127548126366
Car 0 2 0 0.9299552903462428 423.73373252488574 83.07811733421954 472.0548543057758 1.7629811242937 1.4235928824009 2.4912549473799 -23.00814877767313 0.302467028444846 42.63961544781666 2.2289104955929897
Car 0 0 0 182.7413841591142 406.43371876498594 283.44863892197776 464.0812328063826 2.4612826338185 2.1455384613762 5.7011931168131 -18.262061266325198 -0.07607149305024846 50.99356634592519 1.7127156077976897
Car 0 2 0 368.0908619331504 421.347387664831 406.3029331166474 451.6310660224409 1.6073412643441 1.6585886911901 4.2062126202902 -14.169025864374724 -0.7208544384412244 64.8318042467458 1.5165241571068035
Car 0 2 0 419.9769647824948 422.2679264203612 452.5939566712474 451.3101016718293 1.5303581617489 1.5167276476834 4.1976892792911 -11.260968917331438 -0.7370328120634031 64.74997808967751 1.5165241571068035
Car 0 0 0 -43.20153255329922 430.2563142855784 114.62344226279184 482.3522505009605 1.4829782398471 1.5975643976627 4.4882269734635 -19.135078266932283 0.5232483491587284 35.266817900216076 -0.42902654269219664
Pedestrian 0 0 0 404.0772549415965 423.7196439973067 419.1360743820138 457.4702673323735 1.6411764705882 0.61610596129274 0.62343725210539 -10.760989427433536 -0.24325786159651935 54.76103278412738 3.1297668353499897
Pedestrian 0 2 0 616.7857041053841 423.5487136249155 631.2408149406706 458.38431443569647 1.7392569697386 0.65657511114464 0.69591342216591 -0.26185396779879183 -0.20797040832469507 56.48971741819833 3.1297668353499897
Car 0 2 0 488.9754634763882 425.2131108644013 517.8458297657774 453.84251060255326 1.499955157022 1.5623288628838 4.2038980726267 -7.35904439855222 -0.5965922899885808 65.0463506887275 1.5165241571068035
