Cyclist 0 0 0 942.926428898023 433.9825605976973 1008.5786412221236 490.5108807638021 1.5428990093385 0.61667204788539 1.7782511970894 9.969815319859169 0.7584261972609176 31.610844878640275 -0.28456665508879664
Cyclist 0 0 0 668.0908316202778 430.84098960108304 726.6883659203604 485.5104178150638 1.6628544992193 0.64947481605148 1.8819486818795 2.239883508929915 0.6857133585248816 35.772317669309466 -0.5768118328358766
Car 0 0 0 549.7619218927221 422.8703316534643 636.0416789447839 465.8331161659922 1.7463551243616 1.8377211371806 4.1359899389686 -1.5821695394196367 0.0284448332407585 50.333062994563186 -0.9529070215849565
Car 0 1 0 71.4959092706074 405.34475353468247 216.2170214121048 468.80901276598905 2.3999465478721 2.006814823595 5.879017632539 -20.05538209829089 0.08400148963946297 45.53941332838281 1.9773153404569896
Car 0 2 0 369.0040194508592 421.3996496479865 403.89255568109456 451.77129215262505 1.6073412643441 1.7180613474093 4.2062126202902 -14.187186804752773 -0.7129646512281155 64.70231070762304 1.4523580095904034
Car 0 0 0 166.3507208474951 427.2927534491281 309.9997635923939 475.531171784988 1.4829782398471 1.650908675993 4.5701640433529 -13.683194711849922 0.3326369711315017 38.57441951169721 -0.5211467495645965
Pedestrian 0 1 0 439.703506023586 423.2323174358897 454.8007836173042 456.9183432851018 1.6411764705882 0.74765444452927 0.63565148597233 -9.04136911430384 -0.27593447666864235 55.098380625315805 3.1297668353499897
Pedestrian 0 1 0 378.58870917756497 423.9808304008079 393.05066530387774 457.7938168543434 1.6411764705882 0.66076863138049 0.56956535811967 -12.02533391016474 -0.2276692094484139 54.65381881340437 3.1297668353499897
Cyclist 0 0 0 1023.152422000483 433.6165054055958 1081.7675997795368 486.6288450399157 1.6263765129694 0.60764049102281 1.7758066435013 13.60384348065263 0.7329020477926962 35.24563958655446 -0.2752392681622966
Cyclist 0 0 0 1136.6694204865075 435.6896017579037 1192.8299030759863 486.327169016772 1.6330284637413 0.63318595331973 1.8519277710894 18.175607150107037 0.7605643256082696 37.04379234242124 -0.3387963010349966
Car 0 2 0 486.284634368405 425.887972518256 515.3640648910396 454.600120445662 1.499955157022 1.5623288628838 4.2038980726267 -7.500831682954801 -0.5529993171323255 64.96039295390842 1.5165241571068035
Car 0 2 0 420.3080125548869 423.4091575543239 452.8179584957268 452.4445662266171 1.5303581617489 1.5167276476834 4.1976892792911 -11.276122021798356 -0.674346123266485 64.9289501328479 1.5165241571068035
Pedestrian 0 0 0 434.0632255334693 423.61226585384674 449.0588301044294 457.6280785575853 1.6411764705882 0.66023649298757 0.62845282243833 -9.215290997444255 -0.23577888247559248 54.44917475712692 3.1297668353499897
