Cyclist 0 0 0 838.6970638585875 427.1771898451377 855.4666048276364 453.8652562935277 1.5055290026205 0.685464373228 1.8044566773315 12.89164204900871 -0.5381366479298748 65.65362763870316 -1.5100329616690367
Car 0 0 0 633.2870465228112 422.52459840583134 665.2981625271057 453.0418429699977 1.7213672991808 1.6687229779448 4.2697281204251 1.2580874755578293 -0.6716338365507332 68.83464919044557 -1.4470475878642266
Car 0 1 0 369.376599009676 424.2304998631944 402.7165444929237 453.65576707182805 1.5411400581933 1.6093539231132 4.018914956959 -14.128918820297436 -0.5977199651840996 64.31631980481241 1.4573053831644036
Car 0 0 0 489.7928861779265 426.85968646512 595.7500763422532 469.8517873765146 1.6163605120781 1.7854587373872 4.7006566407001 -3.647332368761421 0.17294286120598762 47.84883070209562 -0.8513390523864466
Cyclist 0 0 0 364.2559514887553 430.3829600338613 426.4438785439973 490.90114713466073 1.6183426413098 0.56933030011995 1.6211700691881 -6.54526743071496 0.7517911329494348 31.219543030134673 -0.6547153310232666
Pedestrian 0 1 0 263.54104821424835 423.91946830356136 279.18153085855465 457.989909335739 1.6411764705882 0.62674029723885 0.59087663382354 -17.551004804836218 -0.21463784179262121 53.956844760700385 3.0605060492572895
Pedestrian 0 1 0 304.8315986134548 424.7234149171738 321.3694938706658 458.6795720638704 1.6411764705882 0.68423870774771 0.65620160155939 -15.587744498151329 -0.1845987751242598 54.36595549149305 3.0605060492572895
Pedestrian 0 0 0 294.75294784389564 425.1960718539124 310.6562809316589 459.72589846105575 1.6411764705882 0.78231920689815 0.58951659922784 -15.865805268091007 -0.13382231036285716 53.552073728526 3.0605060492572895
Cyclist 0 1 0 192.3432701048445 421.1302838173253 243.91104593852657 461.4359876485456 1.8736381970431 0.91071783596402 2.3211677537087 -20.13271847528773 -0.09749464428401727 53.76989271411049 2.12891488542809
Car 0 1 0 422.4719273938624 425.65297024567184 453.5783245185663 454.008095650923 1.4832958407679 1.6237740442564 4.1774664810323 -11.198356309919845 -0.5866327431628067 64.96993225130329 1.4724913659845034
Car 0 1 0 487.5615629324661 425.04315381135314 516.0357178662424 453.9854054482988 1.5163943086937 1.532582197363 4.3891261381794 -7.474550760939765 -0.5944254479029135 65.23166769717038 1.5165241571068035
Pedestrian 0 2 0 478.8864620837729 424.9252884091154 493.5564570943488 460.4804406487266 1.7306212232884 0.66023649298757 0.66623661468891 -7.083525244935744 -0.09833572578909222 55.01326656326609 3.0990518000614897
