Cyclist 0 0 0 703.0889784799798 437.9700804470129 774.5794266073126 506.7586037163192 1.6199465005191 0.64947481605148 1.6522716007742 2.7748754560275652 1.0461706960806396 27.614141146521913 -0.33954620994979656
Cyclist 0 0 0 439.3765231805679 432.56970614940985 511.1534999341834 493.5088116145262 1.5348776535179 0.64947481605148 1.7916688474026 -4.07278396744575 0.7740268662392966 29.748132747139703 -0.5768118328358766
Cyclist 0 2 0 640.4623254670015 432.160464407572 707.8517382612914 494.61699457881673 1.6828046981449 0.70804287109161 1.7578502374739 1.3132515607858353 0.8614167033495913 31.401557873251708 -0.27476493650279665
Cyclist 0 0 0 811.414030631852 432.55166376205057 882.8505592407552 494.4545018872316 1.7105013025273 0.69359246311031 1.9837362016652 6.388389221556012 0.8756203204978708 32.28284316976964 -0.33879631157169654
Car 0 1 0 371.9268009536594 422.1754692899801 488.5301961192474 474.7474966437661 1.8335539944179 1.7750715529586 4.0878970327015 -7.6450906616525005 0.347382089668444 42.85687587616599 -0.6416694138726367
Car 0 0 0 68.75500131904039 422.8517310401944 157.40759291392635 468.9259028102765 1.7629811242937 1.6764564666831 2.9267333503361 -21.41081046820569 0.1820025098989171 45.32411407153186 2.2223270508388895
Car 0 0 0 222.9766996784399 408.8454904625356 306.0977872763692 462.84708566906966 2.4313760099419 2.0687611331061 5.7011931168131 -17.8034145976808 -0.13299345259389678 54.02915682427888 1.6326333874152894
Pedestrian 0 2 0 481.8593657375412 423.0593595512903 500.016090637454 456.7358966699255 1.6411764705882 0.87871284073322 0.81368693180188 -6.897219059860134 -0.29121529106829214 55.40189734505073 3.1297668353499897
Pedestrian 0 2 0 480.1785938291743 423.3024797077595 491.9996707007373 457.2485570799855 1.6411764705882 0.54267731052831 0.51108855360951 -7.0161595092087286 -0.25089079255512475 54.435325374526165 3.1297668353499897
Car 0 2 0 368.0908619331504 421.347387664831 406.3029331166474 451.6310660224409 1.6073412643441 1.6585886911901 4.2062126202902 -14.169025864374724 -0.7208544384412244 64.8318042467458 1.5165241571068035
Car 0 2 0 488.992317451414 425.2023523821549 517.8508643630331 453.81967491419294 1.499955157022 1.5623288628838 4.2038980726267 -7.361288073261688 -0.5980725670796504 65.0713299412092 1.5165241571068035
Pedestrian 0 2 0 630.7844272032685 424.2631964458918 643.39649678786 460.7060903164864 1.8316324811006 0.53107338104082 0.60371152057102 0.40464807790600604 -0.0868678967735908 56.657025314491875 3.1297668353499897
Car 0 2 0 419.9326791006492 422.2776153863133 452.564649766232 451.3319754474618 1.5303581617489 1.5167276476834 4.1976892792911 -11.25872855633522 -0.7355547212133724 64.72503572938798 1.5165241571068035
