Cyclist 0 0 0 848.2917349661964 431.425209602726 862.1305033758321 461.759051688324 1.5055290026205 0.64947481605148 1.8044566773315 11.832756647475366 -0.07356351402859534 58.02741103573754 -1.3690095482877265
Car 0 0 0 643.8634437524064 423.9002020233359 673.201822985105 449.7848489518781 1.7463551243616 1.8377211371806 4.3306247596259 2.110422279265024 -1.0240897315486008 82.44439012619304 -1.5881957578143735
Car 0 0 0 614.2456913477107 426.2751895146355 656.093219200966 457.2134699741418 1.4820231181442 1.5746200446415 4.5701640433529 0.3608453583221143 -0.3913350223475202 60.22731305138857 -1.3776522533117066
Car 0 1 0 370.4148115886112 424.2188924493156 403.6869424111644 453.64051895639074 1.5411400581933 1.6093539231132 4.018914956959 -14.071849461076035 -0.5986432955060763 64.32482621564704 1.4573053831644036
Car 0 0 0 355.79893314535065 428.6033875931314 484.4019091721256 476.6967500950826 1.6163605120781 1.7137657173433 4.7006566407001 -8.006190583068289 0.3998322855566958 42.79646038858623 -0.7132678187072666
Cyclist 0 1 0 243.97806862838732 423.52598143125607 279.01877927444554 457.6893217117642 1.6726957684075 0.90072141944012 2.0957259822757 -18.93173104112868 -0.27777736983049045 56.63373383335164 1.7195177319988897
Cyclist 0 0 0 149.358613208838 432.9621595470188 224.05588787446936 501.9587145183017 1.6183426413098 0.56933030011995 1.6211700691881 -10.940601762826386 0.9254601713877246 27.232519373788143 -0.6547153310232666
Pedestrian 0 1 0 285.72680993050096 423.5769248653958 302.2554812872491 457.6937464747417 1.6411764705882 0.79347714579462 0.62030078356866 -16.48422634067358 -0.23481273313526305 54.16451389368934 3.0605060492572895
Car 0 1 0 422.5187075135881 425.6316759811676 453.5992186995983 453.9631235468681 1.4832958407679 1.6237740442564 4.1774664810323 -11.205000174529118 -0.5895442808034481 65.0193335362403 1.4724913659845034
Car 0 1 0 487.5615629324661 425.04315381135314 516.0357178662424 453.9854054482988 1.5163943086937 1.532582197363 4.3891261381794 -7.474550760939765 -0.5944254479029135 65.23166769717038 1.5165241571068035
Pedestrian 0 2 0 502.1882523293138 425.39098934163866 516.9209773104365 459.4966490045834 1.6804086702484 0.66023649298757 0.66623661468891 -5.999737342019979 -0.14803302886448066 55.71164558055336 -3.137881844286997
Pedestrian 0 2 0 332.5040017329032 424.3189372559989 352.1200938004951 458.3255099939833 1.6411764705882 0.8079789718305 0.81237869482588 -14.180957030299304 -0.2074075599303687 54.57644789916442 3.0600198088158894
Pedestrian 0 2 0 322.65290980533825 424.8695103773753 339.5626262812452 459.380500718512 1.6411764705882 0.79347714579462 0.65953298322884 -14.501947102217267 -0.15193400014494082 53.68935972163205 3.0605060492572895
