Cyclist 0 0 0 583.7013128895651 438.0726673926723 669.227213011034 511.8959145253612 1.6344652004482 0.64947481605148 1.8893918969075 -0.008003826006118056 1.0994494649657094 26.115345960911466 -0.33954620994979656
Cyclist 0 0 0 319.1237456333658 432.3787003024217 395.1178204378958 500.2789619201565 1.6084488844301 0.64947481605148 1.7285720827405 -6.764849409568474 0.8931367141477891 27.69301059139999 -0.46349614329779665
Cyclist 0 0 0 470.5920153007657 433.0527451527476 548.994251343511 494.6053044298226 1.5668737532209 0.73180817366827 1.9640053938349 -3.1837922281430324 0.8117229877837743 30.074410799033235 -0.4229039078236967
Cyclist 0 1 0 652.7704004246478 432.2769630289846 730.2556599146816 500.1569191348559 1.7519569609304 0.55736858597903 2.046161881373 1.7424459045583058 0.9687346802088077 30.15756790634639 -0.33957152681989666
Car 0 1 0 272.316294200362 422.20488136832194 396.6564790409736 470.4036051847888 1.5705882352941 1.6764564666831 4.0878970327015 -10.655428064265163 0.1803377340368495 40.040665912213306 -0.4932137721149965
Car 0 1 0 133.94269690464716 422.6423170219591 210.94767317482308 464.7763585927313 1.7211102410343 1.6764564666831 2.9792058552177 -20.1134133905822 0.026720617117200474 48.29826168563892 1.8833041995326898
Car 0 2 0 252.48826834456247 409.0446338443639 320.0300361184873 458.7775680161191 2.3802764791911 2.0184656633199 5.7011931168131 -17.796061603246052 -0.3357763626036436 57.413325722300236 1.5524124524956036
Car 0 2 0 368.1555694288378 421.3380474838092 406.3493327603856 451.6091040603279 1.6073412643441 1.6585886911901 4.2062126202902 -14.171270774388116 -0.7223355305311149 64.85679725209948 1.5165241571068035
Pedestrian 0 2 0 491.1518928298191 423.59250758110255 503.6367891367032 457.5554526408168 1.6411764705882 0.53107338104082 0.55056820886921 -6.458018810037979 -0.23583147048200612 54.42432671040797 3.1297668353499897
Pedestrian 0 2 0 501.3753754648777 423.0868431121618 515.2527605407278 456.66438264369816 1.6411764705882 0.63953973167696 0.62780004277924 -6.008062745512627 -0.28662296183412805 55.21766056828831 3.1297668353499897
Car 0 2 0 420.1096111646556 422.2389028123213 452.6817469106925 451.244584430511 1.5303581617489 1.5167276476834 4.1976892792911 -11.267690000320117 -0.7414670846135543 64.8248051705471 1.5165241571068035
Pedestrian 0 0 0 436.2090912511849 423.87125706393 452.5285600269085 457.91073241297454 1.6510665891204 0.71818294054327 0.65697388494748 -9.133140526172394 -0.2240679492687943 54.78773262668899 -3.0948583630042963
Pedestrian 0 2 0 645.6066436164199 424.26998457779774 658.3722628564724 460.8537461204141 1.8316324811006 0.53107338104082 0.60371152057102 1.1599763247795392 -0.07937441421836994 56.44055718447199 3.1297668353499897
Car 0 2 0 488.87405782607095 425.2778303070897 517.8155435757479 453.97990624625226 1.499955157022 1.5623288628838 4.2038980726267 -7.345582350295517 -0.5877106274419844 64.8964751738343 1.5165241571068035
