Car 0 0 0 629.6284967508748 423.786145364753 663.321038279718 453.9590884363196 1.6116678828724 1.6687229779448 4.2697281204251 1.041464610928856 -0.5938147504141549 65.72759756600713 -1.4470475878642266
Car 0 1 0 369.376599009676 424.2304998631944 402.7165444929237 453.65576707182805 1.5411400581933 1.6093539231132 4.018914956959 -14.128918820297436 -0.5977199651840996 64.31631980481241 1.4573053831644036
Car 0 0 0 453.32420326296494 425.793862502641 565.148886305314 470.4300760391646 1.6163605120781 1.7854587373872 4.7006566407001 -4.894068769432399 0.18361230071316065 46.034890281936555 -0.8513390523864466
Cyclist 0 0 0 301.5904970405928 428.8476038567512 367.5970985160403 491.99286827523343 1.6183426413098 0.56933030011995 1.6211700691881 -7.9097285644079225 0.7472549591491825 29.840274394483973 -0.6547153310232666
Pedestrian 0 1 0 269.6509343935512 423.72737708993697 289.25541217040177 457.90832039173097 1.6411764705882 0.79347714579462 0.75761348237929 -17.185621867685818 -0.2248483240537543 54.083061133634885 3.0605060492572895
Pedestrian 0 0 0 305.4892954731171 425.07373478197127 321.2099381322356 459.581508916317 1.6411764705882 0.78231920689815 0.58951659922784 -15.357234647222208 -0.14104734319812415 53.61113381539141 3.0605060492572895
Cyclist 0 1 0 206.441577113665 422.912630341137 256.94053117071985 460.498345537296 1.7626635171226 0.91071783596402 2.3211677537087 -19.71703248416343 -0.1436199350424545 54.48948809035883 2.12891488542809
Pedestrian 0 1 0 315.214749829002 424.58827788443807 331.584694258718 458.50059912996255 1.6411764705882 0.68423870774771 0.65620160155939 -15.098343656929588 -0.19376756387578326 54.45977890179221 3.0605060492572895
Cyclist 0 0 0 838.7665842043431 428.0374076708171 855.9898348505285 455.4653720122757 1.5055290026205 0.685464373228 1.8044566773315 12.578189548029718 -0.434422091189727 63.960421615434385 -1.5100329616690367
Car 0 1 0 422.4719273938624 425.65297024567184 453.5783245185663 454.008095650923 1.4832958407679 1.6237740442564 4.1774664810323 -11.198356309919845 -0.5866327431628067 64.96993225130329 1.4724913659845034
Pedestrian 0 2 0 488.7965112629912 424.7043609410867 503.257936172948 460.0821540154616 1.7306212232884 0.66023649298757 0.66623661468891 -6.630081085867876 -0.11861190785880617 55.296837639431494 3.0990518000614897
