Cyclist 0 0 0 821.5141464159144 427.0583371327896 838.1227175704894 467.8191337736208 1.6260610920112 0.66292368912659 1.7289697261439 8.416462662075658 0.18177078406591018 46.45289041846751 -1.3700650903278366
Car 0 0 0 646.3866948823372 422.6713868070975 680.0695567151548 455.2135223984056 1.6860939510354 1.8377211371806 4.3306247596259 1.973889864537035 -0.5130507477487869 63.66688206232079 -1.4875954374631917
Car 0 0 0 464.2099442225517 427.6181909618061 571.537615656846 470.7950141775316 1.6102041546783 1.7740544729298 4.5701640433529 -4.679300375505665 0.21355912451311326 47.3727299019846 -0.8191248292114066
Pedestrian 0 1 0 384.7486972036627 423.6392025511 403.0711585839823 457.3955570986477 1.6411764705882 0.81611449996908 0.79689679639873 -11.712339766263485 -0.2556865877385085 55.0835946101248 3.0600198088158894
Pedestrian 0 0 0 376.3013462212033 424.2466312678807 392.7414025694427 458.5568143019885 1.6411764705882 0.73746832689761 0.68895713297397 -11.95469909069284 -0.1920379543158278 54.05053963735896 3.0605060492572895
Car 0 0 0 -41.80825432055667 425.7731897328709 131.58719230037002 483.885246236722 1.6726376764625 1.5495520948099 4.947422062163 -18.7884921726027 0.5655235237046354 35.245414240373485 -0.4056516782057966
Cyclist 0 1 0 284.2947329528686 422.8946624331576 306.3019933931765 451.3505923716749 1.5521107266436 0.78902813082522 1.8691533052748 -19.104638933176552 -0.6567475052878533 62.980166160762465 1.5369588162557033
Cyclist 0 0 0 1170.418117405431 429.8969492074832 1215.9686976656412 484.14177088861175 1.7454749212226 0.61667204788539 1.736409992452 19.095330073932615 0.6783943194444301 36.90629042475665 -0.5670034951038265
Car 0 1 0 367.7665547429544 421.39419314939937 406.0704181385174 451.7411374191378 1.6073412643441 1.6585886911901 4.2062126202902 -14.157801314307743 -0.713448977991706 64.70683921997639 1.5165241571068035
Car 0 2 0 423.8253674572264 423.4237680058805 456.1659762000496 452.5123358468606 1.5303581617489 1.5167276476834 4.1976892792911 -11.055413480086932 -0.6695924605315345 64.82290028809628 1.5165241571068035
Pedestrian 0 0 0 325.62822461303364 424.6262530121604 342.6849680620363 458.6636952838653 1.6411764705882 0.66023649298757 0.65953298322884 -14.493706423231208 -0.18347332787875334 54.21479558123561 3.1297668353499897
Cyclist 0 0 0 1252.402444004103 439.2529532641673 1304.0698411821193 481.23539215545617 1.4223670509745 0.60764049102281 1.6477883138591 23.064557741020824 0.6300854263982869 38.62873104453475 -0.24099214511639655
Cyclist 0 0 0 1254.3184302700097 437.3203643859243 1308.3930703146257 480.4963523499098 1.4670152377712 0.63318595331973 1.8519277710894 23.371201787633275 0.6017837768423949 38.950063059380156 -0.3145640067105966
Pedestrian 0 2 0 552.9033162754898 424.7767302743972 566.8587453513168 458.62783247068666 1.6804086702484 0.66023649298757 0.66623661468891 -3.4991958414183624 -0.19347575254038918 56.16758791799084 -3.137881844286997
Car 0 2 0 486.3920915704286 425.8219562066533 515.3997788410079 454.4613980574518 1.499955157022 1.5623288628838 4.2038980726267 -7.514293731211402 -0.5618809796789228 65.1102684688016 1.5165241571068035
