Cyclist 0 0 0 974.8252963724838 433.13353302097966 1037.016107025982 496.1857372234287 1.7573192079182 0.61667204788539 1.736409992452 11.03142383490362 0.9333178301094442 32.14868919205041 -0.33954620994979656
Cyclist 0 0 0 694.534568215841 431.74661894147454 745.0377422142947 482.5316945215935 1.5862666293549 0.64947481605148 1.6103473742775 3.0217911989257216 0.6133788214018797 36.57037123185462 -0.5768118328358766
Car 0 0 0 565.5972144379996 422.3224146888198 650.2935709016849 466.46446361054143 1.8295353413968 1.8377211371806 4.3306247596259 -0.9154851066440949 0.053574915820960634 51.29153533066939 -0.9826521450836966
Car 0 1 0 48.88175683281384 404.007415231701 200.7509516798507 470.44005865101786 2.4683889301828 2.006814823595 6.0146902400208 -20.467447883064672 0.13725650970445152 44.69954213073996 1.9773153404569896
Car 0 2 0 368.1715842417847 421.39488610881847 405.6865526461672 451.7443236859686 1.6073412643441 1.6585886911901 4.2062126202902 -14.157801314307743 -0.713448977991706 64.70683921997639 1.5050707695367036
Car 0 0 0 195.47149979882244 427.9494005241808 336.6957503803339 477.9437452730349 1.5649153097365 1.650908675993 4.5701640433529 -12.884304369183113 0.4212234228022951 39.18119830352101 -0.5211467495645965
Pedestrian 0 1 0 435.0740986900262 423.2370722608349 452.3303648999579 456.9943035519056 1.6411764705882 0.81523229920054 0.73219127835987 -9.217739357145877 -0.27445360398528396 55.095003079766734 3.1297668353499897
Pedestrian 0 0 0 426.847861172257 423.7672883351792 441.99150490981816 457.9022412386194 1.6411764705882 0.66023649298757 0.62845282243833 -9.533281893965986 -0.22157005931150536 54.25048653603913 3.1297668353499897
Cyclist 0 0 0 1058.4461401922413 429.38940300663216 1113.2001691981443 485.9880254028658 1.7708832152157 0.60764049102281 1.6477883138591 14.865589383694724 0.7246393228773224 35.6573113423848 -0.2752392681622966
Cyclist 0 0 0 1165.5940794695323 429.6896093626507 1221.9094354573183 487.8658424597052 1.9207847220894 0.63318595331973 1.8519277710894 19.42533108382269 0.8253956813853331 37.52145309330589 -0.3145640067105966
Car 0 2 0 486.32051036349833 425.86593430507 515.3759872151155 454.5538062143623 1.499955157022 1.5623288628838 4.2038980726267 -7.505319032373667 -0.5559598713145246 65.01035145887283 1.5165241571068035
Car 0 2 0 420.1758218920165 423.43944208084713 452.7304573389097 452.5114018782783 1.5303581617489 1.5167276476834 4.1976892792911 -11.269400938809675 -0.6699118507163339 64.85412305197832 1.5165241571068035
Pedestrian 0 1 0 372.8390483003533 424.0353886383656 387.3768311209134 457.84940065523193 1.6411764705882 0.66076863138049 0.56956535811967 -12.307599287904663 -0.22483669215450336 54.64069347201138 3.1297668353499897
