Cyclist 0 0 0 783.719824234084 430.8073238648086 817.1316593547399 471.117669395574 1.4524567474049 0.64947481605148 1.8044566773315 6.605323907449318 0.28100574080408136 42.58691709046112 -1.0061411716472966
Car 0 0 0 633.4336662340348 423.2320810314845 676.8888507376128 459.9588650257412 1.7463551243616 1.5917347239558 4.3306247596259 1.4053596058573412 -0.239425439922199 58.45122087543968 -1.3505589521440966
Car 1 1 0 -141.5201466540592 401.1504652361058 50.459489457779455 479.0427944600822 2.6052745892831 2.128075906169 5.6755087213164 -24.533139822073174 0.4168539297265679 39.61550223164781 2.39398511326139
Car 0 0 0 380.1510772865838 426.8485893359716 499.9391403984504 473.477065611079 1.6208063142476 1.7740544729298 4.5701640433529 -7.450758336512681 0.292050492651334 44.09322439265619 -0.7926702061354466
Pedestrian 0 1 0 345.6944462875602 424.3570678549434 362.4416729612057 458.29536116326665 1.6411764705882 0.66023649298757 0.65953298322884 -13.553305357366536 -0.20233170563793262 54.415781582483554 3.1297668353499897
Cyclist 0 0 0 293.5023198690833 422.967936565891 314.2678304617255 451.9904341716377 1.6448684510773 0.83467844631473 1.8691533052748 -19.308213374287398 -0.6425288935655207 65.34699068996014 1.5017823661987033
Cyclist 0 0 0 1097.8670014348847 434.86883817936473 1149.1220251137877 483.86647395730415 1.4860452348945 0.66107679685988 1.736409992452 15.945452689223746 0.6348987297366215 35.25559476202817 -0.5257351380988966
Cyclist 0 0 0 1252.402444004103 439.2529532641673 1304.0698411821193 481.23539215545617 1.4223670509745 0.60764049102281 1.6477883138591 23.064557741020824 0.6300854263982869 38.62873104453475 -0.24099214511639655
Car 0 1 0 367.7665547429544 421.39419314939937 406.0704181385174 451.7411374191378 1.6073412643441 1.6585886911901 4.2062126202902 -14.157801314307743 -0.713448977991706 64.70683921997639 1.5165241571068035
Car 0 2 0 486.3920915704286 425.8219562066533 515.3997788410079 454.4613980574518 1.499955157022 1.5623288628838 4.2038980726267 -7.514293731211402 -0.5618809796789228 65.1102684688016 1.5165241571068035
Pedestrian 0 2 0 404.2481826554982 423.56158456946696 421.4063738452648 457.35172760933045 1.6411764705882 0.79705712243638 0.70423222095356 -10.73827399438992 -0.25532218711513505 54.95965379270355 3.1297668353499897
Pedestrian 0 0 0 395.246354752182 424.0180527122163 411.6488257201871 458.2012255139604 1.6411764705882 0.72781434765886 0.65953298322884 -11.055874514194151 -0.20862565583978882 54.21865566642232 3.1297668353499897
Cyclist 0 0 0 1254.3184302700097 437.3203643859243 1308.3930703146257 480.4963523499098 1.4670152377712 0.63318595331973 1.8519277710894 23.371201787633275 0.6017837768423949 38.950063059380156 -0.3145640067105966
Pedestrian 0 2 0 568.0874629607501 424.6624032761935 581.840906547946 458.5150232470576 1.6804086702484 0.66023649298757 0.66623661468891 -2.7362407420426815 -0.19937664080787187 56.17376667035833 -3.137881844286997
Car 0 2 0 423.8253674572264 423.4237680058805 456.1659762000496 452.5123358468606 1.5303581617489 1.5167276476834 4.1976892792911 -11.055413480086932 -0.6695924605315345 64.82290028809628 1.5165241571068035
