Cyclist 0 0 0 931.7988354469264 431.64658788293633 1000.3520596041622 495.7985150804918 1.7428566721227 0.61667204788539 1.9057780790435 9.647712924394646 0.896773511359604 31.471968535465432 -0.33954620994979656
Cyclist 0 0 0 665.786591897954 431.2425147376036 725.0721874271602 486.1509740586307 1.6503743030629 0.64947481605148 1.8819486818795 2.154051225708089 0.6973720199295819 35.37941473329908 -0.5768118328358766
Cyclist 0 0 0 1006.3828814765752 433.2757733731584 1064.57885766808 488.1145865963927 1.6688784842183 0.60764049102281 1.7375507458207 12.937868134874574 0.7728000458313617 34.944551887090014 -0.2752392681622966
Car 0 0 0 542.8467831428827 422.1863796146578 633.1420800933427 468.889843783356 1.8891295258738 1.7812717637652 4.2344783377452 -1.7852578793317178 0.1569331480846331 49.8658317978174 -0.9007544173760166
Car 0 2 0 83.63585436578751 407.6693625062568 225.5497677957912 467.885296115264 2.2904409140585 2.006814823595 5.8745469504051 -19.83211233520591 0.0507175039918448 46.06841076989484 1.9773153404569896
Car 0 2 0 369.8890006788602 421.39909217774255 404.062961489012 451.75475627338193 1.6073412643441 1.6585886911901 4.2062126202902 -14.157801314307743 -0.713448977991706 64.70683921997639 1.4573110508849032
Car 0 0 0 142.59834241367128 427.6579737898229 293.5074060244135 479.5058932815987 1.5816403580867 1.650908675993 4.7613505397615 -14.26589752807603 0.45702999590170135 38.218437804597045 -0.5211467495645965
Pedestrian 0 1 0 442.0821000475288 422.998336895741 462.6483132645519 456.627230255287 1.6411764705882 0.84419423691681 0.90580939187703 -8.833591166256117 -0.2957852055825959 55.404575064468816 3.1297668353499897
Pedestrian 0 0 0 438.4038472471701 423.5130064303153 453.3071118310386 457.44900884568176 1.6411764705882 0.66023649298757 0.62845282243833 -9.025181838787438 -0.24511930406067522 54.58207617375373 3.1297668353499897
Cyclist 0 0 0 1117.0795594104331 434.7274473438516 1173.8083484025412 486.1697580702688 1.6440960121393 0.63318595331973 1.8519277710894 17.353400607869045 0.7476229459973831 36.71989165187382 -0.3387963010349966
Car 0 2 0 486.32051036349833 425.86593430507 515.3759872151155 454.5538062143623 1.499955157022 1.5623288628838 4.2038980726267 -7.505319032373667 -0.5559598713145246 65.01035145887283 1.5165241571068035
Car 0 2 0 420.1758218920165 423.43944208084713 452.7304573389097 452.5114018782783 1.5303581617489 1.5167276476834 4.1976892792911 -11.269400938809675 -0.6699118507163339 64.85412305197832 1.5165241571068035
Pedestrian 0 0 0 383.05567152351455 423.9514947912605 398.1732973119634 457.7471348617628 1.6411764705882 0.61610596129274 0.61242205350295 -11.784331170153667 -0.22894278450507427 54.64591598625731 3.1297668353499897
Pedestrian 0 2 0 600.0184500437966 423.7437911616648 613.7377781760325 456.6973135616386 1.6411764705882 0.66023649298757 0.66623661468891 -1.1310206903607545 -0.2924979767380742 56.38580874393361 3.1297668353499897
