Cyclist 0 0 0 843.2533551146976 428.8619584065642 861.0563624919766 457.01965907086696 1.5055290026205 0.685464373228 1.8044566773315 12.537324303173095 -0.3387102124457027 62.36780874882025 -1.5100329616690367
Car 0 0 0 627.2293330236578 426.6155971280111 661.8189667885337 455.3826885048181 1.4820231181442 1.6687229779448 4.2697281204251 0.9082653868351083 -0.5031708371571946 64.23074780632322 -1.4470475878642266
Car 0 1 0 370.4148115886112 424.2188924493156 403.6869424111644 453.64051895639074 1.5411400581933 1.6093539231132 4.018914956959 -14.071849461076035 -0.5986432955060763 64.32482621564704 1.4573053831644036
Car 0 0 0 428.4857637636741 426.47828781569433 548.8473910981068 471.80762591369165 1.6163605120781 1.7854587373872 4.7006566407001 -5.658072177657436 0.23810134244952413 45.21636548726322 -0.7132678187072666
Cyclist 0 1 0 218.65952126550812 422.55140792565845 267.6168018637349 459.7053451374501 1.7626635171226 0.91071783596402 2.3211677537087 -19.35677129185467 -0.1835951870330141 55.1131374164399 2.0897952839983898
Cyclist 0 0 0 269.8882830149853 429.6797375219785 337.6252140933664 494.0022518773268 1.6183426413098 0.56933030011995 1.6211700691881 -8.58975415609955 0.7857239677893911 29.280456609281078 -0.6547153310232666
Pedestrian 0 1 0 319.0406850475611 424.5379117069298 337.0902320430874 458.5856226118509 1.6411764705882 0.78231920689815 0.72559673262815 -14.850616202829787 -0.19268187987263738 54.411683264691256 3.0605060492572895
Pedestrian 0 0 0 308.5727443090272 425.12218936393 324.290052028142 459.734102247414 1.6411764705882 0.78231920689815 0.58951659922784 -15.161820215547094 -0.1334063217697988 53.45995064543536 3.0605060492572895
Car 0 1 0 422.5187075135881 425.6316759811676 453.5992186995983 453.9631235468681 1.4832958407679 1.6237740442564 4.1774664810323 -11.205000174529118 -0.5895442808034481 65.0193335362403 1.4724913659845034
Pedestrian 0 1 0 273.3155153321462 423.68563748450725 292.856733337588 457.8593944369422 1.6411764705882 0.79347714579462 0.75761348237929 -17.010272985932268 -0.2273394263241509 54.10342432364876 3.0605060492572895
Pedestrian 0 2 0 491.1351428627868 424.6817900910392 505.562631824784 460.0555641738977 1.7306212232884 0.66023649298757 0.66623661468891 -6.515057417143298 -0.11997829500496172 55.30572698753186 3.0990518000614897
