Cyclist 0 0 0 994.2346728599692 433.62683149107977 1055.4856319667929 494.2054225640495 1.7107172798003 0.61667204788539 1.736409992452 11.745386095434558 0.8895469636450593 32.570904501105225 -0.33954620994979656
Cyclist 0 0 0 709.6106987972965 430.61943580857775 762.9200912540534 484.270173149763 1.7215446043561 0.64947481605148 1.8044566773315 3.661343184207972 0.6844345638146636 37.56904941962224 -0.5768118328358766
Car 0 0 0 579.474917964138 422.1290058646623 655.2116963200406 466.63035686508186 1.8891295258738 1.8377211371806 4.3306247596259 -0.492707805482545 0.06523179377671945 52.330405003555704 -1.0936922806352265
Car 0 0 0 16.479461593097767 406.1699999942579 179.06463080417365 472.2376267893175 2.3921953696213 2.006814823595 5.9468520854001 -21.1398940181921 0.20010489753305866 43.73056288180395 2.0759227843038897
Car 0 2 0 367.7665547429544 421.39419314939937 406.0704181385174 451.7411374191378 1.6073412643441 1.6585886911901 4.2062126202902 -14.157801314307743 -0.713448977991706 64.70683921997639 1.5165241571068035
Car 0 0 0 231.1248415776317 427.0053194956964 369.8663670311423 473.82949680280825 1.4829782398471 1.6994648135222 4.5701640433529 -11.883914151205087 0.2810011404350502 40.03052348826464 -0.5970713493719866
Pedestrian 0 1 0 432.78989215244815 423.34516242135567 449.06226926632473 456.9345412034816 1.6411764705882 0.57501559994503 0.71006263884545 -9.349026583014853 -0.2704592618927123 55.04421753217246 3.1297668353499897
Pedestrian 0 0 0 423.2588264320557 423.7490931206903 441.3721758446413 457.88172867174063 1.6411764705882 0.66023649298757 0.77326251101964 -9.644497175861114 -0.22341242505770081 54.294694701977726 3.1297668353499897
Cyclist 0 0 0 1086.1339247448689 435.2871825902366 1140.107865209113 485.77526392945776 1.5923749359702 0.60764049102281 1.6477883138591 15.970312251092922 0.7282048246960539 36.101864596611385 -0.2752392681622966
Cyclist 0 0 0 1197.4887681581563 437.6960235570995 1252.7739360180904 483.0208867312414 1.5002178829652 0.63318595331973 1.8519277710894 20.80602417683299 0.6717759382746539 38.017019366211436 -0.3145640067105966
Car 0 2 0 423.2612150183524 423.4098046453026 455.6146896966402 452.4753251851479 1.5303581617489 1.5167276476834 4.1976892792911 -11.096330156293353 -0.6720900697942135 64.86953945098982 1.5165241571068035
Car 0 2 0 486.32051036349833 425.86593430507 515.3759872151155 454.5538062143623 1.499955157022 1.5623288628838 4.2038980726267 -7.505319032373667 -0.5559598713145246 65.01035145887283 1.5165241571068035
Pedestrian 0 1 0 370.44460107252814 424.0581565655568 385.01392103943743 457.8725550143161 1.6411764705882 0.66076863138049 0.56956535811967 -12.425162930927327 -0.2236569475656705 54.63522676205727 3.1297668353499897
