Cyclist 0 0 0 817.3937292452518 427.441197956364 834.0225213078973 468.68223604199954 1.6260610920112 0.66292368912659 1.7289697261439 8.153681588827638 0.21424760792088682 45.942604994405976 -1.3700650903278366
Car 0 0 0 646.7210863365306 423.03997942492094 680.5821880919301 456.0986081816865 1.6860939510354 1.8377211371806 4.3306247596259 1.9316295988439562 -0.4601817064442228 62.78954141702899 -1.5101494662078576
Car 0 0 0 454.5867527054557 427.93096998373386 563.2010691850497 471.5079025432584 1.6102041546783 1.7740544729298 4.5701640433529 -5.020107836168328 0.23942384913771037 46.98225004470416 -0.8191248292114066
Pedestrian 0 1 0 388.8639750634258 423.50870127720367 405.1490568537124 457.07247760744906 1.6411764705882 0.79705712243638 0.70423222095356 -11.611162670541434 -0.2716794074461434 55.33829378307517 3.0600198088158894
Pedestrian 0 0 0 383.5810086609373 424.02628724639294 400.10795097855686 458.2934061518565 1.6411764705882 0.87478102570822 0.68895713297397 -11.647933511701181 -0.2095482754407048 54.30569243463395 3.0605060492572895
Car 0 0 0 -51.45046746857031 426.3391369459775 113.14628539365788 484.2982596031568 1.6726376764625 1.5495520948099 4.540406983164 -19.071619425001 0.5890507489541799 34.88642007676086 -0.3337383578045965
Cyclist 0 1 0 287.667082333006 422.63740066183385 309.37216921966825 450.8162347389877 1.5521107266436 0.78902813082522 1.8691533052748 -19.099954417528892 -0.6929609810622452 63.584049995344515 1.5369588162557033
Cyclist 0 0 0 1164.7927091349068 435.88393103141937 1210.5028535925078 483.7551120297328 1.5171767972539 0.61667204788539 1.736409992452 18.802826758429298 0.6614445754346162 36.70402367077526 -0.5670034951038265
Car 0 1 0 367.7665547429544 421.39419314939937 406.0704181385174 451.7411374191378 1.6073412643441 1.6585886911901 4.2062126202902 -14.157801314307743 -0.713448977991706 64.70683921997639 1.5165241571068035
Car 0 2 0 423.86804917499046 423.4136662240967 456.1939078761295 452.4900254574595 1.5303581617489 1.5167276476834 4.1976892792911 -11.057653841083148 -0.6710705513815657 64.84784264838582 1.5165241571068035
Pedestrian 0 0 0 330.03726857381554 424.5834940295867 347.03665140424283 458.6209511052543 1.6411764705882 0.66023649298757 0.65953298322884 -14.278173077689816 -0.18563619295825937 54.22481788281781 3.1297668353499897
Cyclist 0 0 0 1252.402444004103 439.2529532641673 1304.0698411821193 481.23539215545617 1.4223670509745 0.60764049102281 1.6477883138591 23.064557741020824 0.6300854263982869 38.62873104453475 -0.24099214511639655
Cyclist 0 0 0 1254.3184302700097 437.3203643859243 1308.3930703146257 480.4963523499098 1.4670152377712 0.63318595331973 1.8519277710894 23.371201787633275 0.6017837768423949 38.950063059380156 -0.3145640067105966
Pedestrian 0 2 0 553.8304665925966 424.7780220737037 567.7776466957423 458.6392549996661 1.6804086702484 0.66023649298757 0.66623661468891 -3.451463360203066 -0.19286502806690486 56.15161866122361 -3.137881844286997
Car 0 2 0 486.3920915704286 425.8219562066533 515.3997788410079 454.4613980574518 1.499955157022 1.5623288628838 4.2038980726267 -7.514293731211402 -0.5618809796789228 65.1102684688016 1.5165241571068035
