Cyclist 0 0 0 806.3986790122109 427.84297857901765 842.2530527297226 469.69231891355946 1.6260610920112 0.64947481605148 1.7289697261439 8.00783358331682 0.25043578254061183 45.35622374917253 -0.8224429172186366
Car 0 0 0 646.8406267154947 422.49812315082727 681.2508650856574 457.068256747361 1.7410071823862 1.8377211371806 4.3306247596259 1.9291723856534992 -0.40286413247979275 61.833132870301526 -1.5081469787809585
Car 0 0 0 443.76717216436776 428.2828171328188 553.8313835285004 472.3098571761443 1.6102041546783 1.7740544729298 4.5701640433529 -5.396789766374371 0.26801117635433475 46.55066704455269 -0.8191248292114066
Pedestrian 0 1 0 390.6197464631345 423.5288690428379 406.3163713148016 457.0699169909248 1.6411764705882 0.74465217913699 0.68041144734286 -11.529986206271673 -0.27007612295327477 55.301710788385435 3.0600198088158894
Pedestrian 0 0 0 387.1854291032057 423.94575819143375 402.73343447871326 457.97609005759625 1.6411764705882 0.73746832689761 0.65953298322884 -11.534871035101812 -0.2217582641224905 54.49581308277247 3.0605060492572895
Pedestrian 0 0 0 330.03726857381554 424.5834940295867 347.03665140424283 458.6209511052543 1.6411764705882 0.66023649298757 0.65953298322884 -14.278173077689816 -0.18563619295825937 54.22481788281781 3.1297668353499897
Car 0 0 0 -76.57792006862064 426.71131997460463 91.17003617584156 481.7048186395298 1.5694631397798 1.5495520948099 4.540406983164 -19.705071668707816 0.5051919025078294 34.636351074814556 -0.3337383578045965
Cyclist 0 1 0 287.667082333006 422.63740066183385 309.37216921966825 450.8162347389877 1.5521107266436 0.78902813082522 1.8691533052748 -19.099954417528892 -0.6929609810622452 63.584049995344515 1.5369588162557033
Cyclist 0 0 0 1152.626423084021 436.08104015676753 1202.94104922192 483.86372463454063 1.5171767972539 0.61667204788539 1.736409992452 18.42710612110263 0.6682453645090737 36.63597039642216 -0.44820273780429654
Car 0 1 0 367.7665547429544 421.39419314939937 406.0704181385174 451.7411374191378 1.6073412643441 1.6585886911901 4.2062126202902 -14.157801314307743 -0.713448977991706 64.70683921997639 1.5165241571068035
Car 0 2 0 423.8253674572264 423.4237680058805 456.1659762000496 452.5123358468606 1.5303581617489 1.5167276476834 4.1976892792911 -11.055413480086932 -0.6695924605315345 64.82290028809628 1.5165241571068035
Cyclist 0 0 0 1252.402444004103 439.2529532641673 1304.0698411821193 481.23539215545617 1.4223670509745 0.60764049102281 1.6477883138591 23.064557741020824 0.6300854263982869 38.62873104453475 -0.24099214511639655
Cyclist 0 0 0 1254.3184302700097 437.3203643859243 1308.3930703146257 480.4963523499098 1.4670152377712 0.63318595331973 1.8519277710894 23.371201787633275 0.6017837768423949 38.950063059380156 -0.3145640067105966
Pedestrian 0 2 0 556.1241870395413 424.7593417860366 570.0402805878905 458.61926118843786 1.6804086702484 0.66023649298757 0.66623661468891 -3.3364062092122344 -0.19391254472995922 56.15518158941716 -3.137881844286997
Car 0 2 0 486.3920915704286 425.8219562066533 515.3997788410079 454.4613980574518 1.499955157022 1.5623288628838 4.2038980726267 -7.514293731211402 -0.5618809796789228 65.1102684688016 1.5165241571068035
