Cyclist 0 0 0 831.863613556556 430.6660228191914 850.8586181846022 466.1864020325411 1.4677510685929 0.79959028658729 1.7289697261439 9.275056484140205 0.12112006023837069 48.39958482912805 -1.3529216170294966
Car 0 0 0 651.0589272796879 424.2460004647433 682.4386578800973 454.947471507117 1.664128658495 1.8157558446403 4.3306247596259 2.2528255856068227 -0.5482166592456568 66.79117418703844 -1.4992341330896566
Car 0 0 0 507.6635876172109 426.40837578233686 602.1058647322461 469.2129904838204 1.6844192716632 1.7740544729298 4.5701640433529 -3.2506121749067955 0.15980901976227607 49.69259757848181 -0.9444222035653767
Pedestrian 0 1 0 374.51552580835846 423.7597368137792 390.8415844159947 457.3478743668943 1.6411764705882 0.67936052345585 0.70423222095356 -12.286739329358484 -0.25376972944413595 55.1211000208022 3.0600198088158894
Pedestrian 0 0 0 368.98174793415416 424.3059420571343 385.6945808043051 458.6849171797724 1.6411764705882 0.80612467630293 0.68895713297397 -12.301690521572532 -0.18755084455740087 54.01762858878883 3.0605060492572895
Pedestrian 0 0 0 317.4939033943844 424.705352236513 334.6562949887304 458.7425803302093 1.6411764705882 0.66023649298757 0.65953298322884 -14.891449933553751 -0.17948199397677386 54.196300506134236 3.1297668353499897
Car 0 0 0 59.33270659506138 427.1778830963365 210.81242313637927 483.7378174497174 1.6726376764625 1.5495520948099 4.5630518734248 -16.419187658207438 0.579095736181047 36.40813205055932 -0.4759773741580966
Car 0 1 0 421.25752013409146 425.6975983555034 451.5338559911668 454.0694483585818 1.4832958407679 1.5675652507478 4.1774664810323 -11.284558257671025 -0.5823050700474126 64.90812781142124 1.4724913659845034
Cyclist 0 1 0 279.3401388804776 423.4158932395048 302.4192962436562 452.46777613351327 1.5521107266436 0.81685544815535 1.8691533052748 -18.976752562282773 -0.583200667590493 61.73709870060519 1.5369588162557033
Car 0 1 0 487.6159813446996 425.00981855094784 516.0535050058351 453.9138728969485 1.5163943086937 1.532582197363 4.3891261381794 -7.481578360902456 -0.5990619467618695 65.30990728915465 1.5165241571068035
Cyclist 0 0 0 1207.6808442653196 429.51579356879387 1254.9029521747225 485.4864987933405 1.8687392564505 0.61667204788539 1.736409992452 21.033189213664752 0.7515177098183247 38.033050180638696 -0.4812989043147966
Cyclist 0 1 0 70.37254644825191 421.1887095794367 105.00363944261176 456.95649071057807 1.4832130236488 0.61872066032054 2.1340716406561 -23.75106002077363 -0.27741140742759246 47.799120823070574 1.5168697018189032
Cyclist 0 1 0 37.32664007439132 421.1946202462197 76.17079394210339 455.72489123978767 1.407508650519 0.75158846581529 2.0186197089552 -24.687044108323878 -0.3230166139721967 46.9185363498033 1.5226375289877034
Cyclist 0 1 0 4.554288125995072 420.9657343817162 44.904649458477024 458.3047022207285 1.5229605822199 0.68495636152144 1.7562289550896 -25.8052786176985 -0.202579062167562 46.367822000232856 1.6444142466370897
Car 0 1 0 370.9503118426248 424.07321402191263 404.0121114039477 453.31875942099066 1.5411400581933 1.6093539231132 4.018914956959 -14.125203752650647 -0.6195659219807277 64.68050810933119 1.4573053831644036
Car 0 2 0 486.3920915704286 425.8219562066533 515.3997788410079 454.4613980574518 1.499955157022 1.5623288628838 4.2038980726267 -7.514293731211402 -0.5618809796789228 65.1102684688016 1.5165241571068035
Pedestrian 0 2 0 540.5725158130414 424.8865883011267 554.6987532350296 458.754873119124 1.6804086702484 0.66023649298757 0.66623661468891 -4.116448387671873 -0.18681079422773217 56.13102633921265 -3.137881844286997
