Cyclist 0 0 0 715.9353775794781 437.3972186078551 795.1474384387247 502.7498899403032 1.5440858941469 0.64947481605148 1.8893918969075 3.218791026695918 0.9525001086454499 27.85539734308074 -0.33954620994979656
Cyclist 0 0 0 455.6107357823477 432.121734402368 528.5161756815468 496.4613067840625 1.6363672512466 0.64947481605148 1.8504551565252 -3.651668412012648 0.8571006739470816 30.007645008758765 -0.5768118328358766
Cyclist 0 2 0 663.1559177255003 432.8222858902176 731.3273470317133 495.56142019310784 1.7013813591691 0.70804287109161 1.7956667522824 1.978508021720327 0.8932906247737311 31.616781547259265 -0.27476493650279665
Cyclist 0 0 0 834.1954543117098 432.1003002490249 904.603661854754 493.5363862002589 1.7147126086311 0.69359246311031 1.9736708034675 7.1015924967562185 0.8579353733454796 32.5621533259273 -0.3387963010349966
Car 0 1 0 385.3210420285648 423.6383220188176 500.484674199249 471.26992142869216 1.6628223453988 1.7750715529586 4.0878970327015 -7.223582492601363 0.2217759599494345 43.26969360552587 -0.6416694138726367
Car 0 0 0 62.03867324840962 417.2218388418146 157.25678202539353 469.3311426513466 2.006133642072 1.6764564666831 3.2239197609541 -21.486860535120865 0.1891164166078344 45.21457537894904 2.1271421083052893
Car 0 0 0 219.09083155270213 408.43749610376994 303.0769041422852 463.2906017828488 2.4569278645265 2.0687611331061 5.7011931168131 -17.862636338688226 -0.11260529115379328 53.69587660762833 1.6326333874152894
Car 0 2 0 368.2848309640208 421.31938797546974 406.44202900169046 451.56523228799 1.6073412643441 1.6585886911901 4.2062126202902 -14.175760594414896 -0.7252977147108984 64.90678326280685 1.5165241571068035
Car 0 2 0 489.0763869975371 425.1486798267613 517.8759814511219 453.70576768794575 1.499955157022 1.5623288628838 4.2038980726267 -7.372506446808892 -0.6054739525351177 65.19622620361967 1.5165241571068035
Pedestrian 0 2 0 481.8593657375412 423.0593595512903 500.016090637454 456.7358966699255 1.6411764705882 0.87871284073322 0.81368693180188 -6.897219059860134 -0.29121529106829214 55.40189734505073 3.1297668353499897
Pedestrian 0 2 0 629.9270732967481 423.3879822743371 644.476179470499 459.1028385102269 1.7882972193139 0.65657511114464 0.69591342216591 0.4094251064564603 -0.17221121104897458 56.63166251430868 3.1297668353499897
Pedestrian 0 2 0 480.1785938291743 423.3024797077595 491.9996707007373 457.2485570799855 1.6411764705882 0.54267731052831 0.51108855360951 -7.0161595092087286 -0.25089079255512475 54.435325374526165 3.1297668353499897
Car 0 2 0 419.9326791006492 422.2776153863133 452.564649766232 451.3319754474618 1.5303581617489 1.5167276476834 4.1976892792911 -11.25872855633522 -0.7355547212133724 64.72503572938798 1.5165241571068035
