Cyclist 0 0 0 843.2736591808793 430.5798898272358 861.6859292930803 464.7144529192696 1.5055290026205 0.64947481605148 1.8044566773315 10.438761799984023 0.06214814244361461 51.718230719743815 -1.2296921174878266
Car 0 0 0 652.0569898334987 423.5809943991069 682.8740980403943 453.6383317172497 1.7463551243616 1.9036170148016 4.3306247596259 2.4208708465114337 -0.6580116942669428 71.15434810207806 -1.5071833928031735
Car 0 0 0 542.1766374423431 428.9640391894552 621.9758283681505 467.036301544758 1.5560275416736 1.7740544729298 4.5701640433529 -2.1420966794873655 0.07668189052505309 52.16469501826781 -1.0850316239272066
Pedestrian 0 1 0 361.6775318704743 423.9162056081289 381.7525338837454 457.7819865599351 1.6411764705882 0.8079789718305 0.86316953027109 -12.781796039910585 -0.23584265306126057 54.881773585535655 3.0600198088158894
Pedestrian 0 0 0 355.70850828684564 424.4829006445195 371.434264435372 458.63446249735017 1.6411764705882 0.5678919977486 0.65953298322884 -12.985171080235258 -0.18306920898314658 54.02552289811883 3.0605060492572895
Pedestrian 0 0 0 306.7783027156416 424.7776015902464 324.0583259215883 458.7717692295722 1.6411764705882 0.66023649298757 0.65953298322884 -15.435251272254018 -0.1780708778108658 54.23854514334218 3.1297668353499897
Car 0 1 0 370.8081055521151 424.1119097138746 403.92573752361 453.4042051218509 1.5411400581933 1.6093539231132 4.018914956959 -14.110975941564341 -0.6139865549207981 64.5856596043484 1.4573053831644036
Car 0 0 0 150.828124808234 428.3283798494002 294.322515075209 479.69680222911234 1.5694631397798 1.5495520948099 4.540406983164 -14.008353874374135 0.4729301433294958 37.929493628844796 -0.4619180168772965
Car 0 1 0 421.25752013409146 425.6975983555034 451.5338559911668 454.0694483585818 1.4832958407679 1.5675652507478 4.1774664810323 -11.284558257671025 -0.5823050700474126 64.90812781142124 1.4724913659845034
Cyclist 0 1 0 271.2315707651244 424.02209038853056 303.24876587460943 453.9602587191463 1.5521107266436 0.77076800462942 2.1333737544124 -18.70447531846556 -0.4939928261524418 60.215157663381355 1.78122512375929
Car 0 1 0 487.6159813446996 425.00981855094784 516.0535050058351 453.9138728969485 1.5163943086937 1.532582197363 4.3891261381794 -7.481578360902456 -0.5990619467618695 65.30990728915465 1.5165241571068035
Cyclist 0 0 0 1252.7088644867108 437.1750816154431 1299.5658315110024 484.19275474794784 1.6001942968789 0.61667204788539 1.736409992452 23.224657408815514 0.7295904308943642 39.023026396858576 -0.44820273780429654
Pedestrian 0 2 0 532.6062975136523 424.95230562730114 546.839606568427 458.8243859982711 1.6804086702484 0.66023649298757 0.66623661468891 -4.5159816524434175 -0.18317331712439988 56.11865415442237 -3.137881844286997
