Cyclist 0 0 0 774.3575625376807 438.7468030250604 844.739419941564 498.38083742286994 1.4607702013202 0.53283284609408 1.7782511970894 4.716867686145077 0.8812951228032937 28.723322592628588 -0.33954620994979656
Cyclist 0 0 0 514.5501926661332 433.2033418400365 586.1986011769376 493.5867049937661 1.5872940457566 0.64947481605148 1.9279800392172 -2.154819601922368 0.8097309221757852 31.145285688690656 -0.5768118328358766
Cyclist 0 2 0 750.9448549776879 432.3829937917681 817.3710921993736 490.79689831921263 1.6263765129694 0.70804287109161 1.7956667522824 4.566630808129638 0.7815313384660059 32.4405140450395 -0.2742793373216965
Cyclist 0 0 0 918.9239953202762 427.2038545762595 981.8587995913068 490.3221798984365 1.8503427737422 0.63318595331973 1.8519277710894 9.861077967712443 0.8027299250011715 33.778233918947855 -0.3387963010349966
Car 0 1 0 430.81981736536034 422.3920196019983 538.5161201915871 470.6168141385477 1.7463551243616 1.8377211371806 4.0878970327015 -5.779610717527681 0.20024757006982485 44.851124192518164 -0.7969127548126366
Car 0 2 0 13.926600229159815 424.3309592050344 108.75330987977792 472.563864892001 1.7629811242937 1.6764564666831 2.9537502967559 -22.5723641625882 0.31002870693965434 43.327731951179494 2.1271421083052893
Car 0 0 0 196.08146081496017 409.4217154803228 287.7085883179382 463.0165378061319 2.3052787858162 2.0047795640606 5.7011931168131 -18.137846129771305 -0.12469452091877828 51.79042355207783 1.6731005187890897
Car 0 2 0 368.0261032045007 421.3567348074367 406.2564990733078 451.6530453960295 1.6073412643441 1.6585886911901 4.2062126202902 -14.166780954361334 -0.7193733463513322 64.80681124139214 1.5165241571068035
Car 0 0 0 -93.52184529080957 429.5315237903292 76.35085968827264 482.2098674496156 1.4829782398471 1.5975643976627 4.5701640433529 -20.19332458036057 0.5149154647563365 34.5911028028228 -0.3582066712752967
Car 0 2 0 420.1537565432656 422.2292426794079 452.7109669125727 451.2227799765765 1.5303581617489 1.5167276476834 4.1976892792911 -11.269930361316334 -0.7429451754635845 64.84974753083662 1.5165241571068035
Pedestrian 0 2 0 623.4412381243541 422.9084272546032 634.8305794675558 455.7251301918371 1.6411764705882 0.65657511114464 0.5389846235252 -0.0016653198519010898 -0.3422070837716411 56.56672998064403 3.1297668353499897
Pedestrian 0 0 0 409.3608084212639 424.0816668293201 426.0249083575464 458.0832701257779 1.6510665891204 0.71818294054327 0.65697388494748 -10.46508223630801 -0.21536955069112046 54.80370509408959 -3.0948583630042963
Car 0 2 0 488.9754634763882 425.2131108644013 517.8458297657774 453.84251060255326 1.499955157022 1.5623288628838 4.2038980726267 -7.35904439855222 -0.5965922899885808 65.0463506887275 1.5165241571068035
