Cyclist 0 0 0 442.2178284013834 436.0614769621598 528.9632359015784 514.922648107033 1.638025852911 0.64947481605148 1.768008040715 -3.0981516996294434 1.0939711486834016 24.391738540015144 -0.33954620994979656
Cyclist 0 0 0 167.55754282839854 436.3286450406426 248.3316418633608 504.9944127025997 1.5 0.64947481605148 1.6497001667913 -9.769353856589092 0.9323354629981195 25.58881804925391 -0.5768118328358766
Cyclist 0 0 0 253.6010809660676 438.7807864160218 331.45955591540894 499.1375857307443 1.4223670509745 0.68294227607441 1.7581490512214 -8.473850964873359 0.8683658540292982 27.90537592777746 -0.5768118328358766
Cyclist 0 1 0 470.09598507609337 437.20963341081233 542.1434091675911 496.4625262440725 1.39325469509 0.69359246311031 1.6497001667913 -3.0229709021231415 0.8004793423093048 27.71110358769337 -0.33954620994979656
Car 0 1 0 128.7817953254284 420.2291254082827 262.44789207454977 476.72409897248014 1.7415997578451 1.6764564666831 4.0878970327015 -14.741814811840266 0.3702661605175004 37.364948375029385 -0.4932137721149965
Car 1 1 0 -72.38229883844497 422.979224253894 75.06640560987285 475.23103837942017 1.7185108647073 1.716892016441 4.5207331891052 -23.3103129180933 0.33064252544269784 40.44433403552863 2.26273450505259
Car 0 2 0 197.73591645140743 422.2869909813709 255.99217655510648 462.46409519547313 1.8094908516624 1.6764564666831 2.4110575577846 -19.16108652998286 -0.04801547901342647 52.34794840107551 1.7473999765997892
Car 0 2 0 275.58567429594353 410.0155409743682 332.1747769315778 454.8708911922278 2.2874467711242 2.0184656633199 5.1146855738468 -17.885107442013464 -0.5368213292111759 60.77993919421528 1.5165241571068035
Car 0 2 0 368.7473843273663 421.3287142566065 406.3956980427022 451.5809873314289 1.6073412643441 1.6288523630805 4.2062126202902 -14.158707322103295 -0.7240029964086562 64.88310932251176 1.5165241571068035
Car 0 2 0 420.1843244414998 422.2551265131432 452.9281693754037 451.2863464465768 1.5303581617489 1.5259016141569 4.1976892792911 -11.24950367700947 -0.7386833976686893 64.77614128583349 1.5165241571068035
Car 0 2 0 488.6427286010169 425.2115501045135 518.0012297873377 453.8464044727273 1.499955157022 1.5905077817779 4.2038980726267 -7.363721995133803 -0.5965334191037036 65.04593402859412 1.5165241571068035
Pedestrian 0 2 0 514.3316287297799 423.4247104247398 526.7354932319074 457.5835152089241 1.6411764705882 0.67584492122793 0.55056820886921 -5.309978402112711 -0.2383390100362248 54.32727204849844 3.1297668353499897
Pedestrian 0 2 0 522.3330168530865 422.9793930299737 534.304044824896 456.4856445892773 1.6411764705882 0.53107338104082 0.55056820886921 -5.008530094859992 -0.29221656459108103 55.19008527896505 3.1297668353499897
Pedestrian 0 3 0 661.8449314914648 423.1674549758257 674.9427126743778 459.99168853595165 1.8350932209726 0.70833553053288 0.61821793578888 1.989992575113968 -0.12786440211577393 56.369246463636586 -3.1255745117996967
Pedestrian 0 0 0 453.6505750203931 423.7772609248709 471.9898132165293 458.00928538940576 1.6510665891204 0.78725302938842 0.75564544044054 -8.190312765432855 -0.22107808131184986 54.623748986934444 -3.0948583630042963
