Cyclist 0 0 0 835.8842277899075 432.2683522907017 905.3051202601598 496.52330490684056 1.6385441708041 0.61667204788539 1.7782511970894 6.514173168788754 0.8615312797876075 29.685572747781567 -0.33954620994979656
Cyclist 0 0 0 567.8829108566706 433.3505253670112 635.5915471271494 492.36273920492016 1.6209329955501 0.64947481605148 1.9279800392172 -0.7506997502264039 0.8123180213000157 32.50740330001798 -0.5768118328358766
Cyclist 0 2 0 845.280545811088 433.03333470522057 910.152016166116 491.26562574794434 1.6688784842183 0.70804287109161 1.7956667522824 7.505294276880219 0.8181739393882707 33.28097381558364 -0.2752392681622966
Cyclist 0 0 0 992.1234026218808 428.22275466061234 1052.7348874002796 487.3979015560904 1.7914024567168 0.63318595331973 1.8519277710894 12.464741782439933 0.7401065517683015 34.79801139076399 -0.3387963010349966
Car 0 1 0 470.7248498417408 421.327667275302 573.7151494717823 467.8833174915727 1.7463551243616 1.8377211371806 4.0878970327015 -4.403306520420947 0.10185058097471444 46.32697173116266 -0.7969127548126366
Car 0 2 0 -32.522540825716305 417.0865454106884 78.56058414755046 473.7567086409393 2.0331505884918 1.6764564666831 3.4670722787324 -23.5186511599774 0.33160197438209327 42.21508376769041 2.3558562477409897
Car 0 0 0 163.05116698092343 406.2753145530032 273.8470473666579 465.8094557912987 2.4819298576238 2.1455384613762 5.7011931168131 -18.534196858263254 -0.007869293904229621 49.88750496568776 1.7828863045309902
Car 0 2 0 368.8412809116344 421.3575110066213 407.0328487599296 451.6647361295255 1.6073412643441 1.6585886911901 4.2062126202902 -14.115174836688903 -0.718513500220258 64.78621511956699 1.5165241571068035
Car 0 2 0 420.7416937255066 425.2014139219598 453.3785649683823 454.5024166639867 1.5303581617489 1.5167276476834 4.1976892792911 -11.191615441579772 -0.5553979793446686 64.61558412717963 1.5165241571068035
Car 0 0 0 -1.1449155059493703 429.48488556557567 154.02316935787286 480.8711491132721 1.4829782398471 1.5975643976627 4.5428516867231 -18.074588228537152 0.4838342398569945 35.79637581762713 -0.42902654269219664
Pedestrian 0 1 0 462.027259064932 422.9473913924015 478.47394648531184 456.50124813735073 1.6411764705882 0.70299177444153 0.7267821395538 -7.923434102721415 -0.2970411696863168 55.31541299636635 3.1297668353499897
Pedestrian 0 0 0 455.9025341739562 423.44943540169714 470.6216749770165 457.5019622788561 1.6411764705882 0.66023649298757 0.62845282243833 -8.139156804860274 -0.2420475041579087 54.4235979095524 3.1297668353499897
Pedestrian 0 2 0 615.5915894150094 423.61446776271816 629.4535567930313 456.5474981901145 1.6411764705882 0.66023649298757 0.66623661468891 -0.3374660999565384 -0.30046125271264956 56.422709036122875 3.1297668353499897
Pedestrian 0 0 0 399.61828750966936 423.74280802893713 414.7220567386356 457.4704690243556 1.6411764705882 0.61610596129274 0.62343725210539 -10.988162187942693 -0.2433270353990747 54.78967448135122 3.1297668353499897
Car 0 2 0 488.9754634763882 425.2131108644013 517.8458297657774 453.84251060255326 1.499955157022 1.5623288628838 4.2038980726267 -7.35904439855222 -0.5965922899885808 65.0463506887275 1.5165241571068035
