Cyclist 0 0 0 886.2110882069253 430.2551054586756 953.5594238458444 496.15398575255017 1.7341893322696 0.61667204788539 1.7782511970894 8.055198304070094 0.8773596931582215 30.478854655646106 -0.33954620994979656
Cyclist 0 0 0 615.3297037890676 432.9470129012543 679.4386772428412 489.93011574399 1.6391273427633 0.72784124687984 1.8819486818795 0.6045664560340884 0.7788048043498879 34.019608235541 -0.5768118328358766
Cyclist 0 0 0 931.2636944319096 431.7437441898646 988.6710315415728 490.3215315565749 1.7374890931708 0.60764049102281 1.6477883138591 10.246889460972874 0.8190062910876303 34.08264251037581 -0.2752392681622966
Car 0 1 0 507.1377264345527 420.2470443781813 604.6749421674974 470.8736468335407 1.9879733423054 1.8377211371806 4.0878970327015 -3.108076935896356 0.2332361075735192 48.01751970208084 -0.8176946639658366
Car 0 1 0 138.48291750928632 404.4859217716638 254.87755808949183 468.2192271333609 2.5841388542614 2.017580869091 5.7011931168131 -18.93688910433137 0.08621897658751654 48.364889110678554 1.8113220504321896
Car 0 2 0 367.7665547429544 421.39419314939937 406.0704181385174 451.7411374191378 1.6073412643441 1.6585886911901 4.2062126202902 -14.157801314307743 -0.713448977991706 64.70683921997639 1.5165241571068035
Car 0 2 0 420.66302780537467 423.434758957524 453.1859027571286 452.5057041756036 1.5303581617489 1.5167276476834 4.1976892792911 -11.242073973149195 -0.6702557800444456 64.85655722024373 1.5165241571068035
Car 0 0 0 74.70614306341054 427.91706008909216 224.6559344090161 477.9987332670027 1.4829782398471 1.5975643976627 4.5701640433529 -16.16825329757561 0.39973325078528565 36.96947244019861 -0.49825434803059654
Pedestrian 0 1 0 449.73600025704445 423.081472767088 467.4761636814741 456.80022143017845 1.6411764705882 0.79953156682907 0.77065368253447 -8.484151209421146 -0.28427602205162616 55.17019063011765 3.1297668353499897
Pedestrian 0 0 0 443.914070800727 423.5795288700374 459.0474726207792 457.7792788923411 1.6411764705882 0.75733315684137 0.62845282243833 -8.700442043331314 -0.2306165746964735 54.300714145193695 3.1297668353499897
Cyclist 0 0 0 1054.1135362101568 433.6354739660285 1112.7478820783806 488.0431118058608 1.6883662057313 0.63318595331973 1.8519277710894 14.81716156676136 0.7838655748152672 35.72510965002188 -0.3387963010349966
Car 0 2 0 486.3563293856475 425.84392889225785 515.3878918519981 454.5075654765332 1.499955157022 1.5623288628838 4.2038980726267 -7.509806381792535 -0.5589204254967237 65.06030996383723 1.5165241571068035
Car 0 2 0 -71.27681516846155 420.5074105662213 38.4156439914982 471.1875903660273 1.7629811242937 1.6764564666831 3.2524248147919 -24.499680980024372 0.23298236107509335 41.20528655251477 2.3076210945840896
Pedestrian 0 0 0 388.7383446845296 423.86365967446864 403.98816401022657 457.6183307869728 1.6411764705882 0.61610596129274 0.62343725210539 -11.514582398686255 -0.23569559823735503 54.725990707418354 3.1297668353499897
Pedestrian 0 2 0 605.7881479239816 423.6957067091591 619.5605284619073 456.6417860778503 1.6411764705882 0.66023649298757 0.66623661468891 -0.8371115828036461 -0.2954473382101612 56.399475518818896 3.1297668353499897
