Cyclist 0 0 0 824.6063932057427 428.1847809658378 845.242117515736 468.3259716032053 1.6260610920112 0.84756031058826 1.7289697261439 8.778344370483223 0.20610431368432575 47.212409084576564 -1.3529216170294966
Car 0 0 0 648.6533697835845 421.9948500552936 682.1447555359689 455.40789350698304 1.7849377674669 1.8926343685315 4.3306247596259 2.123703938968474 -0.5127253172869105 65.29615840388483 -1.5014085193787516
Car 0 0 0 480.8333212956444 427.452945944836 579.4834085285221 471.6967053818737 1.6844192716632 1.7740544729298 4.5701640433529 -4.224870188257763 0.2536393875020499 48.24432681266403 -0.9444222035653767
Pedestrian 0 1 0 383.26150946189375 423.6603911058637 399.70030221509785 457.35686213672966 1.6411764705882 0.79705712243638 0.70423222095356 -11.841538584778563 -0.2565641333457692 55.11387460010717 3.0600198088158894
Pedestrian 0 0 0 375.5091310448692 424.1775651173014 392.0710804405778 458.4668047451075 1.6411764705882 0.80612467630293 0.68895713297397 -12.01704869931773 -0.19868118988053945 54.16896807617765 3.0605060492572895
Pedestrian 0 0 0 323.0312828643506 424.6378493920299 341.50619524498944 458.6888763549251 1.6411764705882 0.66023649298757 0.72818933263415 -14.586384993116246 -0.18254330360841306 54.21048602729986 3.1297668353499897
Car 0 0 0 -6.316729278266848 425.2115879996802 163.20099257647956 482.6681379466794 1.6726376764625 1.5495520948099 4.947422062163 -17.906097625483312 0.5343521363957143 35.66058805476012 -0.4056516782057966
Car 0 1 0 421.25752013409146 425.6975983555034 451.5338559911668 454.0694483585818 1.4832958407679 1.5675652507478 4.1774664810323 -11.284558257671025 -0.5823050700474126 64.90812781142124 1.4724913659845034
Cyclist 0 1 0 284.0156503998104 423.5655694330027 306.19888996467984 452.2628065074697 1.5521107266436 0.78902813082522 1.8691533052748 -18.968767222746965 -0.6010474440348239 62.499338364132015 1.5369588162557033
Cyclist 0 0 0 1179.0499616715238 429.5715703789153 1227.3970399438356 483.18629709013226 1.7454749212226 0.61667204788539 1.736409992452 19.602871239604063 0.6562632472186688 37.21427651737793 -0.4812989043147966
Car 0 1 0 369.1258750636412 424.0878045744119 401.2184200375461 453.3039100704027 1.5411400581933 1.5456859713278 4.018914956959 -14.2686570394417 -0.6201497583361906 64.70761044467274 1.4573053831644036
Pedestrian 0 2 0 549.8018946597458 424.8109044091382 563.8035964524435 458.67437750112464 1.6804086702484 0.66023649298757 0.66623661468891 -3.6535357518796205 -0.19102529715404049 56.14536116731527 -3.137881844286997
Car 0 2 0 486.3920915704286 425.8219562066533 515.3997788410079 454.4613980574518 1.499955157022 1.5623288628838 4.2038980726267 -7.514293731211402 -0.5618809796789228 65.1102684688016 1.5165241571068035
