Cyclist 0 0 0 824.6077027965061 428.35321145551313 845.6495354151723 468.7074914676903 1.6260610920112 0.84756031058826 1.7289697261439 8.733285520913205 0.22101344940580142 46.96900791777644 -1.3700650903278366
Car 0 0 0 647.2605958169066 422.2761097769051 680.1270500447179 454.3064107041741 1.6860939510354 1.8377211371806 4.3306247596259 2.0066633499687825 -0.5705217796181159 64.6221838627422 -1.5014085193787516
Car 0 0 0 470.5412831581176 427.7470597230253 576.5402215807165 470.4842738095656 1.6102041546783 1.7740544729298 4.5701640433529 -4.484194485461192 0.20448273472379253 47.85519164105908 -0.8191248292114066
Pedestrian 0 1 0 386.86519542911714 423.6207901624223 403.2415711812613 457.3087527564628 1.6411764705882 0.79705712243638 0.70423222095356 -11.666199679617387 -0.2590602625466675 55.134322903349364 3.0600198088158894
Pedestrian 0 0 0 376.120384721269 424.1708125860346 392.6715136237704 458.4586176091785 1.6411764705882 0.80612467630293 0.68895713297397 -11.987823885692125 -0.19909637359224291 54.172361941179474 3.0605060492572895
Pedestrian 0 0 0 323.0312828643506 424.6378493920299 341.50619524498944 458.6888763549251 1.6411764705882 0.66023649298757 0.72818933263415 -14.586384993116246 -0.18254330360841306 54.21048602729986 3.1297668353499897
Car 0 0 0 -18.04623884387263 425.3976528656361 152.7318097921089 483.07044737502576 1.6726376764625 1.5495520948099 4.947422062163 -18.20022824037508 0.5447425670098952 35.52219720713854 -0.4056516782057966
Car 0 1 0 421.25752013409146 425.6975983555034 451.5338559911668 454.0694483585818 1.4832958407679 1.5675652507478 4.1774664810323 -11.284558257671025 -0.5823050700474126 64.90812781142124 1.4724913659845034
Cyclist 0 1 0 286.33902017927534 422.9307078386746 309.3645573890259 453.9468286138434 1.6912473132942 0.84468276548547 1.8691533052748 -18.906242093702087 -0.5093909641838201 62.82318413606631 1.5369588162557033
Cyclist 0 0 0 1173.710150881017 429.76258592449767 1219.077697172038 483.8181424863186 1.7454749212226 0.61667204788539 1.736409992452 19.267258339196413 0.6700853287270953 37.02417572402949 -0.5670034951038265
Car 0 1 0 369.0534916150174 424.1071410666152 401.1733063161524 453.3465645501012 1.5411400581933 1.5456859713278 4.018914956959 -14.261543133898563 -0.6173600748062558 64.66018619218185 1.4573053831644036
Cyclist 0 0 0 1252.402444004103 439.2529532641673 1304.0698411821193 481.23539215545617 1.4223670509745 0.60764049102281 1.6477883138591 23.064557741020824 0.6300854263982869 38.62873104453475 -0.24099214511639655
Cyclist 0 0 0 1254.3184302700097 437.3203643859243 1308.3930703146257 480.4963523499098 1.4670152377712 0.63318595331973 1.8519277710894 23.371201787633275 0.6017837768423949 38.950063059380156 -0.3145640067105966
Pedestrian 0 2 0 551.4027663449706 424.7978264755956 565.3828141273291 458.6604195645445 1.6804086702484 0.66023649298757 0.66623661468891 -3.5732374915869927 -0.1917563578916497 56.147847731018814 -3.137881844286997
Car 0 2 0 486.3920915704286 425.8219562066533 515.3997788410079 454.4613980574518 1.499955157022 1.5623288628838 4.2038980726267 -7.514293731211402 -0.5618809796789228 65.1102684688016 1.5165241571068035
