Cyclist 0 0 0 836.8716819308006 426.8504781008447 853.4137047303682 453.2505848125337 1.5055290026205 0.685464373228 1.8044566773315 12.909313506244269 -0.5795255684678438 66.34232509453648 -1.5100329616690367
Car 0 0 0 635.487480607808 422.19627541030457 665.1570074567079 452.3827497305981 1.7213672991808 1.7921704440404 4.2697281204251 1.3247400185419786 -0.7208604051910058 69.64824078704763 -1.5095656586330586
Car 0 1 0 369.376599009676 424.2304998631944 402.7165444929237 453.65576707182805 1.5411400581933 1.6093539231132 4.018914956959 -14.128918820297436 -0.5977199651840996 64.31631980481241 1.4573053831644036
Car 0 0 0 503.29743443556674 428.2717033194676 607.2995825250996 470.8422179077379 1.6163605120781 1.7854587373872 4.7006566407001 -3.149525844885118 0.2181676297993817 48.46210762881722 -0.8513390523864466
Cyclist 0 0 0 374.22975202012 429.9715546282168 434.37566629704406 490.0243970953349 1.6183426413098 0.56933030011995 1.6211700691881 -6.35180024489059 0.7318799928316163 31.528477363191563 -0.7599898150483766
Pedestrian 0 1 0 258.0397477882468 423.98262128284347 273.7574750186482 458.06338740206473 1.6411764705882 0.62674029723885 0.59087663382354 -17.814028127465562 -0.2109011883870658 53.926299975680095 3.0605060492572895
Pedestrian 0 1 0 305.0768899681749 424.6884905113024 321.5908532048797 458.60186939495367 1.6411764705882 0.68423870774771 0.65620160155939 -15.595707070382307 -0.1886194856016644 54.43402989202358 3.0605060492572895
Pedestrian 0 0 0 295.3701506541879 425.1890275095071 311.2629828203924 459.7175964521152 1.6411764705882 0.78231920689815 0.58951659922784 -15.8365804544654 -0.13423749407455973 53.5554675935278 3.0605060492572895
Cyclist 0 1 0 186.6284920800736 421.2127658522647 241.26654266053143 461.8178444915349 1.8736381970431 0.91071783596402 2.4876297735894 -20.257424272625034 -0.08365705705651899 53.55401410123629 2.12891488542809
Car 0 1 0 422.4719273938624 425.65297024567184 453.5783245185663 454.008095650923 1.4832958407679 1.6237740442564 4.1774664810323 -11.198356309919845 -0.5866327431628067 64.96993225130329 1.4724913659845034
Car 0 1 0 487.5615629324661 425.04315381135314 516.0357178662424 453.9854054482988 1.5163943086937 1.532582197363 4.3891261381794 -7.474550760939765 -0.5944254479029135 65.23166769717038 1.5165241571068035
Pedestrian 0 2 0 478.8864620837729 424.9252884091154 493.5564570943488 460.4804406487266 1.7306212232884 0.66023649298757 0.66623661468891 -7.083525244935744 -0.09833572578909222 55.01326656326609 3.0990518000614897
