Cyclist 0 0 0 849.8158672707738 431.670948229774 864.4224132333013 463.5725440592163 1.5055290026205 0.64947481605148 1.8044566773315 11.361885963205415 0.016228740583330736 55.23157002974476 -1.3690095482877265
Car 0 0 0 648.3568903632729 424.1859696063665 676.1416341134734 452.2796823558692 1.7463551243616 1.8377211371806 4.3306247596259 2.2331986666427412 -0.7853042380058971 76.0564614002705 -1.5079551480206725
Car 0 0 0 585.077122885677 428.87895865852624 643.3889406690331 462.813376855952 1.4820231181442 1.4771940049903 4.5701640433529 -0.6934042213399353 -0.10682332967197603 55.605998326712516 -1.2134051379569466
Car 0 1 0 370.4148115886112 424.2188924493156 403.6869424111644 453.64051895639074 1.5411400581933 1.6093539231132 4.018914956959 -14.071849461076035 -0.5986432955060763 64.32482621564704 1.4573053831644036
Car 0 0 0 260.2022368027363 428.6717608688524 399.9866937962091 477.9016478920543 1.5694631397798 1.5495520948099 4.7006566407001 -10.831387403499768 0.42677511193102957 40.186335531677884 -0.5690159522302864
Car 0 1 0 422.5187075135881 425.6316759811676 453.5992186995983 453.9631235468681 1.4832958407679 1.6237740442564 4.1774664810323 -11.205000174529118 -0.5895442808034481 65.0193335362403 1.4724913659845034
Car 0 1 0 487.5615629324661 425.04315381135314 516.0357178662424 453.9854054482988 1.5163943086937 1.532582197363 4.3891261381794 -7.474550760939765 -0.5944254479029135 65.23166769717038 1.5165241571068035
Cyclist 0 0 0 10.84181350307415 432.2832498898499 85.75379364589219 500.4490321436461 1.5001844187458 0.56933030011995 1.4777228879786 -13.453454452043395 0.8358540655962134 25.284274314509467 -0.5667741758181666
Cyclist 0 1 0 257.94395121775466 422.5293106605716 290.84626632741066 455.40321343190783 1.6726957684075 0.77076800462942 2.0957259822757 -18.95686055918871 -0.4069362133498327 58.79260576047212 1.78122512375929
Pedestrian 0 2 0 518.4799758824528 425.254165649788 532.994962484476 459.3542457029804 1.6804086702484 0.66023649298757 0.66623661468891 -5.1879113096662435 -0.15542414961693285 55.73678506848842 -3.137881844286997
Pedestrian 0 2 0 348.048010845009 424.12875611299256 367.3774217082513 458.07945940885537 1.6411764705882 0.8079789718305 0.81237869482588 -13.440100983174466 -0.2200533671730654 54.697882146474484 3.0600198088158894
Pedestrian 0 2 0 341.0141237680716 424.60765611911495 357.5703503168298 459.0056201835008 1.6411764705882 0.79347714579462 0.65953298322884 -13.659914764925974 -0.1708216170999096 53.902736029560266 3.0605060492572895
Pedestrian 0 1 0 298.0785719431607 424.8628624110152 315.47093834651884 458.8562202122047 1.6411764705882 0.66023649298757 0.65953298322884 -15.861519887931676 -0.17379329607046098 54.218723650706906 3.1297668353499897
