Cyclist 0 0 0 801.1815263161922 434.18280878690007 836.7369970840099 472.4444101936813 1.4524567474049 0.64947481605148 1.8044566773315 7.713250485339595 0.3537737384397445 44.9115187530328 -0.8780829483186666
Car 0 0 0 643.5982021634001 424.7142739990812 678.018980093417 459.5178904881762 1.7463551243616 1.8377211371806 4.3306247596259 1.7874093241228795 -0.2705155740550267 61.84499403776627 -1.4931883890340105
Car 0 0 0 434.25771509911885 426.4966146759626 543.8472772597206 472.87928182915687 1.6944720625327 1.6574307176679 4.5701640433529 -5.742253574258527 0.2884016433627307 46.06565081969839 -0.8241655042796066
Pedestrian 0 1 0 395.68812047728704 423.59600080167473 411.96612893817166 457.3072487330184 1.6411764705882 0.79705712243638 0.65519197137833 -11.208780569226098 -0.2576082527803615 55.0547408624979 3.1297668353499897
Pedestrian 0 0 0 387.70179819316274 424.0135543655559 404.3012870522797 458.1454457005129 1.6411764705882 0.76643026461386 0.65953298322884 -11.448714387576103 -0.21275591522805876 54.33512736593843 3.1297668353499897
Car 0 0 0 -101.74164132666556 427.0806625195393 69.3955209362307 482.442897826262 1.5694631397798 1.5495520948099 4.540406983164 -20.327831045694687 0.5240194179274233 34.39628816536267 -0.3337383578045965
Cyclist 0 1 0 289.044747167771 422.445733568666 310.3103700455643 450.4220625914996 1.5521107266436 0.83467844631473 1.8691533052748 -19.17557024625979 -0.720960842443479 64.06055383499239 1.5017823661987033
Cyclist 0 0 0 1137.9383070059523 435.82212520678826 1189.0153488244646 486.4427803921472 1.5898171094257 0.61667204788539 1.736409992452 17.724282114859893 0.7431439778131727 36.20369578486557 -0.44820273780429654
Car 0 1 0 367.7665547429544 421.39419314939937 406.0704181385174 451.7411374191378 1.6073412643441 1.6585886911901 4.2062126202902 -14.157801314307743 -0.713448977991706 64.70683921997639 1.5165241571068035
Car 0 2 0 423.8253674572264 423.4237680058805 456.1659762000496 452.5123358468606 1.5303581617489 1.5167276476834 4.1976892792911 -11.055413480086932 -0.6695924605315345 64.82290028809628 1.5165241571068035
Pedestrian 0 0 0 330.4215911115158 424.5585892337199 348.5963631077877 458.5951845682898 1.6411764705882 0.66023649298757 0.71838128271911 -14.235355208197804 -0.18725721008870097 54.24669398564059 3.1297668353499897
Cyclist 0 0 0 1252.402444004103 439.2529532641673 1304.0698411821193 481.23539215545617 1.4223670509745 0.60764049102281 1.6477883138591 23.064557741020824 0.6300854263982869 38.62873104453475 -0.24099214511639655
Cyclist 0 0 0 1254.3184302700097 437.3203643859243 1308.3930703146257 480.4963523499098 1.4670152377712 0.63318595331973 1.8519277710894 23.371201787633275 0.6017837768423949 38.950063059380156 -0.3145640067105966
Pedestrian 0 2 0 559.3229234260558 424.73334154442966 573.1956118157 458.5913829983164 1.6804086702484 0.66023649298757 0.66623661468891 -3.1759456329129216 -0.19537342852547046 56.16015050709315 -3.137881844286997
Car 0 2 0 486.3920915704286 425.8219562066533 515.3997788410079 454.4613980574518 1.499955157022 1.5623288628838 4.2038980726267 -7.514293731211402 -0.5618809796789228 65.1102684688016 1.5165241571068035
