Cyclist 0 0 0 923.2407253366245 432.9966290918601 988.8988439001888 494.19131220638207 1.6430368176302 0.61667204788539 1.7782511970894 9.259444709357394 0.844365564943493 31.13669060711237 -0.33954620994979656
Cyclist 0 0 0 644.2868062317108 431.70818544402016 704.5355154779949 488.2528781046941 1.6841151839619 0.64947481605148 1.8819486818795 1.4726470038257413 0.7553984174551173 35.05752954412357 -0.5768118328358766
Cyclist 0 0 0 985.3925035781388 430.7274394579628 1045.05960657618 489.2337692499521 1.7708832152157 0.60764049102281 1.7747868026614 12.20049759484225 0.8007580563613427 34.709255965732645 -0.2752392681622966
Car 0 1 0 532.2292957784583 421.81082854048384 624.3779157198144 469.65309954814194 1.9173666469126 1.8262625109357 4.2100481202379 -2.1957014602283733 0.18624761477138274 49.34742410954963 -0.9007544173760166
Car 0 2 0 99.96306110394028 407.47313222566527 234.0524744069187 466.8315837494148 2.2904409140585 2.006814823595 5.8093962282982 -19.54192885914861 0.014366964722383746 46.64062289191923 1.9239876855033895
Car 0 2 0 367.9530379347802 421.88456640831146 406.2442652336602 452.26300711861103 1.6073412643441 1.6585886911901 4.2062126202902 -14.147713903983014 -0.6838908994937558 64.7094969034043 1.5165241571068035
Car 0 0 0 125.35995259729827 427.0203382320207 276.6132021335651 476.15328421387375 1.4829782398471 1.5975643976627 4.7340381831317 -14.743442652863807 0.3440683224344658 37.883337444713476 -0.5211467495645965
Pedestrian 0 0 0 382.86286894257273 423.93262830594966 400.1444825710121 457.7489978010138 1.6411764705882 0.61610596129274 0.71997704449293 -11.740078213384136 -0.2293868604536105 54.647973748955444 3.1297668353499897
Pedestrian 0 1 0 443.5067259973066 423.1791075026996 462.065293637521 457.0189914036533 1.6411764705882 0.84419423691681 0.79961562025073 -8.753159642023 -0.2741579769740855 55.03385618366605 3.1297668353499897
Pedestrian 0 0 0 439.427368953064 423.5657071359027 454.3518196155637 457.5824764880331 1.6411764705882 0.66023649298757 0.62845282243833 -8.952940555633452 -0.23808575183826758 54.45593597803142 3.1297668353499897
Cyclist 0 0 0 1101.5950857942682 436.18350193516034 1158.8000699498389 489.4151590500729 1.6883662057313 0.63318595331973 1.8519277710894 16.718073624651655 0.8480685063909384 36.47591269405189 -0.3387963010349966
Car 0 2 0 486.32051036349833 425.86593430507 515.3759872151155 454.5538062143623 1.499955157022 1.5623288628838 4.2038980726267 -7.505319032373667 -0.5559598713145246 65.01035145887283 1.5165241571068035
Car 0 2 0 418.8709943963465 423.1493816408723 451.5109676073727 452.2044407352582 1.5303581617489 1.5167276476834 4.1976892792911 -11.34240520286426 -0.6872530370282132 64.84653805631986 1.5165241571068035
Pedestrian 0 2 0 601.0456278475178 423.7352159411863 614.7744184946242 456.6874260974676 1.6411764705882 0.66023649298757 0.66623661468891 -1.078704036685449 -0.2930229714345407 56.388241468576545 3.1297668353499897
