Cyclist 0 0 0 857.2839737115894 430.8258247325381 925.4971645548136 484.8788182800206 1.3941176470588 0.61667204788539 1.7782511970894 7.178361477674944 0.5647870724445974 30.11562619840373 -0.33954620994979656
Cyclist 0 0 0 591.2936582211127 433.8442880693467 660.6403130400741 487.154748018363 1.4892888071582 0.64947481605148 2.0640727478678 -0.0448650886817534 0.6772637781166927 33.28748789983435 -0.5768118328358766
Cyclist 0 1 0 888.5510627149807 432.50230183349936 952.8933991399632 481.9407850659351 1.4223670509745 0.70804287109161 1.7956667522824 8.872316188408142 0.5475253568780959 33.51096405411799 -0.2752392681622966
Car 0 1 0 488.6365966462537 421.8803672947752 592.3799959452235 469.6960240409519 1.8240257956756 1.8377211371806 4.3321992077743 -3.7075075454211577 0.17291626816297884 47.260382772929276 -0.8176946639658366
Car 0 2 0 -69.50082865391403 416.6994824390472 40.42908975680041 476.3991890860652 2.0871844813315 1.6764564666831 3.1698858681145 -24.178051809694363 0.41964502126580416 40.82531439523293 2.1271421083052893
Car 0 1 0 149.43148157621152 413.0800848126812 263.41577836143915 467.3271217560233 2.1752790809564 2.1455384613762 5.7011931168131 -18.711295386818755 0.0526143823962229 48.89896148826269 1.7828863045309902
Car 0 2 0 368.0261032045007 421.3567348074367 406.2564990733078 451.6530453960295 1.6073412643441 1.6585886911901 4.2062126202902 -14.166780954361334 -0.7193733463513322 64.80681124139214 1.5165241571068035
Car 0 2 0 420.8598656469326 424.41086543895256 453.4534320476401 453.62553115723057 1.5303581617489 1.5167276476834 4.1976892792911 -11.198667413635114 -0.6054780798617767 64.68767650733568 1.5165241571068035
Car 0 0 0 38.52497775480549 428.7684074914495 190.5640470506488 479.4728292038159 1.4829782398471 1.5975643976627 4.5701640433529 -17.05520603179493 0.44594794213809885 36.305406448379976 -0.42902654269219664
Pedestrian 0 1 0 458.3113764419072 422.9562611003629 477.5032288741754 456.5369147740072 1.6411764705882 0.70299177444153 0.86193784889635 -8.039612676071016 -0.29587532419427653 55.310010692158805 3.1297668353499897
Pedestrian 0 0 0 451.7550997939799 423.422623072879 466.6989054566471 457.49515728793216 1.6411764705882 0.74850894222297 0.62845282243833 -8.34980292063342 -0.24509281315674697 54.49991556092098 3.1297668353499897
Cyclist 0 0 0 1018.7380759346834 427.60373354089165 1078.1915321707486 475.5813209529053 1.4670152377712 0.63318595331973 1.8519277710894 13.486139290208628 0.37934383896560386 35.27173020022579 -0.3387963010349966
Car 0 2 0 488.3994112364556 425.1655921644256 517.2542030095348 453.7362350623149 1.499955157022 1.5623288628838 4.2038980726267 -7.407459909565755 -0.6035255229731863 65.16793359052977 1.5165241571068035
Pedestrian 0 2 0 610.4023431070732 423.65739734489193 624.2169771866755 456.5973980441414 1.6411764705882 0.66023649298757 0.66623661468891 -0.6019842967579311 -0.2978068273877714 56.41040893872613 3.1297668353499897
Pedestrian 0 0 0 397.6254943573606 423.7614958235599 412.75408109224986 457.4897016478824 1.6411764705882 0.61610596129274 0.62343725210539 -11.08613189046172 -0.2423439149083993 54.78511888972314 3.1297668353499897
