Cyclist 0 0 0 845.9276925751925 429.1237459597182 861.6128855995127 457.4750503255466 1.5055290026205 0.685464373228 1.8044566773315 12.534126941915932 -0.3102660098795558 61.89342438451349 -1.4351534561093267
Car 0 0 0 623.2343669729913 427.2324840737412 659.6247014825603 456.8908290235524 1.4820231181442 1.5746200446415 4.5701640433529 0.7202643073214103 -0.4194596095940395 62.85624453837433 -1.4203913581430565
Car 0 1 0 370.4148115886112 424.2188924493156 403.6869424111644 453.64051895639074 1.5411400581933 1.6093539231132 4.018914956959 -14.071849461076035 -0.5986432955060763 64.32482621564704 1.4573053831644036
Car 0 0 0 419.3264154026113 426.8818070844807 540.3539592390648 472.7310513520833 1.6163605120781 1.7137657173433 4.7006566407001 -5.9477915740256 0.2708781810710545 44.70375366497414 -0.7132678187072666
Cyclist 0 1 0 218.6699451564329 422.5514587156413 267.6272722571662 459.705657443565 1.7626635171226 0.91071783596402 2.3211677537087 -19.35611376077654 -0.18357927140704808 55.11279220474423 2.0897952839983898
Cyclist 0 0 0 248.49970199635084 430.33604345362113 317.6191943988501 495.6583071718076 1.6183426413098 0.56933030011995 1.6211700691881 -9.005144309549754 0.8159714544886701 28.825846916288622 -0.6547153310232666
Pedestrian 0 1 0 321.8415659641657 424.52001637988593 338.64867115004864 458.5481086608265 1.6411764705882 0.78231920689815 0.66674843313788 -14.745156804291284 -0.19418009385900176 54.423930219161434 3.0605060492572895
Pedestrian 0 0 0 310.0649891113511 425.08936205991415 325.74749068144735 459.6771468231843 1.6411764705882 0.78231920689815 0.58951659922784 -15.100605598550992 -0.13625075143556717 53.50002117511944 3.0605060492572895
Car 0 1 0 487.5615629324661 425.04315381135314 516.0357178662424 453.9854054482988 1.5163943086937 1.532582197363 4.3891261381794 -7.474550760939765 -0.5944254479029135 65.23166769717038 1.5165241571068035
Car 0 1 0 422.5187075135881 425.6316759811676 453.5992186995983 453.9631235468681 1.4832958407679 1.6237740442564 4.1774664810323 -11.205000174529118 -0.5895442808034481 65.0193335362403 1.4724913659845034
Pedestrian 0 1 0 273.3155153321462 423.68563748450725 292.856733337588 457.8593944369422 1.6411764705882 0.79347714579462 0.75761348237929 -17.010272985932268 -0.2273394263241509 54.10342432364876 3.0605060492572895
Pedestrian 0 2 0 492.3928486458921 424.669664282042 506.8020758794692 460.041265160296 1.7306212232884 0.66023649298757 0.66623661468891 -6.453190698653552 -0.12071322104107664 55.3105082191037 3.0990518000614897
