Cyclist 0 0 0 838.6970638585875 427.1771898451377 855.4666048276364 453.8652562935277 1.5055290026205 0.685464373228 1.8044566773315 12.89164204900871 -0.5381366479298748 65.65362763870316 -1.5100329616690367
Car 0 0 0 632.1724268173097 422.8255379094989 664.5977385429372 453.7130090018992 1.7213672991808 1.6687229779448 4.2697281204251 1.1903590565271451 -0.6255437111658445 68.07353914314875 -1.4470475878642266
Car 0 1 0 369.376599009676 424.2304998631944 402.7165444929237 453.65576707182805 1.5411400581933 1.6093539231132 4.018914956959 -14.128918820297436 -0.5977199651840996 64.31631980481241 1.4573053831644036
Car 0 0 0 482.4316821906601 427.1080939617676 589.454009599848 470.43089089572527 1.6163605120781 1.7854587373872 4.7006566407001 -3.9136902919335768 0.1943623736005482 47.523021825808094 -0.8513390523864466
Cyclist 0 0 0 347.28547900223515 430.8550698960595 410.3860868946582 492.006020782614 1.6183426413098 0.56933030011995 1.6211700691881 -6.94132629181015 0.774196159959697 30.893495309081935 -0.6547153310232666
Pedestrian 0 1 0 307.261525765484 424.6957831110389 323.76264118795706 458.64701846840507 1.6411764705882 0.68423870774771 0.65620160155939 -15.470845243648961 -0.18625950997119042 54.37953095150229 3.0605060492572895
Pedestrian 0 0 0 299.0727477412967 425.14679773552274 314.9025817996289 459.6677964055925 1.6411764705882 0.78231920689815 0.58951659922784 -15.661231572711849 -0.13672859634495635 53.575830783541676 3.0605060492572895
Cyclist 0 1 0 197.53099916532275 420.9801604092785 248.7256181952669 461.0893926997703 1.8736381970431 0.91071783596402 2.3211677537087 -19.980300278542142 -0.11440725089540421 54.03374435206785 2.12891488542809
Pedestrian 0 1 0 265.7816662870403 423.89377402235647 281.39069507313974 457.9599868134299 1.6411764705882 0.62674029723885 0.59087663382354 -17.4438471548767 -0.21616018206893636 53.96928893237501 3.0605060492572895
Car 0 1 0 422.4719273938624 425.65297024567184 453.5783245185663 454.008095650923 1.4832958407679 1.6237740442564 4.1774664810323 -11.198356309919845 -0.5866327431628067 64.96993225130329 1.4724913659845034
Car 0 1 0 487.5615629324661 425.04315381135314 516.0357178662424 453.9854054482988 1.5163943086937 1.532582197363 4.3891261381794 -7.474550760939765 -0.5944254479029135 65.23166769717038 1.5165241571068035
Pedestrian 0 2 0 478.8864620837729 424.9252884091154 493.5564570943488 460.4804406487266 1.7306212232884 0.66023649298757 0.66623661468891 -7.083525244935744 -0.09833572578909222 55.01326656326609 3.0990518000614897
