Cyclist 0 0 0 844.8423080662644 432.2897821892695 859.1150867365137 465.5660355311073 1.5055290026205 0.64947481605148 1.8044566773315 10.680677779726125 0.10658836100576516 53.05351507189003 -1.3287427646255565
Car 0 0 0 650.4344648720393 423.402297770358 679.4680863571566 452.4930922331464 1.7463551243616 1.8515843144326 4.3306247596259 2.3416706864329035 -0.7482219534967738 73.40425258470901 -1.5033913610506366
Car 0 0 0 559.5438980517011 427.75042227332585 634.076202357591 464.5575130211019 1.5560275416736 1.7740544729298 4.5701640433529 -1.4995276954355379 -0.030880496868987736 53.705018510330426 -1.1154286322640365
Pedestrian 0 1 0 353.49116430805606 424.0680943910808 372.7242842034672 458.00656342294434 1.6411764705882 0.8079789718305 0.81237869482588 -13.177208748545592 -0.22379590784278053 54.728541058875074 3.0600198088158894
Pedestrian 0 0 0 348.6736855514074 424.5531558656818 365.1162643776616 458.97558480763706 1.6411764705882 0.79347714579462 0.65953298322884 -13.278840757841788 -0.17230090057176914 53.88131862235271 3.0605060492572895
Car 0 1 0 370.7368410187049 424.1312988514743 403.88245873606456 453.4470249616546 1.5411400581933 1.6093539231132 4.018914956959 -14.103862036021201 -0.6111968713908633 64.53823535185751 1.4573053831644036
Car 0 0 0 201.28886600355557 426.86044894021205 341.7297616081654 477.0522058618092 1.5694631397798 1.5495520948099 4.540406983164 -12.617370282404396 0.3908318547130949 38.97734687794718 -0.5272777365359966
Car 0 1 0 422.354654956037 425.7063433544658 453.5259546335949 454.1208354898246 1.4832958407679 1.6237740442564 4.1774664810323 -11.181746648396864 -0.5793538990612022 64.84642903896079 1.4724913659845034
Car 0 1 0 487.4887944242681 425.0877214125297 516.0119375458564 454.08105882938855 1.5163943086937 1.532582197363 4.3891261381794 -7.465180627656218 -0.5882434494243246 65.12734824119168 1.5165241571068035
Pedestrian 0 1 0 302.6386798316328 424.81813556933326 319.97218533211213 458.8119496209286 1.6411764705882 0.66023649298757 0.65953298322884 -15.638063611567565 -0.1760356673180775 54.22911436860966 3.1297668353499897
Cyclist 0 1 0 267.63388235060705 422.0452071920125 299.6982039777473 454.346548751684 1.6726957684075 0.77076800462942 2.0957259822757 -18.775593459726625 -0.4694616591582264 59.81430519319297 1.78122512375929
Pedestrian 0 2 0 526.5375447043157 425.1870452355851 540.9442277827374 459.2838574273856 1.6804086702484 0.66023649298757 0.66623661468891 -4.78642000820273 -0.15907945330504236 55.74921788700712 -3.137881844286997
