Cyclist 0 0 0 846.7236865322255 431.1031823540906 860.6729429834652 463.6039333738314 1.5055290026205 0.64947481605148 1.8044566773315 11.00005793934267 0.015787041692921222 54.22956189435165 -1.3276924772664065
Car 0 0 0 649.438646438136 423.20564184502166 678.7832857058132 451.6444587551406 1.7463551243616 1.9145996610718 4.3306247596259 2.3209654418778958 -0.8183876516763396 75.03666879282102 -1.5105764399517585
Car 0 0 0 573.9456736163589 428.5531245888029 640.4614693131336 464.63584678582254 1.5560275416736 1.6680328772371 4.5701640433529 -1.022486439595483 -0.023356674728051294 54.7627175253265 -1.1712120051661665
Pedestrian 0 1 0 349.7164101208989 424.11014797414816 369.0163156674741 458.0571135461817 1.6411764705882 0.8079789718305 0.81237869482588 -13.359534376279552 -0.22120031547814417 54.707277952884304 3.0600198088158894
Pedestrian 0 1 0 343.4149233014827 424.5807404777006 359.9294696739461 458.9734002616819 1.6411764705882 0.79347714579462 0.65953298322884 -13.54561695688864 -0.17244539437328674 53.916009384713526 3.0605060492572895
Car 0 1 0 370.9148005409037 424.0828776403187 403.990540855103 453.3400966446116 1.5411400581933 1.6093539231132 4.018914956959 -14.121646799879091 -0.61817108021579 64.65679598308623 1.4573053831644036
Car 0 0 0 228.89512753201427 427.9771403016357 367.34323975876 477.7845406838634 1.5694631397798 1.5495520948099 4.540406983164 -11.812839344523283 0.4180773058774512 39.507385616891284 -0.5690159522302864
Car 0 1 0 422.37814634629547 425.6956529896718 453.5364440081615 454.0982520581845 1.4832958407679 1.6237740442564 4.1774664810323 -11.185068580701401 -0.5808096678815238 64.8711296814293 1.4724913659845034
Car 0 1 0 487.4705645607701 425.0988849130583 516.0059809778149 454.10502173948674 1.5163943086937 1.532582197363 4.3891261381794 -7.462838094335264 -0.5866979498046926 65.10126837719724 1.5165241571068035
Cyclist 0 0 0 -33.652298982449906 442.39130977165286 43.22786108178275 502.906603522504 1.2882352941176 0.56933030011995 1.4777228879786 -14.188569096107312 0.8735653059555843 24.743770259959962 -0.5667741758181666
Pedestrian 0 1 0 299.63965021117855 424.8475420835395 317.0118726982495 458.8410638726489 1.6411764705882 0.66023649298757 0.65953298322884 -15.785018165346143 -0.17456098658203398 54.222280981167025 3.1297668353499897
Cyclist 0 1 0 260.8971954349515 422.3817775917752 293.543121071066 455.0811296235855 1.6726957684075 0.77076800462942 2.0957259822757 -18.902262035254626 -0.4257691789547498 59.10034655346002 1.78122512375929
Pedestrian 0 2 0 522.1058694208581 425.22391632190886 536.5721697857176 459.3225676531336 1.6804086702484 0.66023649298757 0.66623661468891 -5.007240224007637 -0.15706903627657032 55.74237983682164 -3.137881844286997
