Cyclist 0 0 0 872.2226784761283 430.5298989422436 940.0381592983696 498.4191593904621 1.776698292921 0.61667204788539 1.7782511970894 7.63139219106967 0.9328302569974771 30.315078314209256 -0.33954620994979656
Cyclist 0 0 0 602.8878987196259 433.6239677518821 663.570855908077 489.1377052831283 1.579011491881 0.64947481605148 1.769479078883 0.16981803299519577 0.7495550483053758 33.55518990074206 -0.5768118328358766
Cyclist 0 0 0 906.1215941385682 431.9877586341474 973.4930835525004 489.42868915150245 1.6773788784681 0.70804287109161 1.9244425868338 9.554075538225714 0.7772885904794485 33.85764985772764 -0.2752392681622966
Car 0 1 0 498.9542696603324 420.3934659355704 601.0102385522149 469.99526575785535 1.9220774646844 1.8377211371806 4.307768990267 -3.3353336729012333 0.18861961798610716 47.68783486282266 -0.8176946639658366
Car 0 2 0 -71.27681516846155 420.5074105662213 38.4156439914982 471.1875903660273 1.7629811242937 1.6764564666831 3.2524248147919 -24.499680980024372 0.23298236107509335 41.20528655251477 2.3076210945840896
Car 0 1 0 139.03236323024709 407.24506564106446 262.5648085914981 468.2203419118459 2.447858008671 1.9895360733717 6.3826279874891 -18.856140764616974 0.06582796121937792 48.695651314787945 1.8128433926078902
Car 0 2 0 367.8964318050424 421.3754500085169 406.1635276348552 451.6970564603672 1.6073412643441 1.6585886911901 4.2062126202902 -14.162291134334554 -0.7164111621715487 64.75682523068475 1.5165241571068035
Car 0 2 0 420.3905154945559 422.2454629108376 452.9563825292561 451.2626221262362 1.5303581617489 1.5167276476834 4.1976892792911 -11.24723166221697 -0.7402182799822443 64.80148558910082 1.5165241571068035
Car 0 0 0 55.43737412208225 428.3239578431014 207.0107370845268 478.877227832891 1.4829782398471 1.5975643976627 4.5701640433529 -16.653619034355028 0.4236435046875656 36.62910631227458 -0.49825434803059654
Pedestrian 0 1 0 453.2242270507095 423.0168668623394 470.88640230296426 456.6899168732601 1.6411764705882 0.79953156682907 0.77065368253447 -8.323551472198726 -0.29013608575255 55.24857082107564 3.1297668353499897
Pedestrian 0 0 0 448.2712805794076 423.5221139751135 463.09641647626574 457.5831238351608 1.6411764705882 0.66023649298757 0.62845282243833 -8.509359366000764 -0.23791317871056178 54.399383760274695 3.1297668353499897
Pedestrian 0 0 0 391.52968986916 423.8373627167962 406.7448355161981 457.5913739029548 1.6411764705882 0.61610596129274 0.62343725210539 -11.377424815159427 -0.23707196692429028 54.73236853569749 3.1297668353499897
Cyclist 0 0 0 1042.0073184398666 435.2849201796992 1099.1636282960137 487.75326800467934 1.6160580140435 0.63318595331973 1.7744549323034 14.310433988519705 0.770991291232267 35.525209472279045 -0.3387963010349966
Car 0 2 0 488.992317451414 425.2023523821549 517.8508643630331 453.81967491419294 1.499955157022 1.5623288628838 4.2038980726267 -7.361288073261688 -0.5980725670796504 65.0713299412092 1.5165241571068035
Pedestrian 0 2 0 608.0751541134284 423.6573642232588 621.8588675186846 456.5772321353412 1.6411764705882 0.66023649298757 0.66623661468891 -0.7213903844961459 -0.2989574337301113 56.44406178674156 3.1297668353499897
