Cyclist 0 0 0 827.5437974085221 434.7404053742597 841.891353144653 468.97094560706256 1.3928358859544 0.59784303512654 1.7289697261439 8.907775774245813 0.23832491993384897 47.95891677601762 -1.3529216170294966
Car 0 0 0 648.4297679294721 421.7372022370215 683.7391120512232 454.7281952322208 1.7849377674669 1.8377211371806 4.3306247596259 2.2113170682386745 -0.5533830047778018 65.96418792298937 -1.4460953834667665
Car 0 0 0 491.0813323475429 427.0540344012507 588.1182647424 470.74757856732987 1.6844192716632 1.7740544729298 4.5701640433529 -3.8595234332511237 0.2184529995996642 48.787428349845186 -0.9444222035653767
Pedestrian 0 1 0 379.05562128814086 423.70669174594593 395.5672122270885 457.41302472781695 1.6411764705882 0.79705712243638 0.70423222095356 -12.046100640800256 -0.25365198261135596 55.09001824632411 3.0600198088158894
Pedestrian 0 0 0 372.4523390186277 424.21136071195673 389.06838432212135 458.5077513443595 1.6411764705882 0.80612467630293 0.68895713297397 -12.163172767444676 -0.19660527132185518 54.15199875116562 3.0605060492572895
Car 0 0 0 18.94445085353243 425.02724419591766 173.60331091991907 481.8008735816354 1.6726376764625 1.5495520948099 4.5630518734248 -17.43814695586666 0.51782135477228 35.88076265248882 -0.4056516782057966
Car 0 1 0 421.25752013409146 425.6975983555034 451.5338559911668 454.0694483585818 1.4832958407679 1.5675652507478 4.1774664810323 -11.284558257671025 -0.5823050700474126 64.90812781142124 1.4724913659845034
Cyclist 0 1 0 282.5986622443598 423.21494676398856 305.42260364577777 452.0572984979908 1.5521107266436 0.81685544815535 1.8691533052748 -18.932756885547388 -0.6098160334161513 62.17602091816142 1.5369588162557033
Cyclist 0 0 0 1192.7741387426313 429.12836277587104 1240.4725289872872 479.3782215301148 1.6515926671588 0.61667204788539 1.736409992452 20.273417718775846 0.5349073179373366 37.58886371070116 -0.4812989043147966
Car 0 1 0 369.40181408636704 424.0905127796825 402.5642253952028 453.34145819435713 1.5411400581933 1.6093539231132 4.018914956959 -14.21080779148225 -0.6181809264977669 64.66774849307924 1.4573053831644036
Car 0 2 0 486.5168135702063 425.7453084825516 515.4412448905025 454.3003869661983 1.499955157022 1.5623288628838 4.2038980726267 -7.5299994541774735 -0.5722429193165901 65.2851232361765 1.5165241571068035
Pedestrian 0 0 0 323.0312828643506 424.6378493920299 341.50619524498944 458.6888763549251 1.6411764705882 0.66023649298757 0.72818933263415 -14.586384993116246 -0.18254330360841306 54.21048602729986 3.1297668353499897
Pedestrian 0 2 0 546.6000687875674 424.8371050986222 560.6450329589907 458.70229795019605 1.6804086702484 0.66023649298757 0.66623661468891 -3.8141322724650495 -0.18956317567876035 56.140388039907194 -3.137881844286997
