Cyclist 0 0 0 832.9014879682522 429.08514590944895 847.1309732489887 464.5371409421576 1.4677510685929 0.59784303512654 1.7289697261439 9.218483792132398 0.050859930925303526 48.405754001307976 -1.3529216170294966
Car 0 0 0 649.4806418108934 421.4150963651039 684.3027873739629 453.9659114487323 1.7849377674669 1.8377211371806 4.3306247596259 2.285376539829808 -0.6032484638407699 66.78754723088643 -1.4460953834667665
Car 0 0 0 496.9547307549253 426.8253693637645 593.0704250357803 470.2038626014569 1.6844192716632 1.7740544729298 4.5701640433529 -3.6464044928306127 0.1979276066565811 49.104237579867956 -0.9444222035653767
Pedestrian 0 1 0 377.1150072339966 423.73098693134153 393.4015753258819 457.31317135414366 1.6411764705882 0.67936052345585 0.70423222095356 -12.160105675630879 -0.2555724894226126 55.135868239811295 3.0600198088158894
Pedestrian 0 0 0 368.1644399960156 424.31500179180335 384.89175543371766 458.69587475434975 1.6411764705882 0.80612467630293 0.68895713297397 -12.340656939739988 -0.18699726627509036 54.01310343545241 3.0605060492572895
Pedestrian 0 0 0 317.4939033943844 424.705352236513 334.6562949887304 458.7425803302093 1.6411764705882 0.66023649298757 0.65953298322884 -14.891449933553751 -0.17948199397677386 54.196300506134236 3.1297668353499897
Car 0 0 0 41.12503754867737 427.5189830423429 193.9342618873515 484.4881758330458 1.6726376764625 1.5495520948099 4.5630518734248 -16.894865955246882 0.5984334265257164 36.142022883079306 -0.4759773741580966
Car 0 1 0 421.25752013409146 425.6975983555034 451.5338559911668 454.0694483585818 1.4832958407679 1.5675652507478 4.1774664810323 -11.284558257671025 -0.5823050700474126 64.90812781142124 1.4724913659845034
Cyclist 0 1 0 279.3401388804776 423.4158932395048 302.4192962436562 452.46777613351327 1.5521107266436 0.81685544815535 1.8691533052748 -18.976752562282773 -0.583200667590493 61.73709870060519 1.5369588162557033
Cyclist 0 0 0 1198.3605201874016 429.830395116001 1245.8218662013885 479.8762196443941 1.6515926671588 0.61667204788539 1.736409992452 20.553371845567504 0.5544618261586767 37.74917192376582 -0.4812989043147966
Car 0 1 0 369.40181408636704 424.0905127796825 402.5642253952028 453.34145819435713 1.5411400581933 1.6093539231132 4.018914956959 -14.21080779148225 -0.6181809264977669 64.66774849307924 1.4573053831644036
Car 0 2 0 486.4099513910545 425.8109821137491 515.4057157298148 454.4383417879925 1.499955157022 1.5623288628838 4.2038980726267 -7.516537405920872 -0.5633612567699928 65.13524772128332 1.5165241571068035
Pedestrian 0 2 0 543.2514643705631 424.86456978276897 557.3416072876445 458.7315038223659 1.6804086702484 0.66023649298757 0.66623661468891 -3.982085669802167 -0.188034074872667 56.13518709507745 -3.137881844286997
