Cyclist 0 0 0 697.4227359043176 431.3083287707482 747.2989789612913 481.4719059072866 1.5862666293549 0.64947481605148 1.6103473742775 3.1419900004427266 0.586686186627566 37.00136286320024 -0.5768118328358766
Car 0 0 0 571.8409213265977 422.0768526370828 655.5467471951495 465.8245415968692 1.8295353413968 1.8377211371806 4.3306247596259 -0.6572161837334739 0.02668457252030354 51.709120984767814 -0.9826521450836966
Car 0 0 0 213.2858061377171 427.4528686857728 353.54991485518354 477.2645880814245 1.5649153097365 1.650908675993 4.5701640433529 -12.366697304832911 0.3934329553241336 39.58242922474874 -0.6253833149144866
Pedestrian 0 1 0 431.0028707574365 423.27431002794094 448.3246853240054 457.0334840563843 1.6411764705882 0.81523229920054 0.73219127835987 -9.418225536644584 -0.272441736376274 55.08568047147675 3.1297668353499897
Pedestrian 0 0 0 424.4147828037546 423.6788612328037 439.7758739204485 457.7728319589474 1.6411764705882 0.74850894222296 0.62845282243833 -9.67896078430125 -0.2309715636811976 54.425036663368196 3.1297668353499897
Car 0 1 0 31.12303259325381 404.1727875339519 191.9743949798321 471.521425511944 2.4683889301828 2.006814823595 6.0146902400208 -20.754643699855922 0.1739693571929694 44.120925929535964 2.06588745501449
Cyclist 0 0 0 987.5093009610692 432.8593269115477 1049.303729932872 495.5300260093349 1.7573192079182 0.61667204788539 1.736409992452 11.46144541873062 0.9200974019761392 32.31732448292202 -0.33954620994979656
Car 0 2 0 367.7665547429544 421.39419314939937 406.0704181385174 451.7411374191378 1.6073412643441 1.6585886911901 4.2062126202902 -14.157801314307743 -0.713448977991706 64.70683921997639 1.5165241571068035
Cyclist 0 0 0 1078.933301571593 429.6646542502888 1133.3702444107364 489.73318146555545 1.897881704018 0.60764049102281 1.6477883138591 15.652683433116731 0.8517790173579767 35.91751354264444 -0.2752392681622966
Cyclist 0 0 0 1182.3443489149356 429.3414527169304 1238.2719755884173 487.0535034959391 1.9207847220894 0.63318595331973 1.8519277710894 20.147854450524996 0.8044172855533416 37.78418741657014 -0.3145640067105966
Car 0 2 0 420.1758218920165 423.43944208084713 452.7304573389097 452.5114018782783 1.5303581617489 1.5167276476834 4.1976892792911 -11.269400938809675 -0.6699118507163339 64.85412305197832 1.5165241571068035
Car 0 2 0 486.32051036349833 425.86593430507 515.3759872151155 454.5538062143623 1.499955157022 1.5623288628838 4.2038980726267 -7.505319032373667 -0.5559598713145246 65.01035145887283 1.5165241571068035
Pedestrian 0 1 0 373.6372357011344 424.0278050994655 388.1645003273599 457.84168300646047 1.6411764705882 0.66076863138049 0.56956535811967 -12.268411406896767 -0.2252299403507641 54.64251570866242 3.1297668353499897
