Cyclist 0 0 0 848.7224631149288 430.3948835255874 862.7747217751496 461.134580653767 1.5055290026205 0.64947481605148 1.8044566773315 11.69623876307617 -0.10507616199802455 57.21585324948947 -1.3690095482877265
Car 0 0 0 648.7489933901621 425.0464153842289 675.4207159693392 452.0624274194518 1.7463551243616 1.8377211371806 4.3306247596259 2.3085080423385738 -0.8274590236088418 79.1383967561189 -1.5079551480206725
Car 0 0 0 599.1555137412344 427.64482617217664 652.1314122047328 460.16010062534735 1.4820231181442 1.4771940049903 4.5701640433529 -0.13616368327640727 -0.23712943338524914 57.71355483515707 -1.2458027087671666
Car 0 0 0 308.1998883515692 427.5989287438699 443.6788381105371 476.8831722481252 1.6163605120781 1.5495520948099 4.7006566407001 -9.37461221861677 0.4031061561543836 41.192092713542365 -0.5690159522302864
Car 0 1 0 422.5187075135881 425.6316759811676 453.5992186995983 453.9631235468681 1.4832958407679 1.6237740442564 4.1774664810323 -11.205000174529118 -0.5895442808034481 65.0193335362403 1.4724913659845034
Cyclist 0 1 0 253.5078053777185 423.146894109246 287.8286350980987 456.8895669347366 1.6726957684075 0.90072141944012 2.0957259822757 -18.680573359081635 -0.32160310142103593 57.33485387567182 1.7195177319988897
Cyclist 0 0 0 73.98190464448464 430.56655887035305 152.7871092162041 496.9405390750405 1.5001844187458 0.56933030011995 1.6211700691881 -12.31802991068834 0.7739992472574555 26.179330437155325 -0.6547153310232666
Car 0 1 0 487.5615629324661 425.04315381135314 516.0357178662424 453.9854054482988 1.5163943086937 1.532582197363 4.3891261381794 -7.474550760939765 -0.5944254479029135 65.23166769717038 1.5165241571068035
Car 0 1 0 370.4148115886112 424.2188924493156 403.6869424111644 453.64051895639074 1.5411400581933 1.6093539231132 4.018914956959 -14.071849461076035 -0.5986432955060763 64.32482621564704 1.4573053831644036
Pedestrian 0 1 0 292.0624595878917 424.890636947124 308.4839757476887 459.0112384747945 1.6411764705882 0.79347714579462 0.62030078356866 -16.181739810099188 -0.17057129361219267 54.20368965328993 3.0605060492572895
Pedestrian 0 2 0 339.77831364314846 424.1015183765164 359.1647308635963 457.9115124622931 1.6411764705882 0.8079789718305 0.81237869482588 -13.905942797288768 -0.22900130083910414 54.903600154887954 3.0600198088158894
Pedestrian 0 2 0 335.0947065629027 424.63108583434274 351.7266333421869 458.9849781287388 1.6411764705882 0.79347714579462 0.65953298322884 -13.965213665710323 -0.17190921820252444 53.95782960567113 3.0605060492572895
Pedestrian 0 2 0 511.0508680660223 425.3163740724377 525.665351016062 459.41916844049183 1.6804086702484 0.66023649298757 0.66623661468891 -5.5580969104100655 -0.1520538629214261 55.72532168092434 -3.137881844286997
