Cyclist 0 0 0 757.3654992205715 438.3181876547599 834.2825872625217 501.9880993787358 1.5440858941469 0.64947481605148 1.8893918969075 4.33674898481907 0.959903307360267 28.571784412073953 -0.33954620994979656
Cyclist 0 0 0 498.5295674274839 433.0421021553901 575.6438886745077 493.3123272328816 1.5653203832279 0.64947481605148 2.0777667455121 -2.504972691798757 0.7914559655509482 30.89816935826981 -0.5768118328358766
Cyclist 0 2 0 732.5973154718961 432.1682814562861 801.0594181691965 494.3098515499167 1.7224686128511 0.70804287109161 1.8493233500121 4.0399911226278356 0.8765485416736711 32.277060358653806 -0.27476493650279665
Cyclist 0 0 0 896.8333677788976 433.0686651401196 960.3984444141396 490.3290588269441 1.6511269025782 0.63318595331973 1.8519277710894 9.108508778856491 0.7948422863738324 33.48199205457753 -0.3387963010349966
Car 0 1 0 415.6017610155184 422.9253907095048 527.9854736803265 469.5721185505875 1.6628223453988 1.7750715529586 4.0878970327015 -6.21221035210639 0.1634718961202471 44.120492853968514 -0.6416694138726367
Car 0 1 0 28.86906261656225 424.0710031112653 117.40305058807962 471.5647945202621 1.7629811242937 1.6764564666831 2.7376147253974 -22.319950836508823 0.2819128420135737 43.76648168295848 2.1271421083052893
Car 0 0 0 200.0294197315176 406.1951555824341 294.7340934454332 465.3008111743606 2.584141093029 2.0687611331061 6.0759812424566 -18.065425184609655 -0.03252998495051533 52.38335289581323 1.6731005187890897
Car 0 2 0 367.9612931820944 421.3660889194027 406.210030592139 451.67504220176886 1.6073412643441 1.6585886911901 4.2062126202902 -14.164536044347942 -0.7178922542614404 64.78181823603845 1.5165241571068035
Car 0 0 0 -116.15415521850434 429.8840260602556 56.97365168810643 482.9056531228565 1.4829782398471 1.5975643976627 4.5701640433529 -20.739572923225353 0.5324183170651089 34.365051231796436 -0.3582066712752967
Pedestrian 0 2 0 624.6349837146838 423.1159850170333 636.0458718827515 455.96390896690224 1.6411764705882 0.65657511114464 0.5389846235252 0.05967318853762489 -0.329862746342537 56.51727209885211 3.1297668353499897
Car 0 2 0 488.9754634763882 425.2131108644013 517.8458297657774 453.84251060255326 1.499955157022 1.5623288628838 4.2038980726267 -7.35904439855222 -0.5965922899885808 65.0463506887275 1.5165241571068035
Pedestrian 0 0 0 409.3608084212639 424.0816668293201 426.0249083575464 458.0832701257779 1.6510665891204 0.71818294054327 0.65697388494748 -10.46508223630801 -0.21536955069112046 54.80370509408959 -3.0948583630042963
Car 0 2 0 419.9326791006492 422.2776153863133 452.564649766232 451.3319754474618 1.5303581617489 1.5167276476834 4.1976892792911 -11.25872855633522 -0.7355547212133724 64.72503572938798 1.5165241571068035
