Cyclist 0 0 0 773.0443438479197 434.3019723538467 814.8340398741873 473.4334164305814 1.367244423798 0.64947481605148 1.8044566773315 6.19468627050924 0.3595157805283507 41.49789954278121 -0.7949304210593566
Car 0 0 0 626.1477156704775 421.17460924066745 679.4253558502202 463.0794767721142 1.966008049765 1.8377211371806 4.3306247596259 1.263199149186976 -0.08546866905348337 57.18421881478325 -1.2985590743814366
Car 1 1 0 -122.068992638478 401.79688220127673 73.20455141165019 478.30130921262696 2.5715159763962 2.128075906169 5.8790200904471 -23.997006919540212 0.3844197349194124 40.093025400903905 2.2785909642084903
Car 0 0 0 355.6246142819285 428.0794383677356 478.1671519157208 477.0218308019421 1.6741647362557 1.7636798853688 4.5428516867231 -8.234719103844345 0.41858252639539206 43.345188413953395 -0.7788995594163766
Pedestrian 0 2 0 346.4533664302164 424.3543722693889 363.19362200325367 458.298649092924 1.6411764705882 0.66023649298757 0.65953298322884 -13.51366410073326 -0.2021515177357372 54.407977557958446 3.1297668353499897
Cyclist 0 0 0 1085.1157813647974 433.7154068254056 1138.8026201511111 485.12672681504057 1.5440858941469 0.61667204788539 1.736409992452 15.32798101322592 0.6677491457078387 34.718147223666755 -0.44820273780429654
Cyclist 0 0 0 1215.1361151734147 429.6175447226645 1263.5380584192549 481.62416849057576 1.7453820324664 0.60764049102281 1.6477883138591 21.360318671224142 0.6267944601242024 38.10550331343363 -0.3859602524915966
Car 0 1 0 367.7665547429544 421.39419314939937 406.0704181385174 451.7411374191378 1.6073412643441 1.6585886911901 4.2062126202902 -14.157801314307743 -0.713448977991706 64.70683921997639 1.5165241571068035
Car 0 2 0 423.8253674572264 423.4237680058805 456.1659762000496 452.5123358468606 1.5303581617489 1.5167276476834 4.1976892792911 -11.055413480086932 -0.6695924605315345 64.82290028809628 1.5165241571068035
Car 0 2 0 486.3920915704286 425.8219562066533 515.3997788410079 454.4613980574518 1.499955157022 1.5623288628838 4.2038980726267 -7.514293731211402 -0.5618809796789228 65.1102684688016 1.5165241571068035
Cyclist 0 0 0 1254.3184302700097 437.3203643859243 1308.3930703146257 480.4963523499098 1.4670152377712 0.63318595331973 1.8519277710894 23.371201787633275 0.6017837768423949 38.950063059380156 -0.3145640067105966
Pedestrian 0 2 0 569.5166643527466 424.65087771184136 583.2506196509463 458.502575234314 1.6804086702484 0.66023649298757 0.66623661468891 -2.664532958825714 -0.20002949112741653 56.17598721623765 -3.137881844286997
Pedestrian 0 0 0 391.7293249521517 424.0869965461203 408.2053207103337 458.3184707930196 1.6411764705882 0.72781434765886 0.65953298322884 -11.2108580728145 -0.2026083009364386 54.13697054035042 3.1297668353499897
Pedestrian 0 2 0 408.86402637947975 423.5186808925265 425.9500086848823 457.3072081715626 1.6411764705882 0.79705712243638 0.70423222095356 -10.511106757179732 -0.2576017976474728 54.970217070302816 3.1297668353499897
