Cyclist 0 0 0 467.3816240245378 438.6394312431807 548.11691091924 514.462157214758 1.5887309054428 0.64947481605148 1.6497001667913 -2.636399426629823 1.0966266338423751 24.621262447149682 -0.33954620994979656
Cyclist 0 0 0 188.17090193408484 435.78994275896713 267.9913719946534 506.3429333001458 1.5591539369619 0.64947481605148 1.6497001667913 -9.387671323085284 0.9726250832960748 25.859302459848855 -0.5768118328358766
Cyclist 0 0 0 284.61111634565856 434.8863914887535 361.01829096458187 498.99664367473486 1.5372970913972 0.68294227607441 1.7482900617277 -7.7861536583536 0.8745304865963737 28.235523082393204 -0.5768118328358766
Cyclist 0 1 0 485.5856878342446 432.0399931992592 568.47773763815 501.5913053980448 1.661199299352 0.69359246311031 1.9505278442651 -2.5265354517251932 0.9308055196928797 28.037583174747258 -0.33954620994979656
Car 0 1 0 146.75692690994015 419.2372452718291 279.3719533472323 475.98875431123184 1.7660299753523 1.6764564666831 4.0878970327015 -14.243413937505608 0.34926682670304143 37.655150204513646 -0.4932137721149965
Car 1 1 0 -85.90919066741083 423.1723858752415 62.62151867990645 475.5169875117376 1.7185108647073 1.716892016441 4.5207331891052 -23.727642734659455 0.342981707719665 40.288872240929564 2.3500025068058896
Car 0 2 0 186.7438781055547 421.79931744911374 253.62317918241703 463.4882038222388 1.8414230431624 1.6764564666831 2.8631309073533 -19.30154869190065 -0.018669686502788288 51.87512386440676 1.8347180693624896
Car 0 2 0 270.4606693166035 410.4784566665545 333.55381304327113 455.39318309906463 2.262627669598 2.0184656633199 5.4757222025889 -17.8712903007363 -0.5153454651929752 60.41980689112966 1.5676704870952034
Car 0 2 0 368.0908619331504 421.347387664831 406.3029331166474 451.6310660224409 1.6073412643441 1.6585886911901 4.2062126202902 -14.169025864374724 -0.7208544384412244 64.8318042467458 1.5165241571068035
Car 0 2 0 420.021215325942 422.2551265131433 452.9281693754036 451.2882452575472 1.5303581617489 1.5350755806303 4.1976892792911 -11.254072210782166 -0.7386258994169375 64.77573434054466 1.5165241571068035
Pedestrian 0 2 0 515.0133390660945 423.3729812744746 527.2179524883743 457.3065976504251 1.6411764705882 0.53107338104082 0.55056820886921 -5.298610950303671 -0.2485482410257844 54.49630214948194 3.1297668353499897
Pedestrian 0 2 0 517.2354641600631 423.0238681317081 529.2651684287094 456.5343499176163 1.6411764705882 0.53107338104082 0.55056820886921 -5.2598928976416275 -0.289694152910142 55.17839690745236 3.1297668353499897
Car 0 2 0 488.9585961089596 425.2223159147144 517.9962492574022 453.8653644221774 1.499955157022 1.5717218358485 4.2038980726267 -7.352123127261166 -0.5951708837823894 65.02178809637918 1.5165241571068035
Pedestrian 0 3 0 658.727476416042 423.1901895370832 671.7934442102693 460.0169803219872 1.8350932209726 0.70833553053288 0.61821793578888 1.8309844511857825 -0.1265338560167179 56.36627731234874 -3.1255745117996967
Pedestrian 0 0 0 450.3000316018122 423.8029126311545 468.6865635654383 458.0307278974122 1.6510665891204 0.78725302938842 0.75564544044054 -8.355404030189323 -0.2199999338136645 54.62572873937024 -3.0948583630042963
