Cyclist 0 0 0 743.5188064537388 432.4192362705045 787.206883247484 476.5819639357198 1.4700155823412 0.64947481605148 1.8044566773315 4.8732696381552785 0.4470792863857661 39.42138815996209 -0.8270987024964166
Car 0 0 0 602.0364514643081 422.5917351726247 671.5418543314948 466.16400370785504 1.9220774646844 1.8377211371806 4.3306247596259 0.43070333760753776 0.05159203201138848 54.26263067043641 -1.1300682899129164
Car 0 0 0 -39.599346136757504 403.69752821754577 134.31413521279762 474.1543080559335 2.4683863587754 2.128075906169 5.6755087213164 -22.268756801918236 0.26256453792079015 41.921165926949755 2.18594295917009
Car 0 1 0 367.7665547429544 421.39419314939937 406.0704181385174 451.7411374191378 1.6073412643441 1.6585886911901 4.2062126202902 -14.157801314307743 -0.713448977991706 64.70683921997639 1.5165241571068035
Car 0 0 0 286.07289643615127 426.8575759641751 420.2833882897636 478.5848387762452 1.7028343095575 1.8394207393417 4.5701640433529 -10.291443070546975 0.4548316740557916 41.448564435034115 -0.6741968187024666
Pedestrian 0 1 0 419.449310415054 423.3653882027289 435.9740421100312 456.9333361982997 1.6411764705882 0.67155539233258 0.70423222095356 -10.03486002666008 -0.2736516280800939 55.180485736848354 3.1297668353499897
Pedestrian 0 0 0 409.4435025448978 423.810144613867 425.5925985085645 457.8896061122523 1.6411764705882 0.72781434765886 0.65953298322884 -10.39705031592613 -0.22463227890106158 54.406111921371185 3.1297668353499897
Cyclist 0 0 0 1037.4973152438952 432.51322608310727 1093.814271045571 493.4819020842436 1.769038264779 0.61667204788539 1.736409992452 13.335857593967607 0.8899849529904713 33.472299094656755 -0.44820273780429654
Cyclist 0 0 0 1146.917848961752 435.6689900957983 1200.9476453550492 487.1882766893237 1.678403710259 0.60764049102281 1.6477883138591 18.479415582936713 0.8002922915953745 37.02159042702694 -0.21498312125299668
Cyclist 0 0 0 1254.3184302700097 437.3203643859243 1308.3930703146257 480.4963523499098 1.4670152377712 0.63318595331973 1.8519277710894 23.371201787633275 0.6017837768423949 38.950063059380156 -0.3145640067105966
Car 0 2 0 423.86804917499046 423.4136662240967 456.1939078761295 452.4900254574595 1.5303581617489 1.5167276476834 4.1976892792911 -11.057653841083148 -0.6710705513815657 64.84784264838582 1.5165241571068035
Car 0 2 0 486.2307132538616 425.9210914993236 515.3461481551393 454.6697299764418 1.499955157022 1.5623288628838 4.2038980726267 -7.494100658826463 -0.5485584858590573 64.88545519646233 1.5165241571068035
Pedestrian 0 1 0 363.2427076430598 424.1268016325834 377.9067416162534 457.94222003447095 1.6411764705882 0.66076863138049 0.56956535811967 -12.778817350167108 -0.22010804522919886 54.61878182989853 3.1297668353499897
Pedestrian 0 2 0 581.3492780633487 423.90076075979 594.8953110724293 456.87716484711086 1.6411764705882 0.66023649298757 0.66623661468891 -2.0813268047954594 -0.28296170797846565 56.3416195051402 3.1297668353499897
