Cyclist 0 0 0 750.0251480900024 438.1508653988764 827.7679737636574 503.4742793264811 1.5690806019949 0.64947481605148 1.8893918969075 4.117928938781024 0.9867279621329694 28.289839890542854 -0.33954620994979656
Cyclist 0 0 0 483.7779356492756 433.9125522936328 557.3239532301907 496.31344280020886 1.6103381544174 0.64947481605148 1.9279800392172 -2.9351772542013723 0.8675327734542746 30.573373008230508 -0.5768118328358766
Cyclist 0 2 0 708.1566409237504 435.0459139203136 782.8685207018042 491.4695556480372 1.5404115659799 0.70804287109161 2.0317557822932 3.3994127384172144 0.7868573142733157 32.0664229714927 -0.27476493650279665
Cyclist 0 0 0 872.3963296645774 431.03332457507184 943.1548259277508 490.36946817045487 1.6949630132465 0.69359246311031 2.0511436422535 8.424304780980258 0.7846661989841562 33.29482243061568 -0.3387963010349966
Car 0 1 0 406.2116918343464 423.0356314435819 517.4471878148051 475.0573336867386 1.858264085457 1.7750715529586 4.0878970327015 -6.58702526980972 0.36683581407817906 44.039547513242404 -0.7325888967382566
Car 0 0 0 41.50818924775172 423.7640275951039 127.60612870060385 470.7192979305112 1.7629811242937 1.6764564666831 2.6835808325578 -22.068426057493543 0.2538959507418119 44.20368692501946 2.1271421083052893
Car 0 0 0 205.367982890476 407.7794862679062 297.3771306705904 464.5603116745715 2.5002882032226 2.0687611331061 5.9056230035277 -18.03514200101229 -0.05967776451939763 52.832920148997424 1.6731005187890897
Car 0 2 0 368.2848309640208 421.31938797546974 406.44202900169046 451.56523228799 1.6073412643441 1.6585886911901 4.2062126202902 -14.175760594414896 -0.7252977147108984 64.90678326280685 1.5165241571068035
Car 0 0 0 -138.39886392669382 430.3208454781585 32.84565604687987 483.5890862296365 1.4829782398471 1.5975643976627 4.4143629964204 -21.33914819625665 0.5516298672490618 34.116931609673074 -0.3582066712752967
Car 0 2 0 489.05959974592463 425.1593983867425 517.8709654728045 453.7285130427028 1.499955157022 1.5623288628838 4.2038980726267 -7.370262772099422 -0.6039936754440481 65.17124695113797 1.5165241571068035
Pedestrian 0 2 0 479.1131492867932 423.1578790696288 497.0963221105648 456.7622239731536 1.6411764705882 0.72636059978291 0.81368693180188 -7.029280110720824 -0.28532931314237664 55.31963153206841 3.1297668353499897
Pedestrian 0 2 0 628.5393167889738 421.49087492207786 639.9610147041881 454.2447759092244 1.6411764705882 0.65657511114464 0.5389846235252 0.25885385875688194 -0.41782284985467144 56.64928503753599 3.1297668353499897
Pedestrian 0 0 0 415.7169716614357 424.0315098421645 432.2999519386387 458.0423846672765 1.6510665891204 0.71818294054327 0.65697388494748 -10.149362719831359 -0.21743139331694633 54.799919027742895 -3.0948583630042963
Car 0 2 0 419.9326791006492 422.2776153863133 452.564649766232 451.3319754474618 1.5303581617489 1.5167276476834 4.1976892792911 -11.25872855633522 -0.7355547212133724 64.72503572938798 1.5165241571068035
