Cyclist 0 0 0 669.8953024568826 438.305577003179 751.3305190985707 506.12256801319234 1.5627504268758 0.64947481605148 1.8893918969075 2.0460909824773688 1.009192267922088 27.201498338986013 -0.33954620994979656
Cyclist 0 0 0 405.070960327186 434.1718417839137 482.5138517766783 495.4852875110414 1.5 0.64947481605148 1.8910509956167 -4.79791460246745 0.8022978007215987 29.024576392293167 -0.5768118328358766
Cyclist 0 1 0 590.9601581959222 432.8690241245061 674.4079476705489 494.3706421594392 1.6263765129694 0.70804287109161 2.2104437153137 0.14366463722334227 0.8381397206579065 31.078702180849135 -0.27476493650279665
Cyclist 0 0 0 768.4019669876411 431.8920340818324 835.3570527325353 496.3497193202697 1.7555747143471 0.69359246311031 1.7883157105214 4.978414360007369 0.9159140638226866 31.730962176992172 -0.3387963010349966
Car 0 1 0 344.7630899849585 422.7756205621368 463.6823553545494 469.8719721057974 1.6001727611767 1.7750715529586 4.0878970327015 -8.516242637390693 0.16248201375644689 42.145980655374565 -0.6416694138726367
Car 0 0 0 90.80564513228865 422.3299095057024 176.50831241953563 467.4951968676402 1.7629811242937 1.6764564666831 2.9645167150437 -20.895590514104068 0.1290375818056395 46.14582875517017 2.0355227910431895
Car 0 0 0 229.69256985490665 407.8814345398805 310.723407334107 461.5322068125796 2.4697010121791 2.0687611331061 5.7011931168131 -17.863632195115656 -0.1949154761048578 55.0699952174966 1.6326333874152894
Pedestrian 0 2 0 483.7318517195167 423.17724074483726 495.6168351156121 457.0966796596995 1.6411764705882 0.62761317342838 0.51108855360951 -6.859214595047963 -0.2613735297366363 54.59130629968215 3.1297668353499897
Pedestrian 0 2 0 491.7362927479811 423.0793635980236 504.9597070028415 456.5681537505336 1.6411764705882 0.67507711175252 0.58835942181993 -6.525537628166594 -0.2928882869727609 55.38484972186363 3.1297668353499897
Cyclist 0 2 0 69.27654135299554 421.95906975053646 102.95341366021148 465.621422255059 1.8267255756184 0.61856417309246 1.7698459475048 -23.686418172572168 0.10625209354119058 47.534266498982646 1.5693675161697036
Cyclist 0 2 0 32.802229670959605 421.22968443600826 75.36121966386133 463.6869659832993 1.7421095080296 0.73706130022969 1.7698459475048 -24.598213690340895 0.024267892327379303 46.5368992264049 1.7123602833962899
Cyclist 0 2 0 2.5307521676899114 423.64518534630713 41.86967099174706 465.9834693367713 1.7209554911324 0.62702825360225 1.7698459475048 -25.796381887289034 0.11904769509786164 46.1610659023878 1.6323133965012895
Car 0 2 0 488.992317451414 425.2023523821549 517.8508643630331 453.81967491419294 1.499955157022 1.5623288628838 4.2038980726267 -7.361288073261688 -0.5980725670796504 65.0713299412092 1.5165241571068035
Car 0 2 0 419.9769647824948 422.2679264203612 452.5939566712474 451.3101016718293 1.5303581617489 1.5167276476834 4.1976892792911 -11.260968917331438 -0.7370328120634031 64.74997808967751 1.5165241571068035
Pedestrian 0 0 0 427.4490763683055 423.93948823767954 443.88156591863833 457.9669807941745 1.6510665891204 0.71818294054327 0.65697388494748 -9.567254861327724 -0.221232915658306 54.79293846791608 -3.0948583630042963
Car 0 2 0 368.0908619331504 421.347387664831 406.3029331166474 451.6310660224409 1.6073412643441 1.6585886911901 4.2062126202902 -14.169025864374724 -0.7208544384412244 64.8318042467458 1.5165241571068035
Pedestrian 0 2 0 635.5320617697695 424.3186576757474 648.2170542271828 460.8755488843889 1.8316324811006 0.53107338104082 0.60371152057102 0.6467885277609358 -0.07815673186503208 56.482326357421876 3.1297668353499897
