Cyclist 0 0 0 507.7242011942966 434.46308273699583 597.1724217499601 512.7372846603439 1.6693716400952 0.64947481605148 1.8893918969075 -1.6742726828239767 1.0735534058410987 25.084407672243827 -0.33954620994979656
Cyclist 0 0 0 250.22662622653277 434.1720301115013 327.0068704219748 503.0243733382354 1.5690129264555 0.64947481605148 1.6497001667913 -8.196179665350858 0.9238508734572246 26.694100981299645 -0.5768118328358766
Cyclist 0 0 0 365.1490606941525 433.1682484116805 443.5720973328728 499.6144453808092 1.6298383545306 0.81681211616613 1.8271619776769 -5.841720830393781 0.9055083964156949 29.030637347911046 -0.5768118328358766
Cyclist 0 1 0 561.5309925904003 431.8393052498103 645.0241294613186 500.2317534003341 1.6875100026598 0.69359246311031 2.0497381864755 -0.624368581613703 0.9264747006397531 29.004896668200182 -0.33957152681989666
Car 0 1 0 203.1182754873371 423.5597234353596 331.8354020935423 473.4329646225376 1.5705882352941 1.6764564666831 4.0878970327015 -12.693209393472012 0.2743910357214434 38.71735662004794 -0.4932137721149965
Car 1 0 0 -138.13187333084704 421.5777009693064 27.60812564447292 475.32217865787794 1.7185108647073 1.716892016441 4.9259873854024 -24.744367393028316 0.3196085743576227 39.28068201514157 2.4462235616388894
Car 0 2 0 163.02579443066173 421.5985643240081 233.57136648456972 465.9736859810805 1.8955825444318 1.6764564666831 2.8932691306579 -19.667811536693762 0.0886078260634317 50.12883727560081 1.8347180693624896
Car 0 2 0 264.1564616687013 409.90233521980736 327.7711806600846 456.7445495481954 2.3122658726504 2.0184656633199 5.4757222025889 -17.815109082087428 -0.4387746362213037 59.13494109877689 1.5524124523431033
Car 0 2 0 368.1555694288378 421.3380474838092 406.3493327603856 451.6091040603279 1.6073412643441 1.6585886911901 4.2062126202902 -14.171270774388116 -0.7223355305311149 64.85679725209948 1.5165241571068035
Car 0 2 0 420.7741395100188 422.1925313727036 453.5591033530678 451.1517904645568 1.5303581617489 1.5350755806303 4.1976892792911 -11.240103174123002 -0.7478394340276318 64.92783017401473 1.5165241571068035
Pedestrian 0 2 0 501.2641753205948 423.5507355115844 513.6543263484497 457.5676567035127 1.6411764705882 0.53107338104082 0.55056820886921 -5.954591449399223 -0.23504813348525808 54.35033886498062 3.1297668353499897
Pedestrian 0 2 0 510.0193651762317 423.55648446099264 522.1661389197269 457.1714643537056 1.6411764705882 0.53107338104082 0.55056820886921 -5.598759456678959 -0.25732440385050515 55.00711902045029 3.1297668353499897
Pedestrian 0 2 0 653.2188475536199 424.1331725135558 666.320068533314 459.0625047695592 1.7538907798436 0.53107338104082 0.62072384482069 1.559690425118445 -0.17068377627394513 56.63099672833154 3.1297668353499897
Car 0 2 0 488.99231745141424 425.2007923049435 518.0062066240091 453.8196749141929 1.499955157022 1.5717218358485 4.2038980726267 -7.356610476680104 -0.5981314379645276 65.07174660134255 1.5165241571068035
Pedestrian 0 0 0 438.6944318424728 423.8922429560557 457.2440436125014 458.105051839245 1.6510665891204 0.78725302938842 0.75564544044054 -8.927720414678536 -0.21626235581987735 54.63259188114642 -3.0948583630042963
