Car 0 0 0 636.8885113224463 423.1614723324944 666.9960366635081 450.931374829725 1.6142630511829 1.8671434176389 4.2697281204251 1.4558692413394994 -0.8269338907146766 71.40288090864217 -1.5095656586330586
Car 0 1 0 369.376599009676 424.2304998631944 402.7165444929237 453.65576707182805 1.5411400581933 1.6093539231132 4.018914956959 -14.128918820297436 -0.5977199651840996 64.31631980481241 1.4573053831644036
Car 0 0 0 529.2392343375576 427.2288144843352 624.5952171767925 468.4777391629648 1.6163605120781 1.7854587373872 4.7006566407001 -2.272663412022142 0.12550293389070266 49.904445604215724 -0.9344151746405066
Cyclist 0 0 0 417.1843538365549 430.2381309437645 471.7453823909001 486.6157878871136 1.5699002061289 0.56933030011995 1.5533506599349 -5.382492670254553 0.6604542365651744 32.6033846170642 -0.8109502940611866
Pedestrian 0 1 0 294.7939344410986 424.8515992322592 311.4924704689366 458.8460476711503 1.6411764705882 0.68423870774771 0.65620160155939 -16.061670589744836 -0.17609427953282938 54.281347620037955 3.0605060492572895
Pedestrian 0 0 0 286.5998831769886 425.3270999507262 302.66470518082525 459.9235371135353 1.6411764705882 0.78231920689815 0.58951659922784 -16.227884203687196 -0.1239540402106117 53.43116955433895 3.0605060492572895
Cyclist 0 1 0 173.75412271397892 421.505035612056 232.8454062452882 462.57885211528327 1.8736381970431 1.179452914079 2.4876297735894 -20.59094842676686 -0.05067089230818962 53.04378676723417 2.12891488542809
Car 0 1 0 422.4719273938624 425.65297024567184 453.5783245185663 454.008095650923 1.4832958407679 1.6237740442564 4.1774664810323 -11.198356309919845 -0.5866327431628067 64.96993225130329 1.4724913659845034
Car 0 1 0 487.56176212228286 425.0430318028561 516.0357829676988 453.9851436151914 1.5163943086937 1.532582197363 4.3891261381794 -7.474576452542897 -0.5944423980834802 65.23195372661888 1.5165241571068035
Cyclist 0 0 0 827.3589877410166 425.8876754111188 846.2606742295138 451.4594236719088 1.5055290026205 0.685464373228 1.8044566773315 12.803852721586004 -0.7067436955003413 68.47852370267549 -1.6272917627909036
Pedestrian 0 1 0 255.1863258140816 424.0154140583616 270.9441298264871 458.1015047674391 1.6411764705882 0.62674029723885 0.59087663382354 -17.950410591051657 -0.2089636643989797 53.910461939002644 3.0605060492572895
Pedestrian 0 2 0 469.8221666723781 425.01359879095565 484.6235902853275 460.5836603758984 1.7306212232884 0.66023649298757 0.66623661468891 -7.526903394112057 -0.09306875586343355 54.979001070331734 3.0990518000614897
