Cyclist 0 0 0 899.8909050790462 429.9864750838685 966.7936671391308 495.76718203490736 1.7420573977717 0.61667204788539 1.7782511970894 8.47553804499036 0.8722924477083851 30.644141363042113 -0.33954620994979656
Cyclist 0 0 0 624.001571865177 432.7947883117338 686.2353438291264 488.2886117086905 1.6041643940825 0.64947481605148 1.8819486818795 0.8442869843031805 0.7349620452609466 34.13775692537887 -0.5768118328358766
Cyclist 0 0 0 947.3637709858511 431.4586057951534 1004.4711897117706 491.2838685379783 1.7867269122639 0.60764049102281 1.6477883138591 10.80263227077493 0.8534888409093528 34.263179707219344 -0.2752392681622966
Car 0 1 0 518.5104544900292 422.0620530968414 613.2136222684585 469.36151306879424 1.8561815870633 1.8377211371806 4.2606605627693 -2.6980998296659577 0.16681718833663767 48.52558818357679 -0.9112619513214266
Car 0 1 0 124.95566455151636 407.0996297702839 250.8650739849309 462.07169441787954 2.1752790809564 2.107152533761 5.7686782269551 -19.106415574396973 -0.17368994066471172 47.80205464669058 1.8697783755670896
Car 0 2 0 367.7665547429544 421.39419314939937 406.0704181385174 451.7411374191378 1.6073412643441 1.6585886911901 4.2062126202902 -14.157801314307743 -0.713448977991706 64.70683921997639 1.5165241571068035
Car 0 2 0 420.1758218920165 423.43944208084713 452.7304573389097 452.5114018782783 1.5303581617489 1.5167276476834 4.1976892792911 -11.269400938809675 -0.6699118507163339 64.85412305197832 1.5165241571068035
Car 0 0 0 85.03590559542818 427.5945442297634 239.90412903169823 477.5776191317714 1.4829782398471 1.5975643976627 4.7613505397615 -15.81075173323865 0.3845255669069795 37.180052313076196 -0.49825434803059654
Pedestrian 0 1 0 451.0746078451135 423.0839795780855 465.9839350995328 456.7105673647164 1.6411764705882 0.75249282265309 0.63549797319191 -8.496022267352803 -0.28699724137683547 55.2170477232912 3.1297668353499897
Pedestrian 0 0 0 442.7220935850504 423.57271496572935 457.6227419751325 457.6365079147564 1.6411764705882 0.66023649298757 0.62845282243833 -8.779365427404032 -0.23520368297104405 54.386828477148185 3.1297668353499897
Cyclist 0 0 0 1074.2215799292458 429.0022318833298 1129.3214866464791 487.8113660406428 1.8549914619698 0.63318595331973 1.7191171903133 15.548813112965231 0.7862876478428823 36.012818112250365 -0.3387963010349966
Car 0 2 0 486.32051036349833 425.86593430507 515.3759872151155 454.5538062143623 1.499955157022 1.5623288628838 4.2038980726267 -7.505319032373667 -0.5559598713145246 65.01035145887283 1.5165241571068035
Pedestrian 0 0 0 386.94401231449785 423.8805845961805 402.21610117917953 457.6356621173181 1.6411764705882 0.61610596129274 0.62343725210539 -11.602755130953001 -0.2348107897957324 54.72189067495278 3.1297668353499897
Pedestrian 0 2 0 603.4399138164684 425.94899884489394 617.1557543241104 458.83765995602846 1.6411764705882 0.66023649298757 0.66623661468891 -0.9602721427115215 -0.18494095694736096 56.53796581246104 3.1297668353499897
