Cyclist 0 0 0 847.0479504472861 429.33519409141167 861.5106065448024 462.177223416883 1.5055290026205 0.64947481605148 1.8044566773315 10.899042512453203 -0.05308733870874845 53.585970466509366 -1.3179858441520866
Car 0 0 0 651.0705290309907 425.2752198555349 678.1227869505896 451.70638197667904 1.5925980765792 1.7498599670192 4.3306247596259 2.3300121665758318 -0.8080220749103952 74.40380607409956 -1.5120584606301475
Car 0 0 0 564.9345449912292 428.0665249199991 638.881073540624 464.5643159088788 1.5560275416736 1.7740544729298 4.5701640433529 -1.266450285568538 -0.029597040857489473 54.18725232270166 -1.1095643703022966
Pedestrian 0 1 0 351.5977566970214 424.1026345381043 370.87430047203486 458.0632583794322 1.6411764705882 0.8079789718305 0.81237869482588 -13.261505289569321 -0.22085194896442767 54.68960208607677 3.0600198088158894
Pedestrian 0 0 0 343.4644219731239 424.6114766341151 359.9975872206108 459.0455053525008 1.6411764705882 0.79347714579462 0.65953298322884 -13.52663026009285 -0.16878066716356752 53.852542934322365 3.0605060492572895
Car 0 1 0 370.9503118426248 424.07321402191263 404.0121114039477 453.31875942099066 1.5411400581933 1.6093539231132 4.018914956959 -14.125203752650647 -0.6195659219807277 64.68050810933119 1.4573053831644036
Car 0 0 0 215.49871486956292 429.8557664721583 354.8624434801506 480.0147708763989 1.5694631397798 1.5495520948099 4.540406983164 -12.204346707323817 0.49480103897071015 39.23169316025989 -0.5272777365359966
Car 0 1 0 422.3781463462937 425.6956529896718 453.53644400815983 454.0982520581845 1.4832958407679 1.6237740442564 4.1774664810323 -11.1850685807015 -0.5808096678815229 64.87112968142928 1.4724913659845034
Car 0 1 0 487.5123654404355 424.20174009527807 516.0127102294347 453.1107679535076 1.5163943086937 1.532582197363 4.3891261381794 -7.470245295331887 -0.6437000455902139 65.17637067839932 1.5165241571068035
Pedestrian 0 1 0 302.23878608414657 424.822054692921 319.5774555408556 458.81583151541247 1.6411764705882 0.66023649298757 0.65953298322884 -15.6576575520715 -0.1758390432199178 54.22820325028365 3.1297668353499897
Cyclist 0 1 0 267.63388235060705 422.0452071920125 299.6982039777473 454.346548751684 1.6726957684075 0.77076800462942 2.0957259822757 -18.775593459726625 -0.4694616591582264 59.81430519319297 1.78122512375929
Pedestrian 0 2 0 525.1274650297834 425.1987649407605 539.5531305510999 459.29617341487454 1.6804086702484 0.66023649298757 0.66623661468891 -4.856680985958797 -0.15843977515967134 55.747042143767146 -3.137881844286997
