Cyclist 0 0 0 687.3200533491613 436.9274117130434 767.904525675283 507.37506627654034 1.6434295471447 0.64947481605148 1.8893918969075 2.483948970042861 1.0493990402156868 27.452740500337693 -0.33954620994979656
Cyclist 0 0 0 421.6956287928548 433.8134664480719 495.5058801161753 494.22446834571065 1.5 0.64947481605148 1.8200082772066 -4.467290390709945 0.782408006128982 29.398460898719037 -0.5768118328358766
Cyclist 0 1 0 613.8758259076649 435.9591199732761 695.6976509128177 496.3113740379885 1.6050317828226 0.70804287109161 2.1832289548754 0.7664056699674932 0.8988038687037907 31.317708055401667 -0.27476493650279665
Cyclist 0 0 0 790.3078489913023 432.7665667567328 861.1300473428106 494.0268487302958 1.6774285689792 0.69359246311031 1.9397822869873 5.714517159477022 0.8563169615582477 32.01688122661578 -0.3387963010349966
Car 0 1 0 352.3745214087377 422.6071409965756 470.7004336010649 474.8311603678731 1.7965815138353 1.7750715529586 4.0878970327015 -8.2738251190018 0.3452136416144146 42.35090258501469 -0.6416694138726367
Car 0 0 0 83.17848245850985 422.5502304858993 167.86223893973312 467.92995530159584 1.7629811242937 1.6764564666831 2.8186655646569 -21.120736123726317 0.1483344790739567 45.85097992141927 2.1271421083052893
Car 0 0 0 225.89389530147812 408.9689110151117 307.910595610746 462.12399180451183 2.4186028622893 2.0687611331061 5.7011931168131 -17.876174844354825 -0.16672832755474168 54.600963420578275 1.6326333874152894
Pedestrian 0 2 0 479.1723508719524 423.311495992655 491.0051532655799 457.25821091239175 1.6411764705882 0.54267731052831 0.51108855360951 -7.065144360468279 -0.2503992323097562 54.433047578711616 3.1297668353499897
Pedestrian 0 2 0 491.8419402988314 423.2169051429342 504.0919256268709 456.7676232635095 1.6411764705882 0.58769840787466 0.54337551311676 -6.5176893252159935 -0.27929949886415906 55.15708531999195 3.1297668353499897
Car 0 2 0 488.992317451414 425.2023523821549 517.8508643630331 453.81967491419294 1.499955157022 1.5623288628838 4.2038980726267 -7.361288073261688 -0.5980725670796504 65.0713299412092 1.5165241571068035
Car 0 2 0 419.9326791006492 422.2776153863133 452.564649766232 451.3319754474618 1.5303581617489 1.5167276476834 4.1976892792911 -11.25872855633522 -0.7355547212133724 64.72503572938798 1.5165241571068035
Pedestrian 0 2 0 634.8146160435716 424.32452758153033 647.4949017883499 460.8825456822611 1.8316324811006 0.53107338104082 0.60371152057102 0.6101972577284063 -0.07778954051480375 56.48062486319309 3.1297668353499897
Car 0 2 0 368.0908619331504 421.347387664831 406.3029331166474 451.6310660224409 1.6073412643441 1.6585886911901 4.2062126202902 -14.169025864374724 -0.7208544384412244 64.8318042467458 1.5165241571068035
