Cyclist 0 0 0 409.7296187496349 437.0238472833698 492.42692982607673 510.5332702088604 1.5 0.64947481605148 1.6497001667913 -3.795312784926644 0.9855368689115829 23.97797875693154 -0.33954620994979656
Cyclist 0 0 0 128.30112521678495 437.35518558199607 211.05583131783425 507.3106398854019 1.5 0.64947481605148 1.6497001667913 -10.476263245965018 0.9671138717545689 25.093854084568726 -0.5768118328358766
Cyclist 0 1 0 202.89741515745263 436.71734766452346 278.37143176806467 497.7986866023292 1.4223670509745 0.68294227607441 1.6497001667913 -9.628992935162955 0.8241453978548524 27.377669671931645 -0.5768118328358766
Cyclist 0 2 0 413.6827212855405 432.6562538717776 487.16002555269984 497.64281198416177 1.5 0.64947481605148 1.6497001667913 -4.298759728142474 0.809546514789794 26.976405031070346 -0.33954620994979656
Car 0 1 0 82.75780741700544 423.3342183095889 219.14796152464413 478.6090891758599 1.6607582572282 1.6764564666831 4.0878970327015 -15.987816997675441 0.42276449505362523 36.6394438013198 -0.4932137721149965
Car 0 1 0 -38.15111319401569 425.7870225395312 104.07389394794882 477.2122248735651 1.7185108647073 1.716892016441 4.5207331891052 -22.607761805756525 0.4124233327096374 41.36082523972411 2.26273450505259
Car 0 2 0 205.32095763959563 420.8956400163676 281.71160054117104 461.5767639420077 1.8094908516624 1.6764564666831 4.5207331891052 -18.91491242392067 -0.15318327164170392 54.07355129312503 1.7473999765997892
Car 0 2 0 278.82290284335966 410.9229450477196 334.4733914078476 454.1335022207749 2.2253990173087 2.0184656633199 5.1146855738468 -17.95227976342493 -0.5811386485278418 61.527781280808476 1.5165241571068035
Car 0 2 0 368.2202257522604 421.3287142566066 406.3956980426949 451.5871594890477 1.6073412643441 1.6585886911901 4.2062126202902 -14.173515684401506 -0.7238166226210071 64.88179025745318 1.5165241571068035
Car 0 2 0 420.021215325942 422.2551265131433 452.9281693754036 451.2882452575472 1.5303581617489 1.5350755806303 4.1976892792911 -11.254072210782166 -0.7386258994169375 64.77573434054466 1.5165241571068035
Car 0 2 0 488.9248211330012 425.2438716028233 517.9862771012808 453.9111265416285 1.499955157022 1.5717218358485 4.2038980726267 -7.3476357778422985 -0.5922103296001907 64.97182959141479 1.5165241571068035
Pedestrian 0 3 0 666.115775061884 423.1364040999598 679.2471572833182 457.6869769378869 1.7203998873698 0.70833553053288 0.61821793578888 2.2070343741359926 -0.2441725595472755 56.366455823943845 -3.1255745117996967
Pedestrian 0 2 0 514.7558454775326 423.3991262007351 529.6241350237113 457.60485344378185 1.6411764705882 0.69837666760967 0.67092115820763 -5.227483196472104 -0.23849235469959115 54.319849946859165 3.1297668353499897
Pedestrian 0 2 0 522.4672955941004 422.7273725131728 537.4523334896937 456.3416671269148 1.6411764705882 0.87090199278212 0.69036560356373 -4.952855879072557 -0.31080866225416437 55.49367551362668 3.1297668353499897
Pedestrian 0 0 0 460.21772369713824 423.8081319947237 478.5190786164681 458.1538371704909 1.6510665891204 0.78725302938842 0.75564544044054 -7.841424915390365 -0.21348180887689489 54.454742999409554 -3.0948583630042963
