Cyclist 0 0 0 726.296405041 433.8103455352228 770.1878046491927 480.102348404789 1.5035527852765 0.64947481605148 1.6966181756348 4.154958806755592 0.5561328491021197 38.38905169036788 -0.8156327247673866
Car 0 0 0 592.955573847757 421.6152643727195 661.5642596544686 468.3054149644632 2.0319039273861 1.8377211371806 4.3306247596259 -0.029329259827647433 0.14704440044350953 53.27601218860341 -1.1706479912567667
Car 0 0 0 -7.503425654699072 402.9747108090971 160.6532631538659 473.5912726319423 2.5368360468139 2.128075906169 5.7663150648536 -21.643458209112325 0.24869837411689716 42.97941188298787 2.14085057869039
Car 0 1 0 367.7665547429544 421.39419314939937 406.0704181385174 451.7411374191378 1.6073412643441 1.6585886911901 4.2062126202902 -14.157801314307743 -0.713448977991706 64.70683921997639 1.5165241571068035
Car 0 0 0 261.85718182656933 427.5908928973571 397.7679191765576 477.7174153291695 1.6251677631924 1.6994648135222 4.5701640433529 -10.995317240595236 0.424585059037754 40.739871044242136 -0.5970713493719866
Pedestrian 0 1 0 424.7473882478024 423.2676316457692 442.3234207647712 456.8669660315476 1.6411764705882 0.73913324700384 0.75250211714733 -9.753106401760208 -0.2793542508085439 55.241578841352414 3.1297668353499897
Cyclist 0 0 0 1013.0712479216212 434.2693855810685 1070.3325955303148 492.24503477050456 1.6523962948216 0.61667204788539 1.736409992452 12.429033290990393 0.8401770695966803 33.03359847501758 -0.44820273780429654
Pedestrian 0 0 0 415.87148922526313 423.8064856242537 431.7599012796815 457.8777461351631 1.6411764705882 0.66023649298757 0.65953298322884 -10.073524372186558 -0.22315306099750082 54.34227633734672 3.1297668353499897
Cyclist 0 0 0 1118.4113653713468 436.0942269358803 1171.5709232353636 485.996094626646 1.60087533022 0.60764049102281 1.6477883138591 17.31115582177992 0.7486279866100176 36.66669508474252 -0.2752392681622966
Cyclist 0 0 0 1223.2304684254111 439.0612933931348 1277.747541474468 483.5152359883108 1.4933169041722 0.63318595331973 1.8519277710894 22.03090815741365 0.7003027628130701 38.57826763659181 -0.3145640067105966
Car 0 2 0 423.8253674572264 423.4237680058805 456.1659762000496 452.5123358468606 1.5303581617489 1.5167276476834 4.1976892792911 -11.055413480086932 -0.6695924605315345 64.82290028809628 1.5165241571068035
Car 0 2 0 486.3920915704286 425.8219562066533 515.3997788410079 454.4613980574518 1.499955157022 1.5623288628838 4.2038980726267 -7.514293731211402 -0.5618809796789228 65.1102684688016 1.5165241571068035
Pedestrian 0 1 0 363.2623261157239 424.1266143051839 377.9261023660661 457.94203021653 1.6411764705882 0.66076863138049 0.56956535811967 -12.777853859996345 -0.22011771379922168 54.618826632195926 3.1297668353499897
Pedestrian 0 2 0 583.6920479256593 423.8809471499012 597.2599626496739 456.8545805461855 1.6411764705882 0.66023649298757 0.66623661468891 -1.9621296783776394 -0.2841578444818842 56.34716217207964 3.1297668353499897
