Cyclist 0 0 0 821.3991414816078 431.6549674239917 897.2932189414862 499.16305195252585 1.7107172798003 0.61667204788539 1.9695415200205 6.185906456514562 0.9224608818946687 29.559741755229993 -0.33954620994979656
Cyclist 0 0 0 557.7665604854265 431.6979198986199 628.5146985493639 489.64326175372673 1.5757719914262 0.64947481605148 2.0086344195298 -0.9921862215653079 0.7260124429210194 32.240610618814 -0.5768118328358766
Cyclist 0 2 0 820.0491675443317 431.6313199355563 894.7816721121283 493.3843312149552 1.7550379568989 0.70804287109161 2.1167514773908 6.855277599507883 0.8697375298417214 33.10024230784313 -0.2752392681622966
Cyclist 1 1 0 971.7626348322624 434.0711485258764 1032.372690318505 490.1335038035876 1.681002622061 0.56304817625042 1.8961979646814 11.758490751450385 0.8221615745232106 34.638307380368694 -0.3387963010349966
Car 0 1 0 461.2623098359948 421.5231297759657 566.6135384652205 472.7230266352896 1.9110948184142 1.8377211371806 4.2100481202379 -4.710159043046996 0.28776868678131284 46.01560683712347 -0.8219520287221366
Car 0 2 0 -17.78221033103614 423.9675975542748 70.01515911027093 472.8756723891142 1.7629811242937 1.6764564666831 2.5755130468786 -23.48433839192992 0.3240807029680001 42.336471978734224 2.27335736717629
Car 0 0 0 175.80009678570622 406.85183548201405 278.2895615985603 464.93840255605664 2.4478522632248 2.1455384613762 5.7011931168131 -18.32638710348428 -0.03972158748838145 50.394445846273676 1.7127156077976897
Car 0 2 0 368.0908619331504 421.347387664831 406.3029331166474 451.6310660224409 1.6073412643441 1.6585886911901 4.2062126202902 -14.169025864374724 -0.7208544384412244 64.8318042467458 1.5165241571068035
Car 0 2 0 421.4942801951113 424.4684738467773 455.6316132062602 453.6235493694474 1.5303581617489 1.61733116265 4.1976892792911 -11.145966348644164 -0.607555373538867 64.86890539016909 1.5165241571068035
Car 0 0 0 -21.5675998489113 429.8259608768036 136.61588247589685 481.59056281479343 1.4829782398471 1.5975643976627 4.5701640433529 -18.569607160792085 0.5022320838686579 35.549187079069476 -0.42902654269219664
Pedestrian 0 1 0 463.6095375013172 423.0590809644617 477.8539153653717 456.63574822529176 1.6411764705882 0.61610596129274 0.62343725210539 -7.873988740645151 -0.2866352967793927 55.135742548600106 3.1297668353499897
Pedestrian 0 0 0 402.681159808972 423.73270181375307 417.7574106894045 457.48373649476287 1.6411764705882 0.61610596129274 0.62343725210539 -10.82956821919685 -0.2425696772530524 54.757843869987816 3.1297668353499897
Pedestrian 0 2 0 617.119566233454 423.9161934225653 628.4491148149699 456.7465149585265 1.6411764705882 0.65657511114464 0.5389846235252 -0.32488843848673865 -0.290363147847981 56.5605308120235 3.1297668353499897
Pedestrian 0 2 0 458.1627735089064 423.50107122121545 470.2393411457679 457.459954042111 1.6411764705882 0.54267731052831 0.51108855360951 -8.087855426105625 -0.24013638391047692 54.385491509346394 3.1297668353499897
Car 0 2 0 488.9754634763882 425.2131108644013 517.8458297657774 453.84251060255326 1.499955157022 1.5623288628838 4.2038980726267 -7.35904439855222 -0.5965922899885808 65.0463506887275 1.5165241571068035
