Cyclist 0 0 0 849.2683027451101 431.0318413164831 863.5967408340268 462.35087146744064 1.5055290026205 0.64947481605148 1.8044566773315 11.526435162619844 -0.04347054894719786 56.20811999537096 -1.3690095482877265
Car 0 0 0 648.6065341801799 423.6792705189762 675.8763630701362 451.22453555698354 1.7463551243616 1.8377211371806 4.3306247596259 2.27188554849927 -0.8691317629069871 77.45097231043677 -1.5079551480206725
Car 0 0 0 589.7174234946326 428.5783612472397 647.2371393694084 462.1854950597452 1.4820231181442 1.4771940049903 4.5701640433529 -0.48706390155466583 -0.13691213365917962 56.08325368172791 -1.2134051379569466
Car 0 1 0 370.4148115886112 424.2188924493156 403.6869424111644 453.64051895639074 1.5411400581933 1.6093539231132 4.018914956959 -14.071849461076035 -0.5986432955060763 64.32482621564704 1.4573053831644036
Car 0 0 0 277.9704653673648 428.27371295073823 416.1774809672318 478.37085448480536 1.6163605120781 1.5495520948099 4.7006566407001 -10.299336921342535 0.44785621065004133 40.55529600841692 -0.5690159522302864
Car 0 1 0 422.5187075135881 425.6316759811676 453.5992186995983 453.9631235468681 1.4832958407679 1.6237740442564 4.1774664810323 -11.205000174529118 -0.5895442808034481 65.0193335362403 1.4724913659845034
Cyclist 0 1 0 255.70454308012967 423.001328415026 287.4638302447142 456.5257987545419 1.6726957684075 0.77076800462942 2.0957259822757 -18.746536531343416 -0.3419312380803679 57.6821385804059 1.7195177319988897
Car 0 1 0 487.5615629324661 425.04315381135314 516.0357178662424 453.9854054482988 1.5163943086937 1.532582197363 4.3891261381794 -7.474550760939765 -0.5944254479029135 65.23166769717038 1.5165241571068035
Cyclist 0 0 0 37.75559705225589 431.67662467742906 111.3760564159718 499.041618704402 1.5001844187458 0.56933030011995 1.4777228879786 -12.98791412636114 0.8133647196539739 25.60332241982018 -0.5667741758181666
Pedestrian 0 1 0 295.2418020509283 424.89072554937655 312.670757904345 458.883764794482 1.6411764705882 0.66023649298757 0.65953298322884 -16.000551510887536 -0.17239812150252795 54.212258679584835 3.1297668353499897
Pedestrian 0 2 0 516.4656079167133 425.2710026076164 531.0076066575584 459.3718468876352 1.6804086702484 0.66023649298757 0.66623661468891 -5.2882841350321215 -0.15451032369490503 55.73367686385875 -3.137881844286997
Pedestrian 0 2 0 349.848205912456 424.1086785623325 369.1457803352633 458.0553484119016 1.6411764705882 0.8079789718305 0.81237869482588 -13.353169486416856 -0.22129092621527452 54.70802023650843 3.0600198088158894
Pedestrian 0 2 0 338.0460668250898 424.6409663155131 354.6538060367622 459.0454577787778 1.6411764705882 0.79347714579462 0.65953298322884 -13.80118648490635 -0.1688146336571604 53.88633020564655 3.0605060492572895
