Cyclist 0 0 0 639.9660205151381 437.00298974585206 722.9488428920641 506.6716056102344 1.5817505804249 0.64947481605148 1.8893918969075 1.3133726105283385 1.0055325030161861 26.77971019874048 -0.33954620994979656
Cyclist 0 0 0 372.9870354558821 430.8485461714063 451.57159913961175 501.4329738332583 1.711949193151 0.64947481605148 1.8665979356515 -5.527442520085178 0.9383531756739905 28.51926599191291 -0.5768118328358766
Cyclist 0 0 0 541.2788036173582 431.2590705796836 625.3380196295421 497.5550652608977 1.726199869506 0.70804287109161 2.2104437153137 -1.216198469527398 0.9047474131446318 30.757680863205202 -0.4229039078236967
Cyclist 0 0 0 722.8484543470087 431.5861531174592 788.1702432786612 494.8979767193448 1.6914503862191 0.69359246311031 1.6921292183294 3.5850895935073166 0.8594313835204392 31.145133568904555 -0.33957152681989666
Car 0 1 0 315.1051254452378 423.4661184978297 436.7998015460114 471.52062364495663 1.6001727611767 1.7750715529586 4.0878970327015 -9.420809087978654 0.21648471646864254 41.354053685427395 -0.6416694138726367
Car 0 0 0 109.42392767777515 421.8503702418939 189.20170977799077 465.9199147289197 1.7629811242937 1.6764564666831 2.8186655646569 -20.611576685542758 0.07351719944687665 47.03817245697882 1.9761865731342896
Car 0 1 0 241.11905038478935 407.5076508208847 317.02365826773905 460.42941857870426 2.4782745048364 2.0687611331061 5.7011931168131 -17.706243163958703 -0.2501612794936092 55.973452238103526 1.6015820878478895
Pedestrian 0 2 0 488.6548207309643 423.4814238442866 502.6357031864521 457.414087150018 1.6411764705882 0.62761317342838 0.61814606354049 -6.566960850604642 -0.24650349010293768 54.61563838393113 3.1297668353499897
Pedestrian 0 2 0 492.7581829967945 423.0988318607026 506.504967592048 456.58294036985376 1.6411764705882 0.62761317342838 0.61814606354049 -6.456193065575805 -0.29080479772606815 55.34168309484742 3.1297668353499897
Car 0 2 0 488.992317451414 425.2023523821549 517.8508643630331 453.81967491419294 1.499955157022 1.5623288628838 4.2038980726267 -7.361288073261688 -0.5980725670796504 65.0713299412092 1.5165241571068035
Car 0 2 0 419.9769647824948 422.2679264203612 452.5939566712474 451.3101016718293 1.5303581617489 1.5167276476834 4.1976892792911 -11.260968917331438 -0.7370328120634031 64.74997808967751 1.5165241571068035
Car 0 2 0 368.0908619331504 421.347387664831 406.3029331166474 451.6310660224409 1.6073412643441 1.6585886911901 4.2062126202902 -14.169025864374724 -0.7208544384412244 64.8318042467458 1.5165241571068035
Pedestrian 0 0 0 430.63349857668175 423.9146372643924 447.02496821438046 457.9465281532008 1.6510665891204 0.71818294054327 0.65697388494748 -9.409395103089384 -0.2222638369711894 54.79104543474223 -3.0948583630042963
Pedestrian 0 2 0 639.1016232604019 424.2894978788341 651.8099824792612 460.8407375837336 1.8316324811006 0.53107338104082 0.60371152057102 0.828875129990756 -0.07998396074429298 56.490793385283276 3.1297668353499897
