Cyclist 0 0 0 477.95625810928107 439.4925814083759 569.201461575549 512.1068643374028 1.5227817981838 0.66740350944458 1.9060338936261 -2.3051596936847036 1.0485722156515629 24.844118271718568 -0.33954620994979656
Cyclist 0 0 0 209.6892968546091 435.22813263963536 288.37998429850177 502.5092095927955 1.5 0.64947481605148 1.6497001667913 -8.982509399932265 0.8936244223009109 26.139750966132354 -0.5768118328358766
Cyclist 0 0 0 318.43211620012386 434.2734043752544 390.0502168996546 498.43986845878095 1.5603929038855 0.68294227607441 1.6497001667913 -7.0552159701888595 0.8726356984908639 28.56490963937864 -0.5768118328358766
Cyclist 0 1 0 514.1559825686826 432.9577564390048 596.5263424049805 502.4797614601577 1.6807731385367 0.69359246311031 1.9661117745838 -1.835425749247515 0.9647468650690911 28.39996568196695 -0.33957152681989666
Car 0 1 0 168.28574060260928 422.2615594345662 299.5289808346307 475.11378179063377 1.6438788878159 1.6764564666831 4.0878970327015 -13.641179547685006 0.32389263167727056 38.005810748473266 -0.4932137721149965
Car 1 0 0 -106.67665940769076 423.626626095062 44.325190787374936 476.64667270943767 1.7185108647073 1.716892016441 4.5207331891052 -24.14515511864605 0.3786047501309011 39.74479421982906 2.3974037481882897
Car 0 2 0 267.48137441197434 411.26354267581286 331.3589144530963 455.95716084428784 2.2253990173087 2.0184656633199 5.4757222025889 -17.850334303131874 -0.4827737380987384 59.87360623144947 1.5676704870952034
Car 0 2 0 368.0261032045007 421.3567348074367 406.2564990733078 451.6530453960295 1.6073412643441 1.6585886911901 4.2062126202902 -14.166780954361334 -0.7193733463513322 64.80681124139214 1.5165241571068035
Car 0 2 0 420.1978669501656 422.21647698125054 453.04463914855074 451.2009928016308 1.5303581617489 1.5350755806303 4.1976892792911 -11.263033654767062 -0.7445382628171189 64.87550378170378 1.5165241571068035
Car 0 2 0 488.9585961089596 425.2223159147144 517.9962492574022 453.8653644221774 1.499955157022 1.5717218358485 4.2038980726267 -7.352123127261166 -0.5951708837823894 65.02178809637918 1.5165241571068035
Car 0 2 0 186.7438781055547 421.79931744911374 253.62317918241703 463.4882038222388 1.8414230431624 1.6764564666831 2.8631309073533 -19.30154869190065 -0.018669686502788288 51.87512386440676 1.8347180693624896
Pedestrian 0 2 0 508.2798902182866 423.4320893517896 520.5627205639418 457.37107728072834 1.6411764705882 0.53107338104082 0.55056820886921 -5.626475475671038 -0.2452581388332706 54.481056447509125 3.1297668353499897
Pedestrian 0 2 0 513.0234775400087 423.15000810730896 525.1420952172277 456.7779663663444 1.6411764705882 0.53107338104082 0.55056820886921 -5.447876575233005 -0.2766718886810924 54.98378350835359 3.1297668353499897
Pedestrian 0 3 0 655.3697745474874 423.2147416574896 668.4014041567548 460.0442229723505 1.8350932209726 0.70833553053288 0.61821793578888 1.659744933109279 -0.12510096021777634 56.36307976480866 -3.1255745117996967
Pedestrian 0 0 0 447.3972225079204 423.8251866771583 465.82465112767454 458.0493104478657 1.6510665891204 0.78725302938842 0.75564544044054 -8.498483126311658 -0.21906553931523237 54.627444524814535 -3.0948583630042963
