Cyclist 0 0 0 1003.8589100702244 434.2843543979106 1060.4530296894918 492.248527362749 1.644064725539 0.57501420147204 1.736409992452 12.073069789430077 0.8366404475589916 32.85706391873148 -0.44820273780429654
Cyclist 0 0 0 721.4445493186911 433.5413833761946 764.9422000233151 478.9088245417747 1.4622325598361 0.64947481605148 1.5995635241079 3.9413349726793654 0.5134901819649068 38.01511902687708 -0.7890267729608667
Car 0 0 0 585.7995309679865 422.25608169422736 661.2426084421406 465.1206453275245 1.834216294523 1.8377211371806 4.3306247596259 -0.20644071547696075 -0.001530505686281547 52.83897942301717 -1.0810511552073365
Car 0 0 0 4.3472652771858975 404.4471209254604 173.1799087066929 473.2114104215886 2.4683940387514 2.006814823595 6.1164465461725 -21.283326063932513 0.22690779075823814 43.3002385042566 2.0759227843038897
Car 0 1 0 367.610916567177 422.3800862004575 405.92388335551743 452.7910549386221 1.6073412643441 1.6585886911901 4.2062126202902 -14.167243218253708 -0.6539600734205145 64.70951645671505 1.5165241571068035
Car 0 0 0 245.28161021928327 426.6907193990342 382.84229127275023 478.0827551160842 1.6556369467664 1.6994648135222 4.5701640433529 -11.470619955438979 0.43231856196601703 40.34197367300887 -0.5970713493719866
Pedestrian 0 1 0 425.9658447200517 423.2864670678436 444.2579363121925 456.9923984735295 1.6411764705882 0.78740314319763 0.78146405486359 -9.65620440068569 -0.2741677164429036 55.14328394917099 3.1297668353499897
Pedestrian 0 0 0 419.49361063625855 423.7729227660256 435.3333121999983 457.84282928483896 1.6411764705882 0.66023649298757 0.65953298322884 -9.897178907652263 -0.2249226778807532 54.350476402277884 3.1297668353499897
Car 0 0 0 456.0508543443883 425.7309610781427 483.47905996856366 450.1637170499504 1.5687276058155 1.6958173434794 4.3505219950503 -11.417246623398498 -0.961950852617612 79.31351291987437 1.5156029950099033
Cyclist 0 0 0 1106.4203652282345 437.8062009833645 1159.573825633776 485.160978617288 1.4988705992226 0.60764049102281 1.6477883138591 16.753256902435158 0.712988156469352 36.34424586847106 -0.29373002665559667
Cyclist 0 0 0 1206.5041861004702 430.027913875771 1265.2821978112254 484.2536654084256 1.8283926920708 0.63318595331973 2.0326463679579 21.389656216096903 0.7186073181003396 38.38245783983438 -0.3145640067105966
Car 0 2 0 420.2062411850679 425.10325165235736 452.7573156832941 454.2829772150134 1.5303581617489 1.5167276476834 4.1976892792911 -11.268672982863018 -0.5694910291888889 64.86013939354815 1.5165241571068035
Car 0 2 0 485.6586141946509 425.8721764944217 514.7577163997246 454.561578592113 1.499955157022 1.5623288628838 4.2038980726267 -7.5425161698399 -0.5554917188436637 65.00703809826462 1.5165241571068035
Pedestrian 0 1 0 365.45673680018666 424.1056723704435 380.0916758932792 457.92079981954566 1.6411764705882 0.66076863138049 0.56956535811967 -12.670087187225635 -0.22119914633894494 54.62383778298652 3.1297668353499897
Pedestrian 0 2 0 588.2952421991262 423.8857503349165 601.9274757223862 456.90624225049896 1.6411764705882 0.66023649298757 0.66623661468891 -1.7244903751173584 -0.2812576521498251 56.27000062957104 3.1297668353499897
