Cyclist 0 0 0 796.58816597053 427.7592602433001 824.3476639412921 471.1667692328812 1.6142144999499 0.64947481605148 1.8044566773315 7.1567306597148095 0.29101764172963435 43.606470624066496 -1.1240257725281866
Car 0 0 0 637.9761330453496 422.2386945254679 677.668668599081 461.4610140842446 1.9220774646844 1.6424458911087 4.3306247596259 1.5738482620339507 -0.16216823049604645 59.71238662670254 -1.3983421282345665
Car 0 0 0 401.4144241541604 428.6194716896719 519.5019274785733 474.1831031722453 1.6057830941086 1.8680799680196 4.5701640433529 -6.771128656137105 0.3257733105194069 44.96975952256094 -0.7926702061354466
Pedestrian 0 2 0 398.8989571451552 423.4764358089657 416.0515490091928 457.08987014449775 1.6411764705882 0.79705712243638 0.70423222095356 -11.06178627460366 -0.26941533038620913 55.23403076451226 3.1297668353499897
Pedestrian 0 2 0 393.6857831335354 423.97645350309375 409.8483218341314 458.006098555777 1.6411764705882 0.66023649298757 0.65953298322884 -11.170330865826267 -0.21677055469877798 54.368453575393836 3.1297668353499897
Cyclist 0 0 0 292.314692004535 424.6532023579976 313.2558638511122 454.5384655130531 1.6819715408508 0.83467844631473 1.8691533052748 -19.255904749356894 -0.49069770609345564 64.95170223216928 1.5017823661987033
Cyclist 0 0 0 1121.2606773111706 428.60491001875926 1174.765580866797 486.47576275211975 1.8057594275108 0.61667204788539 1.8119514423929 16.97952101137056 0.7317647698161388 35.74122097736532 -0.44820273780429654
Car 0 1 0 367.7665547429544 421.39419314939937 406.0704181385174 451.7411374191378 1.6073412643441 1.6585886911901 4.2062126202902 -14.157801314307743 -0.713448977991706 64.70683921997639 1.5165241571068035
Car 0 2 0 486.3920915704286 425.8219562066533 515.3997788410079 454.4613980574518 1.499955157022 1.5623288628838 4.2038980726267 -7.514293731211402 -0.5618809796789228 65.1102684688016 1.5165241571068035
Pedestrian 0 0 0 336.00438111986546 424.4505038132095 352.8777864117906 458.38924293571057 1.6411764705882 0.66023649298757 0.65953298322884 -14.028124414277205 -0.19756692293254657 54.39370249410273 3.1297668353499897
Cyclist 0 0 0 1252.402444004103 439.2529532641673 1304.0698411821193 481.23539215545617 1.4223670509745 0.60764049102281 1.6477883138591 23.064557741020824 0.6300854263982869 38.62873104453475 -0.24099214511639655
Cyclist 0 0 0 1254.3184302700097 437.3203643859243 1308.3930703146257 480.4963523499098 1.4670152377712 0.63318595331973 1.8519277710894 23.371201787633275 0.6017837768423949 38.950063059380156 -0.3145640067105966
Pedestrian 0 2 0 562.2462577162149 424.7096314325487 576.07922417552 458.56590955983 1.6804086702484 0.66023649298757 0.66623661468891 -3.029293356422563 -0.19670859719585398 56.16469182874236 -3.137881844286997
Car 0 2 0 423.8253674572264 423.4237680058805 456.1659762000496 452.5123358468606 1.5303581617489 1.5167276476834 4.1976892792911 -11.055413480086932 -0.6695924605315345 64.82290028809628 1.5165241571068035
