Cyclist 0 0 0 753.56231543555 428.42814790411376 799.2351077273097 479.1931940201486 1.7436207019859 0.64947481605148 1.8044566773315 5.363978654245037 0.5518447130402054 40.182250783629364 -0.7239815640444566
Car 0 0 0 610.5565446772663 421.9889430930172 671.982299782709 465.0616597135617 1.9550254034949 1.8377211371806 4.3306247596259 0.6594730383015943 0.005515396530093919 55.5549751898876 -1.2202997126717665
Car 0 0 0 -67.28466439300087 401.844997753052 116.84940133222597 475.8779305773058 2.5505192154636 2.128075906169 5.8790176323285 -22.737768104277812 0.3093883460595705 41.195437717159194 2.17876929742099
Car 0 0 0 316.7390265816178 425.08342249120847 446.9478760245354 475.634585770133 1.7014770928855 1.7636798853688 4.5701640433529 -9.369345581459582 0.3595080344455713 42.18496217874738 -0.6741968187024666
Pedestrian 0 2 0 414.9983676841315 423.4618364628976 431.9881964185776 457.248068094478 1.6411764705882 0.79705712243638 0.70423222095356 -10.209237600787107 -0.2606310377648319 54.984253987496054 3.1297668353499897
Cyclist 0 0 0 1055.8389573218842 433.8687346836297 1110.9086115977273 488.61385530210265 1.6120385835744 0.61667204788539 1.736409992452 14.129024776981852 0.7591889485743827 34.055295663100836 -0.44820273780429654
Cyclist 0 0 0 1175.7428873484596 430.5100689967596 1229.3973767923198 484.7107128590246 1.7956446833504 0.60764049102281 1.6477883138591 19.69181354555426 0.7268760539851777 37.44004770790173 -0.21498312125299668
Car 0 1 0 368.4713881986498 421.38732155703 406.7294115933068 451.7328807349328 1.6073412643441 1.6585886911901 4.2062126202902 -14.118312348180512 -0.7139459747587599 64.71035672679925 1.5165241571068035
Car 0 2 0 423.8253674572264 423.4237680058805 456.1659762000496 452.5123358468606 1.5303581617489 1.5167276476834 4.1976892792911 -11.055413480086932 -0.6695924605315345 64.82290028809628 1.5165241571068035
Car 0 2 0 486.3920915704286 425.8219562066533 515.3997788410079 454.4613980574518 1.499955157022 1.5623288628838 4.2038980726267 -7.514293731211402 -0.5618809796789228 65.1102684688016 1.5165241571068035
Pedestrian 0 0 0 409.4435025448978 423.810144613867 425.5925985085645 457.8896061122523 1.6411764705882 0.72781434765886 0.65953298322884 -10.39705031592613 -0.22463227890106158 54.406111921371185 3.1297668353499897
Cyclist 0 0 0 1254.3184302700097 437.3203643859243 1308.3930703146257 480.4963523499098 1.4670152377712 0.63318595331973 1.8519277710894 23.371201787633275 0.6017837768423949 38.950063059380156 -0.3145640067105966
Pedestrian 0 2 0 574.9323468145205 423.9701336852935 588.5678092592509 458.1300249129598 1.7000247700785 0.66023649298757 0.66623661468891 -2.3985099651282984 -0.21928455873159092 56.30118471747211 -3.137881844286997
