Cyclist 0 0 0 848.2917349661964 431.425209602726 862.1305033758321 461.759051688324 1.5055290026205 0.64947481605148 1.8044566773315 11.832756647475366 -0.07356351402859534 58.02741103573754 -1.3690095482877265
Car 0 0 0 644.3021221941297 424.0720261696182 673.852715775053 450.1335213906944 1.7463551243616 1.8377211371806 4.3306247596259 2.1376122090286205 -0.9933732699185948 81.92840200897164 -1.5881957578143735
Car 0 0 0 608.6941021766983 426.69371701221246 657.0898580420676 458.0954968442782 1.4820231181442 1.5746200446415 4.5701640433529 0.24052920842766295 -0.3453005816800825 59.473495383645705 -1.3027310047570566
Car 0 0 0 345.1367215072464 428.8934376802984 475.0145806650778 477.36340369185103 1.6163605120781 1.7137657173433 4.7006566407001 -8.335534148391103 0.42046492497582 42.491293720218074 -0.7132678187072666
Cyclist 0 1 0 247.1138576228961 423.5068193823436 282.0674711099061 457.6869390239596 1.6726957684075 0.90072141944012 2.0957259822757 -18.76289109364755 -0.2778452238135601 56.61443737319851 1.7195177319988897
Car 0 1 0 487.5615629324661 425.04315381135314 516.0357178662424 453.9854054482988 1.5163943086937 1.532582197363 4.3891261381794 -7.474550760939765 -0.5944254479029135 65.23166769717038 1.5165241571068035
Cyclist 0 0 0 137.05456546078892 429.0973040992618 212.31718888763265 493.47680535342863 1.5001844187458 0.56933030011995 1.6211700691881 -11.16640784881356 0.7144130672171409 27.034560153948608 -0.6547153310232666
Pedestrian 0 1 0 287.5900858218269 424.9416751536471 304.08786412702284 459.07123160129504 1.6411764705882 0.79347714579462 0.62030078356866 -16.396055110019194 -0.16752661305949487 54.178801309939665 3.0605060492572895
Car 1 2 0 -1158.648154476181 397.23597594316624 -616.4170633032803 495.772885433808 2.3857049153288 2.128075906169 5.6755087213164 -40.56435172492544 0.7132029447230588 32.55008354339885 2.9098035627425896
Car 0 1 0 370.4148115886112 424.2188924493156 403.6869424111644 453.64051895639074 1.5411400581933 1.6093539231132 4.018914956959 -14.071849461076035 -0.5986432955060763 64.32482621564704 1.4573053831644036
Car 0 1 0 422.5187075135881 425.6316759811676 453.5992186995983 453.9631235468681 1.4832958407679 1.6237740442564 4.1774664810323 -11.205000174529118 -0.5895442808034481 65.0193335362403 1.4724913659845034
Pedestrian 0 2 0 505.0081007709 425.3672013257757 519.7032578006729 459.4719931780776 1.6804086702484 0.66023649298757 0.66623661468891 -5.859215386507772 -0.1493123851552831 55.7159970670343 -3.137881844286997
Pedestrian 0 2 0 332.5040017329032 424.3189372559989 352.1200938004951 458.3255099939833 1.6411764705882 0.8079789718305 0.81237869482588 -14.180957030299304 -0.2074075599303687 54.57644789916442 3.0600198088158894
Pedestrian 0 2 0 324.5012374249581 424.8486364705864 341.37885863668185 459.35566212214815 1.6411764705882 0.79347714579462 0.65953298322884 -14.414272661340476 -0.15317955128010893 53.69954131663849 3.0605060492572895
