Cyclist 0 0 0 420.7793729055272 436.7993592652306 503.2880313855383 515.5149188643244 1.6165365070551 0.64947481605148 1.6497001667913 -3.570578626892139 1.0949785273262538 24.0727479640954 -0.33954620994979656
Cyclist 0 0 0 150.52461212229173 436.7740105405969 232.15236753008548 505.99927809065935 1.5 0.64947481605148 1.6497001667913 -10.079123139574001 0.9475754398689422 25.37192372764997 -0.5768118328358766
Cyclist 0 1 0 220.19450743786405 435.9687614227332 305.1145837200052 496.8192952512864 1.4223670509745 0.68294227607441 1.9158928831197 -9.173062590154812 0.801714613738164 27.696903076632296 -0.5768118328358766
Cyclist 0 2 0 441.3637853256294 431.9721465279524 513.9092307329455 496.079508242346 1.5 0.64947481605148 1.6497001667913 -3.685169695617873 0.7827441664499399 27.349529343975433 -0.33954620994979656
Car 0 1 0 108.15048127194792 419.8255066920856 246.73754380772613 477.56641688126734 1.7660299753523 1.6764564666831 4.2100481202379 -15.251427592433586 0.39173789029747597 37.06821823494976 -0.4932137721149965
Car 0 1 0 -58.77927852208961 422.691992031204 86.56991429398249 474.4622022250958 1.7185108647073 1.716892016441 4.5207331891052 -23.034296762745214 0.30723748952745117 40.80159796337488 2.26273450505259
Car 0 2 0 200.3834907185056 422.02285581824754 260.8702791401983 462.1543468424048 1.8094908516624 1.6764564666831 2.6823015675258 -19.10822782685918 -0.0705971924909335 52.718471249472145 1.7473999765997892
Car 0 2 0 276.61075660333074 409.5330625571636 332.9161373434798 454.6328975675903 2.3122658726504 2.0184656633199 5.1146855738468 -17.906602584865706 -0.5510028713925141 61.019248661925516 1.5165241571068035
Car 0 2 0 368.0908619331523 421.35767765978966 405.31623626889206 451.6310660224409 1.6073412643441 1.5991160349709 4.2062126202902 -14.198642588970149 -0.7204816908659329 64.82916611662867 1.5165241571068035
Car 0 2 0 420.7908133235703 422.258588857453 453.50718524886383 451.30062698857546 1.5303581617489 1.5259016141569 4.1976892792911 -11.210827361799293 -0.737663879256101 64.75444448323049 1.5165241571068035
Car 0 2 0 489.5078452644284 425.1900425070672 518.0111797715235 453.791022893022 1.499955157022 1.5435429169543 4.2038980726267 -7.344821361644751 -0.5997883277102906 65.0979758342254 1.5165241571068035
Pedestrian 0 2 0 522.5007655078441 422.7727646194076 534.64255271333 456.30577960053387 1.6411764705882 0.79431375229402 0.55056820886921 -5.022418702488104 -0.30978307795722526 55.484974013857546 3.1297668353499897
Pedestrian 0 2 0 514.7824937267403 423.42077099845744 527.1799152083257 457.5791963314285 1.6411764705882 0.67584492122793 0.55056820886921 -5.288120767088242 -0.2385583501823809 54.32828842862977 3.1297668353499897
Pedestrian 0 3 0 666.115775061884 423.1364040999598 679.2471572833182 457.6869769378869 1.7203998873698 0.70833553053288 0.61821793578888 2.2070343741359926 -0.2441725595472755 56.366455823943845 -3.1255745117996967
Pedestrian 0 0 0 456.5270352313138 423.75528850718496 474.8255950328355 457.9908822482493 1.6510665891204 0.78725302938842 0.75564544044054 -8.04862883538878 -0.22200336451770558 54.62204993213592 -3.0948583630042963
