Cyclist 0 0 0 830.9808684511713 426.25141501164205 850.2124732141667 452.150689307405 1.5055290026205 0.685464373228 1.8044566773315 12.880833915095353 -0.6572071905292544 67.64237968940414 -1.6272917627909036
Car 0 0 0 636.8885113224463 423.1614723324944 666.9960366635081 450.931374829725 1.6142630511829 1.8671434176389 4.2697281204251 1.4558692413394994 -0.8269338907146766 71.40288090864217 -1.5095656586330586
Car 0 1 0 369.376599009676 424.2304998631944 402.7165444929237 453.65576707182805 1.5411400581933 1.6093539231132 4.018914956959 -14.128918820297436 -0.5977199651840996 64.31631980481241 1.4573053831644036
Car 0 0 0 521.2758485785756 427.5464782875538 617.9001818372149 469.2123461521423 1.6163605120781 1.7854587373872 4.7006566407001 -2.576945737086918 0.15419492689517117 49.46175760138538 -0.9344151746405066
Cyclist 0 0 0 403.4050324218872 430.6482012575964 460.66866133411713 487.7484792501563 1.5699002061289 0.56933030011995 1.6211700691881 -5.687555130484105 0.6832636288104947 32.25957726668245 -0.8109503015117666
Pedestrian 0 1 0 300.626415674857 424.7391469310626 317.2076460476265 458.6614825374406 1.6411764705882 0.68423870774771 0.65620160155939 -15.810022370303315 -0.18557480504895726 54.40914154867328 3.0605060492572895
Pedestrian 0 0 0 288.78513897547657 425.2642550679035 304.79000141813617 459.8061803884276 1.6411764705882 0.78231920689815 0.58951659922784 -16.14831179980408 -0.1298088678161454 53.51926636683749 3.0605060492572895
Cyclist 0 1 0 181.02742786695688 421.29606839078656 239.5528058443001 462.0920345991984 1.8736381970431 1.179452914079 2.4876297735894 -20.383049911767678 -0.0737396982273622 53.40368056523667 2.12891488542809
Pedestrian 0 1 0 253.75938535405817 424.03182221846833 269.5372343592716 458.12056791641066 1.6411764705882 0.62674029723885 0.59087663382354 -18.018601822844722 -0.20799490240496618 53.902542920664416 3.0605060492572895
Car 0 1 0 487.5615629324661 425.04315381135314 516.0357178662424 453.9854054482988 1.5163943086937 1.532582197363 4.3891261381794 -7.474550760939765 -0.5944254479029135 65.23166769717038 1.5165241571068035
Car 0 1 0 422.4719273938624 425.65297024567184 453.5783245185663 454.008095650923 1.4832958407679 1.6237740442564 4.1774664810323 -11.198356309919845 -0.5866327431628067 64.96993225130329 1.4724913659845034
Pedestrian 0 2 0 471.71975349306194 424.9950738585735 486.49369639987975 460.562049285071 1.7306212232884 0.66023649298757 0.66623661468891 -7.434103316377503 -0.09417114491763523 54.98617291769 3.0990518000614897
