Cyclist 0 0 0 614.698890199376 439.5339994570986 698.8669420642666 506.6799320371844 1.5 0.64947481605148 1.8893918969075 0.7112711524932396 0.9929794871137179 26.456349674436552 -0.33954620994979656
Cyclist 0 0 0 351.7049796117813 437.6603948018079 423.5881290518378 500.61834769001433 1.5 0.64947481605148 1.6497001667913 -6.085859077062852 0.9116998368809246 28.125306781248412 -0.5768118328358766
Cyclist 0 0 0 509.0050518194829 430.3730543420608 601.9776249742112 494.2850026850828 1.6348769072192 0.70804287109161 2.4350157985761 -1.9592439268544664 0.8012738436747392 30.3849366344961 -0.4229039078236967
Cyclist 0 0 0 698.7956516918877 429.4242896805235 768.0789864714084 493.3640508654545 1.6861957911128 0.69359246311031 1.7883157105214 2.9324908018552116 0.8047933326266508 30.77071995312037 -0.33957152681989666
Car 0 1 0 299.0326757869633 421.4055019226128 422.304329771388 476.603808655044 1.8441622322925 1.7750715529586 4.0878970327015 -9.900561538294786 0.39360549118437993 40.96422800640035 -0.6416694138726367
Car 0 0 0 120.14217957556144 421.6089285902292 195.57765254239928 465.2471111732594 1.7629811242937 1.6764564666831 2.7376147253974 -20.37734008629589 0.05182906002781043 47.37183429678396 1.8833041995326898
Car 0 1 0 246.4876093417393 406.1553558039816 315.6130034293013 459.7546953530333 2.5464172520804 2.0184656633199 5.7011931168131 -17.80140950534241 -0.2855136897231505 56.57493074974723 1.5524124524956036
Car 0 2 0 368.2202257522604 421.3287142566066 406.3956980426949 451.5871594890477 1.6073412643441 1.6585886911901 4.2062126202902 -14.173515684401506 -0.7238166226210071 64.88179025745318 1.5165241571068035
Pedestrian 0 2 0 490.0383262967253 423.4814238442867 502.6357031864517 457.40081890860375 1.6411764705882 0.62761317342838 0.55056820886921 -6.5332100929292265 -0.24684217707036302 54.6172077943217 3.1297668353499897
Pedestrian 0 2 0 494.8526278595398 422.8752143893928 510.31609924907946 456.257510095762 1.6411764705882 0.74525350564883 0.7023288606867 -6.3479649142960115 -0.3123765705455013 55.68864919633009 3.1297668353499897
Car 0 2 0 421.6472217980332 422.2427078116333 454.1431271997193 451.2693182824194 1.5303581617489 1.5167276476834 4.1976892792911 -11.172119392792704 -0.7396573340070394 64.78303434418336 1.5165241571068035
Pedestrian 0 0 0 431.628874829585 423.9068805841346 448.0075073617354 457.94013638258576 1.6510665891204 0.71818294054327 0.65697388494748 -9.360063928639917 -0.2225859998814806 54.790453861875655 -3.0948583630042963
Pedestrian 0 2 0 644.1054256658883 424.2821832732167 656.8612824954663 460.8683906275813 1.8316324811006 0.53107338104082 0.60371152057102 1.083439069487647 -0.07860636713803665 56.43699820174023 3.1297668353499897
Car 0 2 0 488.87405782607095 425.2778303070897 517.8155435757479 453.97990624625226 1.499955157022 1.5623288628838 4.2038980726267 -7.345582350295517 -0.5877106274419844 64.8964751738343 1.5165241571068035
