Car 0 1 0 370.1974325932607 424.05386021839 403.27324898827953 453.267434424904 1.5411400581933 1.6093539231132 4.018914956959 -14.183432410317018 -0.622981005340635 64.74455581237181 1.4573053831644036
Car 0 0 0 422.45294241137685 425.5367383500986 454.3205991792109 454.4950840854231 1.5178045646331 1.536788599107 4.2588223655948 -11.186485674634538 -0.5605242022754489 65.03201598321078 1.5038210154915035
Pedestrian 0 2 0 511.041014697664 442.3038116630197 601.2709104909794 602.1333309431525 1.6630993090401 0.50337323079454 0.87854410186572 -0.7224171012021143 1.4635460613448736 12.119775983363363 -0.2345143603237967
Pedestrian 0 2 0 552.1891114521222 443.2227687930488 629.6383996961771 609.8576484635548 1.6571042436574 0.50641548069607 0.70015491907976 -0.3241935133745349 1.4754689731449688 11.552913402158062 -0.2023542017473965
Pedestrian 0 0 0 570.8087964896438 442.14740418225387 647.9770153368029 625.9253599964954 1.7118628408485 0.57593290426846 0.62589038306299 -0.12020136115538962 1.531791008763783 10.867556493557329 -0.2085278013724965
Car 0 0 0 621.0376928810099 427.2939559277439 665.1633488617321 458.9553815110808 1.5501129096833 1.6333562661492 4.3636019047331 0.8002551686023416 -0.29902154685616167 61.15413065116353 -1.3372259015917867
Cyclist 0 0 0 812.1809061214481 425.95391538464673 830.5646385961581 453.206650639241 1.5742180690709 0.75329804383552 1.9144368043567 11.641843752274836 -0.5926977400600172 67.29937894177287 -1.5556125384278154
Pedestrian 0 0 0 744.3041597408168 423.3637093467883 757.8848267062176 458.8937710048754 1.7956549399618 0.60789048805176 0.68806703521885 6.2514892824235195 -0.1811756164775582 56.916068371663556 0.14830140077680332
Pedestrian 0 0 0 -59.41267982121235 447.03408241899024 48.97968051420776 640.2095290869041 1.6152162146628 0.59707160729635 0.66851639835921 -5.509267358223741 1.5010816170404817 9.615398020987067 -0.2661236829279965
Car 0 0 0 486.3135389898539 427.1221411890001 513.7467525829043 454.8493785821012 1.4452840350895 1.5220836327961 4.191283620333 -7.573219949339097 -0.5397731123449274 65.16142120047485 1.5038210154915035
Cyclist 0 1 0 105.30393635098676 420.7021878069804 135.67539463542488 456.5696753533169 1.5203215292783 1.1099049757978 2.1574480764391 -22.87240896152066 -0.3061663421745944 49.087077554548465 1.2239391955289034
Pedestrian 0 2 0 290.86589959586433 424.8565555812315 307.11617247160723 454.2993027962736 1.4302948157496 0.58854263862581 0.64012982351699 -16.355585065478166 -0.39779246738209434 54.55500593177483 3.0990518000614897
