Car 0 1 0 369.376599009676 424.2304998631944 402.7165444929237 453.65576707182805 1.5411400581933 1.6093539231132 4.018914956959 -14.128918820297436 -0.5977199651840996 64.31631980481241 1.4573053831644036
Car 0 0 0 641.1767256551743 428.6440261832771 674.424766401402 457.7673572329128 1.4931624130452 1.665720174018 4.1107209389287 1.66600660459725 -0.36443445905135174 63.92280366652232 -1.4529227526975865
Cyclist 0 0 0 654.8546193974779 431.4196959690136 691.2179247506533 476.4364481091621 1.5685094279219 0.56933030011995 1.7082212802957 1.656035388759976 0.465707063000241 41.02266805703321 -0.9854863215574367
Pedestrian 0 1 0 241.95225403924783 425.70474358429874 257.0531217204481 459.9269761214157 1.6411764705882 0.56930675170348 0.55914560916844 -18.52049265309269 -0.11728008183054603 53.597169852538244 3.0605060492572895
Pedestrian 0 0 0 232.2687870174221 426.065891444616 248.0188530757307 460.6392960466488 1.6411764705882 0.56849947858901 0.57749048171101 -18.788416510903406 -0.08199783733887935 53.04066439585423 3.0605060492572895
Cyclist 0 1 0 114.4866759601772 420.9675643464697 164.4531124934569 464.0040546679431 1.8736381970431 1.3138204531365 2.2260324960485 -22.455065105164657 0.024450340369035234 50.1430894580897 1.5955042863463902
Car 0 1 0 487.1454444965069 426.6579026131736 514.5377622896334 455.2840065700335 1.4995148821083 1.5220836327961 4.1365561929874 -7.521761023273508 -0.5134356326873037 65.13060480295414 1.5038210154915035
Car 0 0 0 422.3139014064238 424.2053502270463 454.22784175457633 453.1108017078979 1.5178045646331 1.536788599107 4.2588223655948 -11.179299339598245 -0.6385456024965163 64.95124818679918 1.5038210154915035
Pedestrian 0 0 0 532.5969822432129 424.864855410866 545.1053722985076 455.7271077312993 1.560914316882 0.55415011413927 0.60643266134314 -4.649776250776455 -0.3427341800678418 57.14563384136212 -0.0810866043324967
Pedestrian 1 1 0 -762.233188138489 456.2837430790847 -617.0278229885104 670.2776584655784 1.7117647058824 0.48832965185103 0.41106641231366 -11.085683650250923 1.6806884896177385 9.716028104808458 -0.5533338848763967
Pedestrian 1 2 0 -886.4562148324541 453.5176444778749 -664.3739022890517 693.2894034806782 1.7621107266436 0.58322204215339 0.41106641231366 -10.917372432125337 1.7117831265611707 9.176652569630528 -0.055268474365496534
Pedestrian 1 2 0 -890.0211769323165 457.2379098295687 -659.039523377906 717.9274835610952 1.7621107266436 0.58322204215339 0.40053563133277 -10.103479320702094 1.7455854740646752 8.513968665325036 -0.15717040165949658
Pedestrian 0 1 0 245.2168219036824 425.3230726853395 261.6096138834973 459.18362643853095 1.6411764705882 0.61712306510531 0.62300508836281 -18.5541370178133 -0.15686222968458505 54.26191892250857 3.0605060492572895
Pedestrian 0 1 0 203.0567241012369 424.70674726073554 219.60762038906125 459.0092843988906 1.6411764705882 0.62674029723885 0.59087663382354 -20.36306152013416 -0.1628772775338093 53.433141568251706 3.0605060492572895
Pedestrian 0 2 0 422.9999432751071 423.6993638667658 436.8076672973344 457.8594792138984 1.6582230762739 0.58854263862581 0.59058020144238 -9.831776278726592 -0.22338363071733863 54.66588033214146 3.0990518000614897
