Car 0 1 0 368.1651485171712 424.24405020364617 401.584224720784 453.673561292611 1.5411400581933 1.6093539231132 4.018914956959 -14.195499739388563 -0.5966427464751114 64.30639565883834 1.4573053831644036
Cyclist 0 0 0 787.3989860896955 427.86419638961 817.9130534299794 462.3537941048676 1.4930892470928 0.56933030011995 1.7490561810717 7.927378928820962 -0.04225218698764299 50.584985365945194 -0.8504809243120466
Pedestrian 0 1 0 188.16096137370005 426.3511956326712 203.97775332775095 460.6920946200597 1.6411764705882 0.56930675170348 0.55914560916844 -21.05869540880011 -0.07895951643987872 53.26466260251706 3.0605060492572895
Car 0 1 0 487.1454444965069 426.6579026131736 514.5377622896334 455.2840065700335 1.4995148821083 1.5220836327961 4.1365561929874 -7.521761023273508 -0.5134356326873037 65.13060480295414 1.5038210154915035
Car 0 0 0 422.3139014064238 424.2053502270463 454.22784175457633 453.1108017078979 1.5178045646331 1.536788599107 4.2588223655948 -11.179299339598245 -0.6385456024965163 64.95124818679918 1.5038210154915035
Car 0 0 0 26.525421422213757 426.4310020021667 179.34747551379826 481.307237663083 1.6301945901337 1.7230292636431 4.5742697687259 -17.4207821828639 0.5090300838462967 36.36138808679676 -0.36855658103209654
Cyclist 0 0 0 1097.6976222670953 427.8142341057379 1149.0177251717096 484.8154446839867 1.9118746118293 0.63766527946498 2.0262823400793 17.575842599493484 0.719856079317505 38.95846668788464 -1.7125845371088466
Pedestrian 0 0 0 176.78002841063534 426.86029004964416 193.3559118039445 461.720830723034 1.6411764705882 0.56849947858901 0.57749048171101 -21.277366819519102 -0.028927799605486873 52.45591294064919 3.0605060492572895
Pedestrian 0 1 0 194.77702444209632 425.9272659810685 213.09463986743637 459.932278518634 1.6411764705882 0.61712306510531 0.68185338785307 -20.92200332956049 -0.11922105327369711 53.920141466758054 3.0605060492572895
Cyclist 0 1 0 106.4157862806843 420.3829677592461 161.93261153479614 456.28082853116655 1.5203215292783 1.1099049757978 2.5187047594831 -22.325898207975673 -0.3231912877913514 49.30512048218973 1.7551089519323897
Pedestrian 0 0 0 606.8632980081436 424.34830656842735 619.9278722715023 455.2643444904578 1.560914316882 0.55415011413927 0.60643266134314 -0.8112118366600821 -0.36696506755066655 57.08562666390524 -0.0810866043324967
Pedestrian 0 1 0 146.10614726744342 421.32511883564734 163.28484632727492 455.3158543048558 1.6411764705882 0.62674029723885 0.59087663382354 -23.311992479564903 -0.34363077452700075 53.69083051086355 3.0605060492572895
Pedestrian 0 2 0 372.6965520973912 424.22091950575935 388.1623526559853 458.4832231029864 1.6582230762739 0.58854263862581 0.64012982351699 -12.24353379128008 -0.1917617018980486 54.429882429946964 3.0990518000614897
