Car 0 1 0 368.5678651745184 424.1369455883964 401.8312595241133 453.4370619433504 1.5411400581933 1.6093539231132 4.018914956959 -14.234626219876867 -0.6119860058898341 64.56722904753971 1.4573053831644036
Cyclist 0 0 0 822.5312033407307 424.2975069779549 835.2998108402921 454.9825977787353 1.4193767555465 0.56933030011995 1.8080374158797 9.724429234852758 -0.3964746130874869 53.91871693129199 -1.3364071681785565
Pedestrian 0 1 0 164.14085832861076 424.8777194433536 181.57907018892547 459.6543735471543 1.6411764705882 0.62295270924171 0.59808666790904 -21.935894152386762 -0.12936038401238537 52.59486673880964 3.0605060492572895
Car 0 1 0 487.1454444965069 426.6579026131736 514.5377622896334 455.2840065700335 1.4995148821083 1.5220836327961 4.1365561929874 -7.521761023273508 -0.5134356326873037 65.13060480295414 1.5038210154915035
Car 0 0 0 422.4281304839553 424.1739903095137 454.2986990755926 453.04253770005687 1.5178045646331 1.536788599107 4.2588223655948 -11.187083777617397 -0.6430319325478545 65.02707283815461 1.5038210154915035
Pedestrian 0 1 0 3.42598153431004 443.0475375776135 91.13290947391204 621.5317146499413 1.6357413548729 0.64633839388432 0.49645531306948 -5.489375988108272 1.4692388542642607 10.45515908649453 -0.07322456839409663
Pedestrian 0 0 0 -25.273751462219707 445.7677883706322 57.68753747969674 622.4807947627603 1.4634727963107 0.52620830153288 0.41120300559108 -5.2026799310996825 1.3362720315465157 9.397049457467837 -0.07377926437779658
Car 0 0 0 205.99267453849572 428.359898431328 351.03507839901766 481.3619399601375 1.662432631327 1.7230292636431 4.7109542356939 -12.44374705575923 0.5352753825713898 39.2056474534516 -0.49135186109049656
Cyclist 0 0 0 1006.2698546576406 428.6203529379071 1046.7790289115003 475.10518432251047 1.7904239853924 0.63766527946498 1.8854071338806 16.161580462876575 0.45525716468504496 44.75595628708254 -1.7613640724875166
Cyclist 0 1 0 105.58390180121114 420.5754700053932 155.64926272194418 456.28424842086014 1.5203215292783 1.1099049757978 2.1574480764391 -22.41840812928597 -0.31219041761354327 49.13269482962082 1.7174585314791901
Pedestrian 0 0 0 630.0816405637653 421.1334919431312 642.8570118410629 454.1140447462029 1.6639999028863 0.61862173700453 0.54877297292827 0.3740799444262799 -0.42746955607296333 57.03243372054901 -0.12791842027599665
Pedestrian 0 1 0 179.20953896065026 426.08644699608186 197.73096352167664 460.088167367638 1.6411764705882 0.61712306510531 0.68185338785307 -21.686285941729505 -0.11131597233975041 53.88067072134743 3.0605060492572895
Pedestrian 0 2 0 358.10947586103634 424.30452185398894 373.7209788701416 458.49563521789713 1.6582230762739 0.58854263862581 0.64012982351699 -12.985806399187071 -0.1912663857711214 54.51142720253418 3.0990518000614897
