Car 0 1 0 370.1974325932607 424.05386021839 403.27324898827953 453.267434424904 1.5411400581933 1.6093539231132 4.018914956959 -14.183432410317018 -0.622981005340635 64.74455581237181 1.4573053831644036
Car 0 0 0 422.45294241137685 425.5367383500986 454.3205991792109 454.4950840854231 1.5178045646331 1.536788599107 4.2588223655948 -11.186485674634538 -0.5605242022754489 65.03201598321078 1.5038210154915035
Pedestrian 0 2 0 548.8617807690591 443.5671749309642 623.3723389442239 599.490891723539 1.6432211773108 0.50337323079454 0.70957998216613 -0.40121758104244354 1.4541174320290884 12.238288236228263 -0.22563425600709652
Pedestrian 0 2 0 554.4815978237898 442.1670917562134 679.1670135818458 610.8403463813726 1.6571042436574 0.50641548069607 1.1854135795269 -0.05068014959401512 1.4693701546359754 11.621616578731942 -0.33679552720509665
Pedestrian 0 0 0 577.2416051304726 446.77715275943456 694.7719901995923 623.5067435550349 1.6500738576336 0.42801456292111 1.0671111198988 0.14317917636986383 1.516545933710457 10.906815589315933 -0.2085278013724965
Car 0 0 0 625.374881308761 426.34574537942353 665.2798064101346 456.9495236348058 1.5501129096833 1.6333562661492 4.3636019047331 0.9439738524242092 -0.41246502259302464 63.030262343966605 -1.3760916686199165
Pedestrian 0 0 0 -19.61560494823209 443.4665907385377 72.14323632937487 638.0726029248656 1.6622926420356 0.49160674013944 0.6146064430206 -5.299522651467797 1.5113854089391778 9.744218241637459 -0.33847222269239663
Car 0 0 0 486.3135389898539 427.1221411890001 513.7467525829043 454.8493785821012 1.4452840350895 1.5220836327961 4.191283620333 -7.573219949339097 -0.5397731123449274 65.16142120047485 1.5038210154915035
Cyclist 0 0 0 807.2222695826118 424.3232755789005 825.1012006013584 450.99421053784766 1.5742180690709 0.75329804383552 1.9144368043567 11.548566834555036 -0.7384070123096128 68.64153439216281 -1.5556125384278154
Pedestrian 0 0 0 748.7641273276199 423.2793605386673 762.3129371862506 458.7354717857225 1.7956549399618 0.60789048805176 0.68806703521885 6.491149176151347 -0.18967477095965912 57.02893246891099 0.14830140077680332
Cyclist 0 1 0 105.30393635098676 420.7021878069804 135.67539463542488 456.5696753533169 1.5203215292783 1.1099049757978 2.1574480764391 -22.87240896152066 -0.3061663421745944 49.087077554548465 1.2239391955289034
Pedestrian 0 2 0 287.38201930912766 424.8934076896471 303.67454699217666 454.33860886350055 1.4302948157496 0.58854263862581 0.64012982351699 -16.52602029340536 -0.39576783748621375 54.541834224638464 3.0990518000614897
