Car 0 1 0 369.376599009676 424.2304998631944 402.7165444929237 453.65576707182805 1.5411400581933 1.6093539231132 4.018914956959 -14.128918820297436 -0.5977199651840996 64.31631980481241 1.4573053831644036
Car 0 0 0 647.8664361559504 426.16131301342585 677.2250388714128 451.34626170133447 1.4931624130452 1.6701677978746 4.1107209389287 2.1528288463397627 -0.8179668213948837 73.43862054142893 -1.5718492802420039
Cyclist 0 0 0 735.2874450650652 425.86368870716944 769.6336044402185 467.5014559236161 1.6297617790859 0.56933030011995 1.7082212802957 5.090804753597655 0.16580112883553377 45.61289854429914 -0.8548282198411365
Pedestrian 0 1 0 215.33719732709272 425.9737901922136 230.7619959638651 460.189982292336 1.6411764705882 0.56930675170348 0.55914560916844 -19.816366235871694 -0.10405231204092943 53.533177029160534 3.0605060492572895
Pedestrian 0 0 0 205.3364423893226 426.3805363605701 221.4428899902354 461.0021785369543 1.6411764705882 0.56849947858901 0.57749048171101 -20.054825143185067 -0.06401231554159527 52.89359656659219 3.0605060492572895
Car 0 1 0 487.1454444965069 426.6579026131736 514.5377622896334 455.2840065700335 1.4995148821083 1.5220836327961 4.1365561929874 -7.521761023273508 -0.5134356326873037 65.13060480295414 1.5038210154915035
Car 0 0 0 422.3139014064238 424.2053502270463 454.22784175457633 453.1108017078979 1.5178045646331 1.536788599107 4.2588223655948 -11.179299339598245 -0.6385456024965163 64.95124818679918 1.5038210154915035
Pedestrian 0 1 0 219.85349751561608 425.60235563708727 236.58799880303096 459.4882920364656 1.6411764705882 0.61712306510531 0.62300508836281 -19.785402962921705 -0.1413553325101252 54.15206716476658 3.0605060492572895
Cyclist 0 1 0 106.31176764534985 419.5879239464117 162.14351567778624 457.3772275068971 1.627297708771 1.1585305119309 2.5187047594831 -22.613512569003873 -0.2775778024469773 49.94593950605233 1.7551089519323897
Pedestrian 0 0 0 568.9975213554717 424.54759405748246 581.7553058551156 455.3736555989455 1.560914316882 0.55415011413927 0.60643266134314 -2.772822141169345 -0.36179296375774567 57.23664529761568 -0.0810866043324967
Pedestrian 0 1 0 175.42157479306258 421.0477763897353 192.22792766274853 455.0850710976644 1.6411764705882 0.62674029723885 0.59087663382354 -21.848751291843502 -0.35496962351156724 53.703043871820505 3.0605060492572895
Pedestrian 0 2 0 398.5327899865703 423.9914857575408 413.6882815894154 458.2673653513221 1.6582230762739 0.58854263862581 0.64012982351699 -10.97353927136906 -0.20268705399431447 54.45857629967524 3.0990518000614897
