Car 0 1 0 368.5678651745184 424.1369455883964 401.8312595241133 453.4370619433504 1.5411400581933 1.6093539231132 4.018914956959 -14.234626219876867 -0.6119860058898341 64.56722904753971 1.4573053831644036
Cyclist 0 0 0 845.0260603403947 427.36652652791616 858.9734958373948 457.3777893611359 1.5720621795034 0.73898077118312 1.8080374158797 12.242876829610728 -0.3124740416653064 60.89131579811626 -1.3364071681785565
Pedestrian 0 1 0 131.82592070762 423.5504701253801 152.48713961077044 457.916321977294 1.6411764705882 0.71083646994198 0.77548228402383 -23.79300290341642 -0.22033022932505447 53.35393417953352 2.95152124473419
Car 0 0 0 422.4281304839553 424.1739903095137 454.2986990755926 453.04253770005687 1.5178045646331 1.536788599107 4.2588223655948 -11.187083777617397 -0.6430319325478545 65.02707283815461 1.5038210154915035
Pedestrian 0 2 0 233.72557462623024 444.716376448068 327.2786887569408 606.628594714238 1.5727292024111 0.66940057299399 0.86661725858867 -3.51547050632483 1.4148266256293545 11.3818350423447 -0.2747622031144965
Pedestrian 0 2 0 237.4639594674828 444.281397778321 330.4660450510653 619.9267249805457 1.6379440582125 0.60404608815871 0.81955292218097 -3.31072911067116 1.481728440817619 10.863544926287608 -0.25726023102899664
Pedestrian 0 0 0 242.86021527558503 442.7686653953586 347.49087431399875 628.3036964488143 1.6664659620372 0.54530166983284 0.79629715956618 -3.0229256525013675 1.5003940164652199 10.306053499998475 -0.016995007574096554
Car 0 0 0 469.47733261837686 426.8575126514612 574.3130928682727 471.5136320688385 1.662432631327 1.9453016874675 4.4420155982644 -4.4818323227139025 0.2386484028062033 47.13996137295268 -0.8994009076924167
Cyclist 0 0 0 895.6715399927697 427.531343205787 925.7470402848244 464.4330943344698 1.7305548685674 0.7204028465009 2.1891808729257 13.985770078010846 0.04307215720448748 54.97611477981786 -1.6516592561759587
Pedestrian 0 0 0 682.421314948829 423.6214892064585 696.8991976032704 459.1560074072041 1.7956549399618 0.61862173700453 0.6183841090799 3.109805687473419 -0.17177257032788673 57.1392516676079 -0.12791842027599665
Cyclist 0 1 0 105.30393635098676 420.7021878069804 135.67539463542488 456.5696753533169 1.5203215292783 1.1099049757978 2.1574480764391 -22.87240896152066 -0.3061663421745944 49.087077554548465 1.2239391955289034
Pedestrian 0 2 0 328.7723792203701 424.5333117585 344.7069606754377 458.65448858288914 1.6582230762739 0.58854263862581 0.64012982351699 -14.456445294932516 -0.18330757478286597 54.55652604511548 3.0990518000614897
Pedestrian 0 1 0 145.49713987469585 422.98999469294233 162.06562262580837 456.60641620495153 1.6411764705882 0.71083646994198 0.60874543546808 -23.69731913140899 -0.2877511504085824 54.467700825351905 2.95152124473419
Car 0 1 0 487.1454444965069 426.6579026131736 514.5377622896334 455.2840065700335 1.4995148821083 1.5220836327961 4.1365561929874 -7.521761023273508 -0.5134356326873037 65.13060480295414 1.5038210154915035
