Car 0 1 0 369.376599009676 424.2304998631944 402.7165444929237 453.65576707182805 1.5411400581933 1.6093539231132 4.018914956959 -14.128918820297436 -0.5977199651840996 64.31631980481241 1.4573053831644036
Car 0 0 0 648.8507802942829 426.34811698388 678.9602698609758 453.3160640049401 1.4931624130452 1.7967784697925 4.1107209389287 2.1304209023371734 -0.6523814375160949 68.6741371373024 -1.5048660226284785
Cyclist 0 0 0 695.9724710654195 427.8316922898784 733.2367664945984 471.9621663422372 1.6297617790859 0.56933030011995 1.7082212802957 3.351942687211746 0.32433060852401663 43.17722868741662 -0.8548282198411365
Pedestrian 0 1 0 229.58663959384967 425.83565013426346 244.8414362334151 460.0632235915343 1.6411764705882 0.56930675170348 0.55914560916844 -19.117887251488636 -0.11043200328554645 53.555149014712356 3.0605060492572895
Pedestrian 0 0 0 217.98091529820192 426.2326949245232 233.9197849184303 460.8318584229317 1.6411764705882 0.56849947858901 0.57749048171101 -19.460587224289043 -0.07244861196908293 52.962605500801615 3.0605060492572895
Car 0 1 0 487.1454444965069 426.6579026131736 514.5377622896334 455.2840065700335 1.4995148821083 1.5220836327961 4.1365561929874 -7.521761023273508 -0.5134356326873037 65.13060480295414 1.5038210154915035
Car 0 0 0 422.3139014064238 424.2053502270463 454.22784175457633 453.1108017078979 1.5178045646331 1.536788599107 4.2588223655948 -11.179299339598245 -0.6385456024965163 64.95124818679918 1.5038210154915035
Pedestrian 0 1 0 232.902493571408 425.50097887108393 249.4878654116013 459.4297047131532 1.6411764705882 0.61712306510531 0.62300508836281 -19.120202845112694 -0.14430950941714168 54.12088942517446 3.0605060492572895
Pedestrian 0 0 0 549.8798872415841 424.755497993269 562.52655079769 455.64779398770105 1.560914316882 0.55415011413927 0.60643266134314 -3.7527684031375466 -0.34674797746678604 57.10409465441764 -0.0810866043324967
Cyclist 1 2 0 1489.230203494199 436.8588762214706 1602.9081660160855 507.0110404965844 1.4399998942057 0.63766527946498 1.7422708456066 20.463911357707733 0.9041404464249692 24.34890007678077 -1.8027430823748865
Cyclist 0 1 0 111.87967150110852 421.0279593624646 163.69936352797845 458.5068716037032 1.627297708771 1.1585305119309 2.2260324960485 -22.5214594609791 -0.21933000268586217 50.10091011794874 1.7551089519323897
Pedestrian 0 1 0 188.1393377252032 421.0064538350513 204.8467731218804 455.1916603274198 1.6411764705882 0.62674029723885 0.59087663382354 -21.13498868498911 -0.3485744015423776 53.509936453085636 3.0605060492572895
Pedestrian 0 2 0 411.958813207938 423.8665694046327 425.93808104886295 458.1154960440218 1.6582230762739 0.58854263862581 0.59058020144238 -10.346173983819279 -0.2101396360236529 54.507060829170015 3.0990518000614897
