Car 0 1 0 369.376599009676 424.2304998631944 402.7165444929237 453.65576707182805 1.5411400581933 1.6093539231132 4.018914956959 -14.128918820297436 -0.5977199651840996 64.31631980481241 1.4573053831644036
Car 0 0 0 618.7221352169732 425.906514462464 673.1641390175566 461.70787963517705 1.6590417682556 1.8127608662467 4.7006566407001 0.9270146314347228 -0.1645113352008131 58.06205156634843 -1.2929148902973364
Cyclist 0 0 0 574.9231233596903 430.00668974823 620.8781678140951 476.72811196067767 1.4910288040503 0.56933030011995 1.7378688991045 -1.0156331826922333 0.433088554983014 37.65488233719973 -0.8770797866243666
Pedestrian 0 1 0 219.4766582814255 424.5161362056178 235.7944772691693 458.78952225472864 1.6411764705882 0.62674029723885 0.59087663382354 -19.58373315678801 -0.17394884317992929 53.523644634978965 3.0605060492572895
Pedestrian 0 1 0 264.6509428553068 425.3620759147814 279.4118148010823 459.4386616511734 1.6411764705882 0.56930675170348 0.55914560916844 -17.493944790320846 -0.1419030873105754 53.88395163316441 3.0605060492572895
Pedestrian 0 0 0 250.9512035300417 425.80386905953605 267.88060791363057 460.3875949515035 1.6411764705882 0.62539040825744 0.63436631652993 -17.88345807790079 -0.09656592487054247 53.17434435344202 3.0605060492572895
Car 0 1 0 419.4630557905044 424.487834088088 451.6126359482346 453.34375507318 1.5085901903556 1.5344931835592 4.2459127997797 -11.300095352032079 -0.6231889293343473 64.72208518985515 1.5038210154915035
Pedestrian 0 1 0 268.0207579011592 425.0610638068693 284.0114774460802 458.80512230727294 1.6411764705882 0.5484667157 0.63281313827785 -17.468643518490225 -0.17429211633187344 54.42150585626444 3.0605060492572895
Pedestrian 0 0 0 505.49304565001023 425.2645375172732 517.0939512395111 454.2474516866264 1.4646315721174 0.55415011413927 0.57142075415603 -6.0680152546986 -0.4178290439367132 57.1070227549761 -0.0810866043324967
Cyclist 0 1 0 130.43627725130216 420.0874379251317 190.30322751402247 461.9908262176214 1.8736381970431 1.3138204531365 2.5454941901296 -22.181987262780527 -0.07692557237498068 51.80214562040998 1.879851468138689
Car 0 1 0 487.1454444965069 426.6579026131736 514.5377622896334 455.2840065700335 1.4995148821083 1.5220836327961 4.1365561929874 -7.521761023273508 -0.5134356326873037 65.13060480295414 1.5038210154915035
Pedestrian 0 2 0 438.208721759041 423.5482909115751 451.8205974809963 457.68778776334767 1.6582230762739 0.58854263862581 0.59058020144238 -9.090793655893725 -0.23218589848172194 54.72314552411096 3.0990518000614897
