Car 0 1 0 368.5678651745184 424.1369455883964 401.8312595241133 453.4370619433504 1.5411400581933 1.6093539231132 4.018914956959 -14.234626219876867 -0.6119860058898341 64.56722904753971 1.4573053831644036
Cyclist 0 0 0 845.2911387888372 422.767602240655 858.8865523409795 451.9048690272895 1.5720621795034 0.73898077118312 1.8080374158797 12.553534402580407 -0.6229205274398186 62.42184879738575 -1.3364071681785565
Pedestrian 0 1 0 121.68566196760928 423.6269619536854 143.53319234498372 458.1041781037691 1.6411764705882 0.82853306892251 0.79876101620964 -24.25177963973605 -0.21434067732971035 53.309471013632816 2.95152124473419
Car 0 0 0 422.4281304839553 424.1739903095137 454.2986990755926 453.04253770005687 1.5178045646331 1.536788599107 4.2588223655948 -11.187083777617397 -0.6430319325478545 65.02707283815461 1.5038210154915035
Pedestrian 0 2 0 311.3439624707632 441.86575093119575 371.8858404976396 616.5676622135928 1.6835907584113 0.63252849613346 0.53576523861817 -2.833909369338874 1.4951221386238651 11.181898613003435 -0.25726023102899664
Pedestrian 0 0 0 279.84011631768107 442.3046610221424 387.5398966064181 626.7778791773059 1.6547212243965 0.54530166983284 0.85926626751617 -2.665209813281391 1.4846749430671524 10.334722894128724 -0.04726663664639652
Car 0 0 0 506.3722653090316 426.946056294093 597.9223627921621 468.0601284442512 1.6011782989334 2.0499318400025 4.0969109435271 -3.335851534564023 0.11663531222527129 49.03786108672292 -0.9997912950345667
Cyclist 0 0 0 875.2255228844876 426.3607601736453 903.3639629055068 461.7726633668889 1.7305548685674 0.7204028465009 2.1891808729257 13.434860377873086 -0.08695910565096793 57.21316606584813 -1.6516592561759587
Pedestrian 0 0 0 694.2088689249558 423.4932796859703 708.7415107985913 458.9604188398706 1.7956549399618 0.61862173700453 0.6183841090799 3.723944401184542 -0.1822517771003469 57.23985484346094 -0.12791842027599665
Car 0 1 0 487.1454444965069 426.6579026131736 514.5377622896334 455.2840065700335 1.4995148821083 1.5220836327961 4.1365561929874 -7.521761023273508 -0.5134356326873037 65.13060480295414 1.5038210154915035
Cyclist 0 1 0 105.30393635098676 420.7021878069804 135.67539463542488 456.5696753533169 1.5203215292783 1.1099049757978 2.1574480764391 -22.87240896152066 -0.3061663421745944 49.087077554548465 1.2239391955289034
Pedestrian 0 2 0 322.2894402211169 424.5542116968002 338.2764563538694 458.6198361314797 1.6582230762739 0.58854263862581 0.64012982351699 -14.800049097374025 -0.18517032370852013 54.62919257488478 3.0990518000614897
Pedestrian 0 1 0 139.2781092115046 423.0554732157182 155.94605302057448 456.67306449047226 1.6411764705882 0.71083646994198 0.60874543546808 -24.004633408073214 -0.2843292596670766 54.44776889185 2.95152124473419
Pedestrian 0 2 0 296.73866123114834 444.0150011859892 377.71139034901785 611.9096395228278 1.6962643809102 0.66940057299399 0.77899310958983 -3.0198894754643395 1.5231020103227413 11.775463054181643 -0.20411945729739656
