Car 0 1 0 368.5678651745184 424.1369455883964 401.8312595241133 453.4370619433504 1.5411400581933 1.6093539231132 4.018914956959 -14.234626219876867 -0.6119860058898341 64.56722904753971 1.4573053831644036
Cyclist 0 0 0 844.987835348967 427.5325416844006 858.9945850463033 454.8726212583164 1.4193767555465 0.73898077118312 1.8080374158797 12.179755458128811 -0.44606517783909816 60.57560782886034 -1.3364071681785565
Pedestrian 0 1 0 137.32917214007614 423.5244759815025 154.35566270990768 457.8143515239623 1.6411764705882 0.71083646994198 0.60874543546808 -23.625701471119285 -0.2238310887271891 53.39212525978994 2.95152124473419
Car 0 0 0 422.4281304839553 424.1739903095137 454.2986990755926 453.04253770005687 1.5178045646331 1.536788599107 4.2588223655948 -11.187083777617397 -0.6430319325478545 65.02707283815461 1.5038210154915035
Pedestrian 0 0 0 198.1517312002531 443.823890850514 305.03942638051177 628.3822257784342 1.6371146356847 0.52573411893116 0.78651338411533 -3.3836643383238427 1.4830282786771323 10.148755013341912 -0.016995007574096554
Car 0 0 0 441.3454404812812 427.8412287311008 552.3723662335073 473.8421475423656 1.662432631327 1.9453016874675 4.4420155982644 -5.39740815862539 0.32112985684374956 45.87401860146931 -0.8510644847303765
Cyclist 0 0 0 905.1976623780744 428.2961294099314 936.4040268884366 466.15391572111474 1.7305548685674 0.7204028465009 2.1891808729257 14.141756290561158 0.1219930052526686 53.63994802252299 -1.6516592561759587
Pedestrian 0 0 0 678.650968566753 423.5976939284182 693.0778158742663 459.0708717231698 1.7956549399618 0.61862173700453 0.6183841090799 2.9194818003010057 -0.17632984969676024 57.23834718009435 -0.12791842027599665
Cyclist 0 1 0 105.30393635098676 420.7021878069804 135.67539463542488 456.5696753533169 1.5203215292783 1.1099049757978 2.1574480764391 -22.87240896152066 -0.3061663421745944 49.087077554548465 1.2239391955289034
Pedestrian 0 2 0 332.41622026623025 424.49535835590433 348.3052940996128 458.6131374056801 1.6582230762739 0.58854263862581 0.64012982351699 -14.278609465369879 -0.1854201177204825 54.57026969127301 3.0990518000614897
Pedestrian 0 1 0 151.7956452165663 422.9043332784137 168.24973536028887 456.4905922046622 1.6411764705882 0.71083646994198 0.60874543546808 -23.406369498977952 -0.2938394052564897 54.534117954065024 2.95152124473419
Pedestrian 0 1 0 202.82687583047965 439.9937550619601 301.8330306303695 606.4812193086683 1.6021621314073 0.76703674175505 0.89081530221207 -3.764683228583131 1.3970664869182992 11.297149715369022 -0.23913903455609664
Pedestrian 0 2 0 193.2746476501769 444.7690568813259 305.9860772644514 620.5687210326805 1.6175118400621 0.60404608815871 0.98487976507391 -3.6052696327160114 1.469559724428631 10.750110389919335 -0.2586315401408965
Car 0 1 0 487.1454444965069 426.6579026131736 514.5377622896334 455.2840065700335 1.4995148821083 1.5220836327961 4.1365561929874 -7.521761023273508 -0.5134356326873037 65.13060480295414 1.5038210154915035
