Car 0 1 0 368.1651485171712 424.24405020364617 401.584224720784 453.673561292611 1.5411400581933 1.6093539231132 4.018914956959 -14.195499739388563 -0.5966427464751114 64.30639565883834 1.4573053831644036
Cyclist 0 0 0 816.431886760876 428.56861860811154 831.7445594412404 461.22565561491 1.4930892470928 0.56933030011995 1.7490561810717 9.398147196523395 -0.09633606416882601 53.39867606111417 -1.2724847487413564
Pedestrian 0 1 0 159.97925646740373 426.9927664356121 177.60415961767086 461.8215963404268 1.6411764705882 0.56930675170348 0.6179939086587 -22.085545495046702 -0.024132088229788698 52.47376576150615 3.0605060492572895
Car 0 1 0 487.1454444965069 426.6579026131736 514.5377622896334 455.2840065700335 1.4995148821083 1.5220836327961 4.1365561929874 -7.521761023273508 -0.5134356326873037 65.13060480295414 1.5038210154915035
Car 0 0 0 422.3139014064238 424.2053502270463 454.22784175457633 453.1108017078979 1.5178045646331 1.536788599107 4.2588223655948 -11.179299339598245 -0.6385456024965163 64.95124818679918 1.5038210154915035
Pedestrian 0 1 0 7.719734178761087 445.7446233107749 69.47528752510243 614.071530181513 1.5999170083606 0.56574152610018 0.39691505388263 -5.773298835287702 1.4530854734441088 10.807320394128542 -0.2787461906794966
Pedestrian 0 1 0 -14.874839302060195 444.1293317363029 71.82127941363808 620.2440094636019 1.6020092429717 0.54029682721929 0.49427624765578 -5.584597725879432 1.446261041737205 10.286152802610228 -0.0329231152460967
Car 0 0 0 181.18503681998143 426.4032309915185 331.8543159378171 479.04755172386166 1.6301945901337 1.8260014748937 4.8203018092682 -13.10758443586584 0.44440280931864906 38.81227669483564 -0.5046523258479967
Cyclist 0 0 0 1015.5436959361322 433.5666048892513 1057.2424416087158 478.7145654576465 1.6947843249263 0.63766527946498 2.0262823400793 16.32183983053997 0.5840819797586504 44.08627400748181 -1.7125845371088466
Pedestrian 0 0 0 629.7392819270609 421.0878187962908 642.4878571501783 454.005266002679 1.6639999028863 0.61862173700453 0.54877297292827 0.35632091375819896 -0.43379639911146106 57.14018584987356 -0.12791842027599665
Pedestrian 0 1 0 179.20953896065026 426.08644699608186 197.73096352167664 460.088167367638 1.6411764705882 0.61712306510531 0.68185338785307 -21.686285941729505 -0.11131597233975041 53.88067072134743 3.0605060492572895
Cyclist 0 1 0 105.58390180121114 420.5754700053932 155.64926272194418 456.28424842086014 1.5203215292783 1.1099049757978 2.1574480764391 -22.41840812928597 -0.31219041761354327 49.13269482962082 1.7174585314791901
Pedestrian 0 2 0 363.59621266911694 424.2481102374839 379.1384760209777 458.4334465724213 1.6582230762739 0.58854263862581 0.64012982351699 -12.718651253818859 -0.19443996849069792 54.53207369315487 3.0990518000614897
