Cyclist 0 0 0 830.6564509145528 428.2652178292154 844.5901803540589 457.5968235911504 1.4193767555465 0.67112058275785 1.8080374158797 10.648705667259575 -0.2826683217401223 56.58809466121555 -1.3364071681785565
Pedestrian 0 1 0 149.6470891292695 425.01654917452686 172.8833969407621 459.934638969605 1.6411764705882 0.62295270924171 0.86290401561524 -22.44796991282425 -0.11736117679808955 52.45654349804383 3.0605060492572895
Car 0 1 0 487.1454444965069 426.6579026131736 514.5377622896334 455.2840065700335 1.4995148821083 1.5220836327961 4.1365561929874 -7.521761023273508 -0.5134356326873037 65.13060480295414 1.5038210154915035
Car 0 0 0 422.4281304839553 424.1739903095137 454.2986990755926 453.04253770005687 1.5178045646331 1.536788599107 4.2588223655948 -11.187083777617397 -0.6430319325478545 65.02707283815461 1.5038210154915035
Pedestrian 0 1 0 119.28095088350358 438.55947733057417 203.9985482025588 611.6930882870781 1.6938975805546 0.5276027972144 0.62492074247808 -4.64723310825687 1.4687403506749428 11.108871368866588 -0.06666982164199653
Pedestrian 0 1 0 104.40406232323356 443.1817848310671 182.217639051316 625.3840083632356 1.659885578784 0.48009390060158 0.50875818583628 -4.488456425890027 1.4942144960085073 10.320907110970913 -0.07322456839409663
Pedestrian 0 0 0 75.6059682991214 443.7106790503068 184.68412058700056 629.6604060063263 1.5735681927028 0.56440698476509 0.66675961958182 -4.302298839419111 1.4256404733874963 9.64527615562416 0.04448574262280336
Car 0 0 0 325.04749726270893 427.3079830427663 459.336285851444 477.41998233364905 1.662432631327 1.7951098115185 4.7109542356939 -8.929511218563706 0.4174033775392346 42.00360718982262 -0.6674720996712566
Cyclist 0 0 0 956.8975305354102 427.3579997989903 991.7276889312044 468.5853875691601 1.7221083216554 0.63766527946498 2.1891808729257 15.309296553903128 0.2106522046351229 48.941858807276134 -1.6565544981368916
Car 0 1 0 368.5678651745184 424.1369455883964 401.8312595241133 453.4370619433504 1.5411400581933 1.6093539231132 4.018914956959 -14.234626219876867 -0.6119860058898341 64.56722904753971 1.4573053831644036
Pedestrian 0 0 0 652.6313682820406 423.8259853349749 666.9030349260152 459.3705243672479 1.7956549399618 0.61862173700453 0.6183841090799 1.5725949537795936 -0.16030571955650363 57.133851839836474 -0.12791842027599665
Cyclist 0 1 0 105.58390180121114 420.5754700053932 155.64926272194418 456.28424842086014 1.5203215292783 1.1099049757978 2.1574480764391 -22.41840812928597 -0.31219041761354327 49.13269482962082 1.7174585314791901
Pedestrian 0 1 0 166.36925379922388 426.2419785375114 189.32719358916185 460.4576349834721 1.6411764705882 0.68090812428387 0.86853525940382 -22.137477780032846 -0.09589926202193907 53.67793811128288 3.0605060492572895
Pedestrian 0 2 0 348.1654424724265 424.40711653790135 363.9021737098182 458.6083916273767 1.6582230762739 0.58854263862581 0.64012982351699 -13.469915046425502 -0.18551557443956737 54.47401394354186 3.0990518000614897
