Car 0 1 0 369.376599009676 424.2304998631944 402.7165444929237 453.65576707182805 1.5411400581933 1.6093539231132 4.018914956959 -14.128918820297436 -0.5977199651840996 64.31631980481241 1.4573053831644036
Car 0 0 0 637.9144772635594 428.3967436013003 673.9419067475691 456.9543717796939 1.3892493398767 1.4321370772232 4.1107209389287 1.4936347651081259 -0.39570416372918576 60.989757888056126 -1.3790914200400366
Cyclist 0 0 0 617.215333940452 430.1818981459699 662.970263678997 477.13362422004894 1.5685094279219 0.56933030011995 1.8521138674858 0.42885335139820385 0.46711216253872234 39.42350132136043 -0.8428290678262266
Pedestrian 0 1 0 251.09754353867143 425.58446812864025 266.0712750119408 459.77159435994326 1.6411764705882 0.56930675170348 0.55914560916844 -18.09527458420849 -0.12509260456905844 53.6761212823223 3.0605060492572895
Pedestrian 0 0 0 243.02620364582936 425.94061600728384 258.6344158781366 460.4943430674877 1.6411764705882 0.56849947858901 0.57749048171101 -18.28185307472745 -0.08919435500884489 53.09949138922662 3.0605060492572895
Cyclist 0 1 0 123.51490441415604 420.5223598678964 172.24050016813908 462.7733788766847 1.8736381970431 1.3138204531365 2.2260324960485 -22.46465453541857 -0.03037321327165081 51.05932711917186 1.5955042863463902
Car 0 1 0 487.1454444965069 426.6579026131736 514.5377622896334 455.2840065700335 1.4995148821083 1.5220836327961 4.1365561929874 -7.521761023273508 -0.5134356326873037 65.13060480295414 1.5038210154915035
Pedestrian 0 1 0 255.53716329832685 425.2013046036001 271.9867397261203 459.0452470467239 1.6411764705882 0.61712306510531 0.63281313827785 -18.05244438390928 -0.16398955006926838 54.32018027171414 3.0605060492572895
Pedestrian 1 1 0 -762.233188138489 456.2837430790847 -617.0278229885104 670.2776584655784 1.7117647058824 0.48832965185103 0.41106641231366 -11.085683650250923 1.6806884896177385 9.716028104808458 -0.5533338848763967
Pedestrian 1 2 0 -886.4562148324541 453.5176444778749 -664.3739022890517 693.2894034806782 1.7621107266436 0.58322204215339 0.41106641231366 -10.917372432125337 1.7117831265611707 9.176652569630528 -0.055268474365496534
Pedestrian 0 1 0 210.0377784287682 424.6256445791849 226.48946641684097 458.91584419665344 1.6411764705882 0.62674029723885 0.59087663382354 -20.031846965711754 -0.16758269293337866 53.47160537161023 3.0605060492572895
Pedestrian 0 0 0 519.1030098012335 426.80280872184846 531.4756074242401 455.7717294330717 1.4646315721174 0.55415011413927 0.60643266134314 -5.3545002130797625 -0.34058581556039486 57.19504389653642 -0.0810866043324967
Car 0 1 0 419.4630557905044 424.487834088088 451.6126359482346 453.34375507318 1.5085901903556 1.5344931835592 4.2459127997797 -11.300095352032079 -0.6231889293343473 64.72208518985515 1.5038210154915035
Pedestrian 0 2 0 428.4762545841809 423.64482166048464 442.2135692360747 457.7976373065924 1.6582230762739 0.58854263862581 0.59058020144238 -9.565022534506804 -0.2265524471125781 54.68649580125152 3.0990518000614897
