Car 0 1 0 370.1974325932607 424.05386021839 403.27324898827953 453.267434424904 1.5411400581933 1.6093539231132 4.018914956959 -14.183432410317018 -0.622981005340635 64.74455581237181 1.4573053831644036
Car 0 0 0 422.45294241137685 425.5367383500986 454.3205991792109 454.4950840854231 1.5178045646331 1.536788599107 4.2588223655948 -11.186485674634538 -0.5605242022754489 65.03201598321078 1.5038210154915035
Pedestrian 0 2 0 613.8824473783682 445.22267541888334 683.2750819658113 597.0294446500982 1.622341872771 0.50337323079454 0.65175502202915 0.287644368829182 1.4485662052959742 12.405918945648812 -0.2217688391125967
Pedestrian 0 2 0 622.1718728064566 436.6642981219874 737.3492289650353 606.766742942984 1.7066204334989 0.64178294994229 1.0868351687082 0.6041712193255316 1.4544181862777597 11.79194995473468 -0.17015244200669666
Pedestrian 0 0 0 659.5693348245001 442.1925581741936 738.491886057052 619.5403212816143 1.6888115533024 0.46838547563827 0.66668158212657 0.7663419256791102 1.5040227810726605 11.040443039641133 -0.2085278013724965
Car 0 0 0 634.0051734349785 423.9493670015015 664.7167404837709 452.63970267246674 1.5501129096833 1.6424175502511 4.3636019047331 1.22861847393107 -0.6823370344958624 66.84381637295168 -1.4739616063644636
Pedestrian 0 0 0 764.1782245249458 423.2445894355196 777.830225076907 460.865395673469 1.9029674294897 0.60789048805176 0.68806703521885 7.269781549285427 -0.08083604604332831 56.91250460211793 0.14830140077680332
Pedestrian 0 0 0 34.57734037019725 444.8907354025688 146.60176655687906 636.404199904084 1.6424241519632 0.55192464249012 0.72749387997979 -4.730640748426022 1.504331586626092 9.793123148779044 -0.0972101614841967
Car 0 0 0 486.3135389898539 427.1221411890001 513.7467525829043 454.8493785821012 1.4452840350895 1.5220836327961 4.191283620333 -7.573219949339097 -0.5397731123449274 65.16142120047485 1.5038210154915035
Cyclist 0 1 0 809.2203416022027 419.30201165144143 826.4148644256145 441.8022526786843 1.4247999016384 0.72795720752672 1.7150266084845 12.407177418558069 -1.3779352442949284 73.11316555200531 -1.6126146411651117
Cyclist 0 1 0 105.30393635098676 420.7021878069804 135.67539463542488 456.5696753533169 1.5203215292783 1.1099049757978 2.1574480764391 -22.87240896152066 -0.3061663421745944 49.087077554548465 1.2239391955289034
Pedestrian 0 2 0 279.1225939168853 427.8775771561385 295.50401824120115 457.3290243255848 1.4302948157496 0.58854263862581 0.64012982351699 -16.94585235660143 -0.24828353594017943 54.56078865880578 3.0990518000614897
