Car 0 1 0 369.376599009676 424.2304998631944 402.7165444929237 453.65576707182805 1.5411400581933 1.6093539231132 4.018914956959 -14.128918820297436 -0.5977199651840996 64.31631980481241 1.4573053831644036
Car 0 0 0 646.6766588480955 424.3822077541764 675.3325253527224 448.9190654139354 1.4931624130452 1.6701677978746 4.1107209389287 2.0944555771446463 -0.99268627390018 75.02679756392308 -1.5718492802420039
Cyclist 0 0 0 746.8876317990872 425.1121889979836 780.2173558782952 465.7714270807065 1.6297617790859 0.56933030011995 1.7082212802957 5.6707836171476815 0.09935610973912457 46.65177811762677 -0.8548282198411365
Pedestrian 0 1 0 213.08263874906103 426.0001356020007 228.53694085813012 460.2202998189137 1.6411764705882 0.56930675170348 0.55914560916844 -19.923523885831212 -0.10252997176461473 53.52073285748592 3.0605060492572895
Pedestrian 0 0 0 200.5655834488848 426.4364358714641 216.73540439467783 461.06649150325103 1.6411764705882 0.56849947858901 0.57749048171101 -20.278882047647926 -0.0608292404182811 52.867576934907284 3.0605060492572895
Car 0 1 0 487.1454444965069 426.6579026131736 514.5377622896334 455.2840065700335 1.4995148821083 1.5220836327961 4.1365561929874 -7.521761023273508 -0.5134356326873037 65.13060480295414 1.5038210154915035
Car 0 0 0 422.3139014064238 424.2053502270463 454.22784175457633 453.1108017078979 1.5178045646331 1.536788599107 4.2588223655948 -11.179299339598245 -0.6385456024965163 64.95124818679918 1.5038210154915035
Pedestrian 0 1 0 -307.16277962503455 451.3817385441546 -207.55596568358635 639.133099343445 1.7117647058824 0.52088495385998 0.42734406331813 -8.32700598126519 1.6256184266344127 10.301429867850974 -0.09142424330559651
Pedestrian 0 0 0 -421.8132887857247 453.1776697208866 -282.1888477745317 681.264036255735 1.7621107266436 0.58322204215339 0.45571948061559 -7.890020998776792 1.7065908321801224 8.89702006092935 -0.07377926437779658
Pedestrian 0 1 0 216.20421953972797 425.6448715849944 232.9894001966588 459.5372515882321 1.6411764705882 0.61712306510531 0.62300508836281 -19.96075184467426 -0.13886423023973746 54.13170397475273 3.0605060492572895
Cyclist 0 1 0 106.31176764534985 419.5879239464117 162.14351567778624 457.3772275068971 1.627297708771 1.1585305119309 2.5187047594831 -22.613512569003873 -0.2775778024469773 49.94593950605233 1.7551089519323897
Pedestrian 0 0 0 575.9372335177632 424.5825219619588 588.7843926167737 455.5048101091253 1.560914316882 0.55415011413927 0.60643266134314 -2.405209458639218 -0.3541399984041537 57.064427392480745 -0.0810866043324967
Pedestrian 0 1 0 171.94931419261565 421.0876282597848 188.8051605771312 455.1308668133288 1.6411764705882 0.62674029723885 0.59087663382354 -22.014358569054206 -0.352616915811787 53.68381197014126 3.0605060492572895
Pedestrian 0 2 0 393.85260790322536 424.038804775044 409.0680209692184 458.32033446797385 1.6582230762739 0.58854263862581 0.64012982351699 -11.20077394253066 -0.19998769357323448 54.441014974024384 3.0990518000614897
