Car 0 1 0 369.376599009676 424.2304998631944 402.7165444929237 453.65576707182805 1.5411400581933 1.6093539231132 4.018914956959 -14.128918820297436 -0.5977199651840996 64.31631980481241 1.4573053831644036
Car 0 0 0 600.3758844044668 426.1245646492201 669.1090357642296 463.4549918072783 1.6590417682556 1.8494806216108 4.7006566407001 0.3414265915435435 -0.0834267565515048 56.01238701060303 -1.1544883840161364
Cyclist 0 0 0 544.1415224692852 431.2665452964788 593.03525708581 479.51154341116376 1.4910288040503 0.56933030011995 1.7378688991045 -1.944763657574354 0.5082932221761186 36.51203879287226 -0.8540601630706766
Pedestrian 0 1 0 269.33505005337264 425.3279218742297 284.73924060988344 459.4295217923861 1.6411764705882 0.55949870178843 0.59468537012075 -17.236240477481456 -0.142316165767539 53.85966515267844 3.0605060492572895
Pedestrian 0 0 0 260.45445316337253 425.69383466660776 277.2481423301257 460.259588366243 1.6411764705882 0.62539040825744 0.63436631652993 -17.43534426897702 -0.10293207511703359 53.22638361680976 3.0605060492572895
Car 0 1 0 419.4630557905044 424.487834088088 451.6126359482346 453.34375507318 1.5085901903556 1.5344931835592 4.2459127997797 -11.300095352032079 -0.6231889293343473 64.72208518985515 1.5038210154915035
Pedestrian 0 0 0 496.756117662626 421.8845183471044 510.43979456688766 454.3617978463787 1.6411764705882 0.63292690531029 0.67612047083904 -6.462421790653964 -0.4145974824841941 57.10080552150704 -0.0810866043324967
Car 0 0 0 638.3968403206982 423.9689518477936 667.30977377665 448.1656497454878 1.6142630511829 1.8512244208778 4.2697281204251 1.6782448181034282 -1.1324489295294184 81.88649233898856 -1.5801488940372366
Pedestrian 0 1 0 225.83375732525636 424.4424879622376 242.0615664842549 458.70445668628105 1.6411764705882 0.62674029723885 0.59087663382354 -19.28174341599121 -0.17823907486779564 53.55871457333567 3.0605060492572895
Cyclist 0 1 0 134.99287412775325 420.0176794090172 194.6161511663691 461.86700022652303 1.8736381970431 1.3138204531365 2.5454941901296 -21.998155225268306 -0.08272442581973508 51.87669310588278 1.879851468138689
Pedestrian 0 1 0 274.8741621426348 424.98295396881497 290.779127617089 458.7153026321221 1.6411764705882 0.5484667157 0.63281313827785 -17.137214243378537 -0.17888910826006396 54.45813394853175 3.0605060492572895
Car 0 1 0 487.1454444965069 426.6579026131736 514.5377622896334 455.2840065700335 1.4995148821083 1.5220836327961 4.1365561929874 -7.521761023273508 -0.5134356326873037 65.13060480295414 1.5038210154915035
Pedestrian 0 2 0 446.2730624768976 423.4263371137052 459.7590300046757 457.4988580680933 1.6582230762739 0.58854263862581 0.59058020144238 -8.712405203820587 -0.24203087474804946 54.84168749920659 3.0990518000614897
