Car 0 1 0 368.5678651745184 424.1369455883964 401.8312595241133 453.4370619433504 1.5411400581933 1.6093539231132 4.018914956959 -14.234626219876867 -0.6119860058898341 64.56722904753971 1.4573053831644036
Cyclist 0 0 0 843.1279029969583 426.0977169196417 857.5451083218406 454.5244552995738 1.5720621795034 0.73898077118312 1.8080374158797 12.787571000161993 -0.4883538275677953 64.14568919536677 -1.3843364515938066
Car 0 0 0 422.45294241137685 425.5367383500986 454.3205991792109 454.4950840854231 1.5178045646331 1.536788599107 4.2588223655948 -11.186485674634538 -0.5605242022754489 65.03201598321078 1.5038210154915035
Pedestrian 0 2 0 368.7683159954155 445.06122839790254 437.7742396667658 612.6046356468049 1.6837047998157 0.60398824214658 0.62241309630846 -2.3102566714654844 1.5211962064388327 11.694200535841698 -0.2747622031144965
Pedestrian 0 2 0 373.83902167028793 442.9991085030232 445.4040970651174 619.3976151531351 1.7120701394778 0.38765227492028 0.64091298157816 -2.1285161603875453 1.5326209032849984 11.140250552314974 -0.25726023102899664
Pedestrian 0 0 0 336.3213007905005 447.88801408373496 462.1045648225838 625.1763852745858 1.6148823825876 0.54530166983284 1.0890493585057 -2.0920699211110554 1.4966927400763776 10.560954607494054 -0.04726663664639652
Car 0 0 0 541.8914168835804 425.0910272736232 628.3586613061567 467.52432668853385 1.7286896432457 1.9396740416941 4.8755845024675 -1.9628906787004063 0.084262186254451 51.54429240401918 -1.0904432953277965
Cyclist 0 0 0 859.3420820384756 424.9348558657218 881.018860798469 458.5424459831699 1.7305548685674 0.77211382589835 2.1891808729257 13.069266053246954 -0.25835735706971147 60.11826441685117 -1.5024498505282375
Pedestrian 0 0 0 704.124043384365 423.4607376525808 720.3792680987485 459.0054932751593 1.7956549399618 0.61862173700453 0.70423410070221 4.272403002168267 -0.1805534321037896 57.14514568865931 -0.12791842027599665
Car 0 1 0 487.1454444965069 426.6579026131736 514.5377622896334 455.2840065700335 1.4995148821083 1.5220836327961 4.1365561929874 -7.521761023273508 -0.5134356326873037 65.13060480295414 1.5038210154915035
Cyclist 0 1 0 105.30393635098676 420.7021878069804 135.67539463542488 456.5696753533169 1.5203215292783 1.1099049757978 2.1574480764391 -22.87240896152066 -0.3061663421745944 49.087077554548465 1.2239391955289034
Pedestrian 0 2 0 316.02418634505915 424.6197638836711 332.0891261440925 458.6909606850545 1.6582230762739 0.58854263862581 0.64012982351699 -15.106321915342308 -0.18153205531114405 54.60552296202799 3.0990518000614897
