Car 0 1 0 368.5678651745184 424.1369455883964 401.8312595241133 453.4370619433504 1.5411400581933 1.6093539231132 4.018914956959 -14.234626219876867 -0.6119860058898341 64.56722904753971 1.4573053831644036
Cyclist 0 0 0 828.5745220778117 428.7499235708585 842.7623434567712 458.5189826561629 1.4193767555465 0.67112058275785 1.8080374158797 10.403034438939656 -0.23375821755888154 55.801445897186056 -1.3364071681785565
Pedestrian 0 1 0 149.6470891292695 425.01654917452686 172.8833969407621 459.934638969605 1.6411764705882 0.62295270924171 0.86290401561524 -22.44796991282425 -0.11736117679808955 52.45654349804383 3.0605060492572895
Car 0 1 0 487.1454444965069 426.6579026131736 514.5377622896334 455.2840065700335 1.4995148821083 1.5220836327961 4.1365561929874 -7.521761023273508 -0.5134356326873037 65.13060480295414 1.5038210154915035
Car 0 0 0 422.4281304839553 424.1739903095137 454.2986990755926 453.04253770005687 1.5178045646331 1.536788599107 4.2588223655948 -11.187083777617397 -0.6430319325478545 65.02707283815461 1.5038210154915035
Pedestrian 0 1 0 61.125916829401945 439.1161761293606 154.93584801976755 610.099978455592 1.6692169664717 0.5276027972144 0.68449587419595 -5.183267222570553 1.4506267863198559 11.063367395995131 -0.06666982164199653
Pedestrian 0 1 0 58.89120635347865 442.5715312189941 144.42307610017014 614.9633144759932 1.606414649651 0.48009390060158 0.57922208864693 -4.998807660922672 1.431184483178725 10.54058774852332 -0.07322456839409663
Pedestrian 0 0 0 18.88674515366677 444.1269162286552 130.98233511931335 625.9417656751516 1.5431280931476 0.56440698476509 0.66675961958182 -4.804867808453136 1.3986038595796118 9.648352173776011 0.04448574262280336
Car 0 0 0 291.3975986586976 428.2214502330062 430.1421355448532 479.351178367658 1.662432631327 1.7951098115185 4.7109542356939 -9.920754003802324 0.4794767233466829 41.08745807648053 -0.6030496369166266
Cyclist 0 0 0 970.8943471483703 432.16663608234 1008.4460706643172 470.9469581231605 1.555024259089 0.63766527946498 2.1506230123335 15.497649467161366 0.30199960548100235 47.394360248569065 -1.6909083197760066
Pedestrian 0 0 0 647.5123263823336 423.8827150668252 661.7585596442038 459.4552938806802 1.7956549399618 0.61862173700453 0.6183841090799 1.3078799909730507 -0.15578882008557504 57.09048840196811 -0.12791842027599665
Cyclist 0 1 0 105.58390180121114 420.5754700053932 155.64926272194418 456.28424842086014 1.5203215292783 1.1099049757978 2.1574480764391 -22.41840812928597 -0.31219041761354327 49.13269482962082 1.7174585314791901
Pedestrian 0 1 0 166.36925379922388 426.2419785375114 189.32719358916185 460.4576349834721 1.6411764705882 0.68090812428387 0.86853525940382 -22.137477780032846 -0.09589926202193907 53.67793811128288 3.0605060492572895
Pedestrian 0 2 0 352.8332933541377 424.3589008576605 368.5112816714719 458.5554549280091 1.6582230762739 0.58854263862581 0.64012982351699 -13.242680375189819 -0.18821493486148538 54.49157526919775 3.0990518000614897
