Car 0 1 0 368.1651485171712 424.24405020364617 401.584224720784 453.673561292611 1.5411400581933 1.6093539231132 4.018914956959 -14.195499739388563 -0.5966427464751114 64.30639565883834 1.4573053831644036
Cyclist 0 0 0 796.4787062644738 427.587606899397 823.8339333972012 461.8537844108598 1.4930892470928 0.56933030011995 1.7490561810717 8.327185050362743 -0.06596523429790568 50.93241226475598 -0.9490505144709765
Pedestrian 0 1 0 183.54445351597863 426.36182777576346 199.39639284160057 460.65387276777216 1.6411764705882 0.56930675170348 0.55914560916844 -21.312757150451404 -0.08081256101107756 53.32633292521386 3.0605060492572895
Car 0 1 0 487.1454444965069 426.6579026131736 514.5377622896334 455.2840065700335 1.4995148821083 1.5220836327961 4.1365561929874 -7.521761023273508 -0.5134356326873037 65.13060480295414 1.5038210154915035
Car 0 0 0 422.3139014064238 424.2053502270463 454.22784175457633 453.1108017078979 1.5178045646331 1.536788599107 4.2588223655948 -11.179299339598245 -0.6385456024965163 64.95124818679918 1.5038210154915035
Car 0 0 0 34.077711904108355 426.175474582919 193.97221539158272 481.0642063740021 1.6301945901337 1.7230292636431 4.8203018092682 -17.106549707455386 0.4987324746568764 36.49524774678156 -0.36855658103209654
Cyclist 0 0 0 1083.6915995681136 427.1425247343119 1133.1897159448545 482.8572007903479 1.9118746118293 0.63766527946498 2.0262823400793 17.41811285177145 0.6682413228809762 39.83906974508682 -1.7125845371088466
Pedestrian 0 0 0 171.3446836990144 426.92420216813 187.99389647202463 461.7941869754638 1.6411764705882 0.56849947858901 0.57749048171101 -21.53064853760659 -0.025329540770538075 52.42649944396351 3.0605060492572895
Pedestrian 0 1 0 187.08428747265597 425.9805170262287 205.48475693044435 459.9506575597629 1.6411764705882 0.61712306510531 0.68185338785307 -21.32076759378431 -0.1182803681390606 53.95268924828594 3.0605060492572895
Cyclist 0 1 0 106.4157862806843 420.3829677592461 161.93261153479614 456.28082853116655 1.5203215292783 1.1099049757978 2.5187047594831 -22.325898207975673 -0.3231912877913514 49.30512048218973 1.7551089519323897
Pedestrian 0 0 0 610.105133992007 424.3155135694938 623.1882060639454 455.2212071506253 1.560914316882 0.55415011413927 0.60643266134314 -0.6444384366737833 -0.3693343418294172 57.10499398691979 -0.0810866043324967
Pedestrian 0 1 0 140.79591013940274 421.38612819832974 158.05123372851278 455.385835445624 1.6411764705882 0.62674029723885 0.59087663382354 -23.565274197652393 -0.3400325156920524 53.661417014177864 3.0605060492572895
Pedestrian 0 2 0 372.6965520973912 424.22091950575935 388.1623526559853 458.4832231029864 1.6582230762739 0.58854263862581 0.64012982351699 -12.24353379128008 -0.1917617018980486 54.429882429946964 3.0990518000614897
