Car 0 1 0 369.376599009676 424.2304998631944 402.7165444929237 453.65576707182805 1.5411400581933 1.6093539231132 4.018914956959 -14.128918820297436 -0.5977199651840996 64.31631980481241 1.4573053831644036
Car 0 0 0 644.1029530762853 428.08986620924094 675.752225395279 456.775320853139 1.4931624130452 1.665720174018 4.1107209389287 1.7572160230649738 -0.42835596744172005 64.97897146024991 -1.5529439056167376
Cyclist 0 0 0 660.182087911642 431.2624639382708 696.2596620838231 476.1130453963825 1.5685094279219 0.56933030011995 1.7082212802957 1.8533573251479383 0.4557630327907808 41.16477177680032 -0.9854863215574367
Pedestrian 0 1 0 238.8792176470076 425.7404791683733 254.02016975789468 459.9682956368502 1.6411764705882 0.56930675170348 0.55914560916844 -18.66661672122066 -0.11520416327191194 53.580200527527175 3.0605060492572895
Pedestrian 0 0 0 228.54302101426185 426.10934450189615 244.34227192255983 460.6895056963176 1.6411764705882 0.56849947858901 0.57749048171101 -18.96376539265596 -0.07950673506849205 53.020301205840376 3.0605060492572895
Cyclist 0 1 0 113.41852739278346 421.0494807818186 160.32751206400678 458.6766862472121 1.627297708771 1.1682556191576 2.2260324960485 -22.52851231289078 -0.21451529777269557 50.021399716573136 1.5955042863463902
Pedestrian 0 0 0 532.5969822432129 424.864855410866 545.1053722985076 455.7271077312993 1.560914316882 0.55415011413927 0.60643266134314 -4.649776250776455 -0.3427341800678418 57.14563384136212 -0.0810866043324967
Car 0 1 0 487.1454444965069 426.6579026131736 514.5377622896334 455.2840065700335 1.4995148821083 1.5220836327961 4.1365561929874 -7.521761023273508 -0.5134356326873037 65.13060480295414 1.5038210154915035
Car 0 0 0 422.3139014064238 424.2053502270463 454.22784175457633 453.1108017078979 1.5178045646331 1.536788599107 4.2588223655948 -11.179299339598245 -0.6385456024965163 64.95124818679918 1.5038210154915035
Pedestrian 0 1 0 239.57852509313344 425.3456525480651 256.0225034677608 459.1604032083189 1.6411764705882 0.61712306510531 0.62300508836281 -18.857033988818422 -0.15808753455182964 54.31902033100853 3.0605060492572895
Pedestrian 0 1 0 197.3047076318093 424.77363444709385 213.9374892235482 459.0862800331579 1.6411764705882 0.62674029723885 0.59087663382354 -20.635826447305355 -0.1590022295576464 53.40146549489682 3.0605060492572895
Pedestrian 0 2 0 421.174231888748 423.7175831281168 435.0054018129725 457.8801012050082 1.6582230762739 0.58854263862581 0.59058020144238 -9.92069419354494 -0.22232735924803085 54.659008509059696 3.0990518000614897
