Car 0 1 0 369.376599009676 424.2304998631944 402.7165444929237 453.65576707182805 1.5411400581933 1.6093539231132 4.018914956959 -14.128918820297436 -0.5977199651840996 64.31631980481241 1.4573053831644036
Car 0 0 0 638.2628743268617 427.9418134115552 676.3515770965544 456.0659493820934 1.3892493398767 1.5807024299143 4.1107209389287 1.5911596511508164 -0.44753025764650667 61.84326480337334 -1.3790914200400366
Cyclist 0 0 0 638.0948918057809 429.2993284560644 682.2689843758675 475.16013193428944 1.5685094279219 0.56933030011995 1.8521138674858 1.1640715187785402 0.40883013965045134 40.30734632507733 -0.8428290678262266
Pedestrian 0 1 0 202.6459535426297 424.7115220843615 219.202693080488 459.01478275194114 1.6411764705882 0.62674029723885 0.59087663382354 -20.38254472921789 -0.16260048839265426 53.430878991583505 3.0605060492572895
Pedestrian 0 1 0 245.16296023989395 425.6533560972408 260.2139901915157 459.8513665647079 1.6411764705882 0.56930675170348 0.55914560916844 -18.37778111592156 -0.12107916202234711 53.64331392063381 3.0605060492572895
Pedestrian 0 0 0 235.37278659469564 426.0297147426609 251.08189874252287 460.5974677967481 1.6411764705882 0.56849947858901 0.57749048171101 -18.642292442775435 -0.084073755897513 53.05763372086528 3.0605060492572895
Cyclist 0 1 0 117.79564369459302 420.8044719291326 167.3057284022732 463.5530280373647 1.8736381970431 1.3138204531365 2.2260324960485 -22.458539536415753 0.004586733977456098 50.47505962514885 1.5955042863463902
Car 0 1 0 487.1454444965069 426.6579026131736 514.5377622896334 455.2840065700335 1.4995148821083 1.5220836327961 4.1365561929874 -7.521761023273508 -0.5134356326873037 65.13060480295414 1.5038210154915035
Pedestrian 0 1 0 250.4791727710288 425.2597961451436 266.99874355335004 459.1130617315128 1.6411764705882 0.61712306510531 0.63281313827785 -18.295984497454896 -0.16052968580486712 54.29189806336206 3.0605060492572895
Car 0 1 0 419.4630557905044 424.487834088088 451.6126359482346 453.34375507318 1.5085901903556 1.5344931835592 4.2459127997797 -11.300095352032079 -0.6231889293343473 64.72208518985515 1.5038210154915035
Pedestrian 1 1 0 -762.233188138489 456.2837430790847 -617.0278229885104 670.2776584655784 1.7117647058824 0.48832965185103 0.41106641231366 -11.085683650250923 1.6806884896177385 9.716028104808458 -0.5533338848763967
Pedestrian 1 2 0 -886.4562148324541 453.5176444778749 -664.3739022890517 693.2894034806782 1.7621107266436 0.58322204215339 0.41106641231366 -10.917372432125337 1.7117831265611707 9.176652569630528 -0.055268474365496534
Pedestrian 0 0 0 526.7342442701726 426.7207646954723 539.155265048214 455.66994522531 1.4646315721174 0.55415011413927 0.60643266134314 -4.963284653763918 -0.346143638104124 57.240475590717125 -0.0810866043324967
Pedestrian 0 2 0 425.4340136433009 423.6751014125559 439.2104579023802 457.831989428365 1.6582230762739 0.58854263862581 0.59058020144238 -9.713219059073337 -0.224791993559654 54.675042762856826 3.0990518000614897
