Car 0 1 0 368.5678651745184 424.1369455883964 401.8312595241133 453.4370619433504 1.5411400581933 1.6093539231132 4.018914956959 -14.234626219876867 -0.6119860058898341 64.56722904753971 1.4573053831644036
Cyclist 0 0 0 829.1046895323391 429.1880429110372 841.4170002866849 459.3557047001565 1.4193767555465 0.56933030011995 1.8080374158797 10.251440300213039 -0.19032476969575557 55.09482675305997 -1.3364071681785565
Pedestrian 0 1 0 149.6470891292695 425.01654917452686 172.8833969407621 459.934638969605 1.6411764705882 0.62295270924171 0.86290401561524 -22.44796991282425 -0.11736117679808955 52.45654349804383 3.0605060492572895
Car 0 1 0 487.1454444965069 426.6579026131736 514.5377622896334 455.2840065700335 1.4995148821083 1.5220836327961 4.1365561929874 -7.521761023273508 -0.5134356326873037 65.13060480295414 1.5038210154915035
Car 0 0 0 422.4281304839553 424.1739903095137 454.2986990755926 453.04253770005687 1.5178045646331 1.536788599107 4.2588223655948 -11.187083777617397 -0.6430319325478545 65.02707283815461 1.5038210154915035
Pedestrian 0 1 0 34.162510224266725 438.9548403976653 132.60350186253237 623.4478539409754 1.7981725001651 0.65965202221808 0.66520552036915 -5.457399450604763 1.5790467555855394 11.109391689105799 -0.06666982164199653
Pedestrian 0 1 0 14.2649197745759 443.1310100941107 129.70261884836606 620.9093488453531 1.6357413548729 0.48009390060158 0.83338686723688 -5.226111651596856 1.4694625121612996 10.419571893896329 -0.07322456839409663
Pedestrian 0 0 0 -0.8098067190270513 444.6788558459255 113.50161608827358 628.1140585243519 1.5431280931476 0.56440698476509 0.66675961958182 -4.925607042762249 1.4049240313040725 9.557469194480692 0.04448574262280336
Car 0 0 0 272.5968340091135 428.6613357821364 413.116784540041 480.3479923448664 1.662432631327 1.7951098115185 4.7109542356939 -10.486042895326355 0.508636848037538 40.669135102342864 -0.6030496369166266
Cyclist 0 0 0 979.9344065766516 427.1022824405176 1018.3379697169634 471.70915048335695 1.7904239853924 0.63766527946498 2.1506230123335 15.744238233087508 0.3298080516343076 46.900364264651124 -1.6909083197760066
Pedestrian 0 0 0 642.3452245195494 423.8416914482619 656.5160117102914 459.3170591391719 1.7956549399618 0.61862173700453 0.6183841090799 1.0431143180733726 -0.16314891614693816 57.24537381055261 -0.12791842027599665
Cyclist 0 1 0 105.58390180121114 420.5754700053932 155.64926272194418 456.28424842086014 1.5203215292783 1.1099049757978 2.1574480764391 -22.41840812928597 -0.31219041761354327 49.13269482962082 1.7174585314791901
Pedestrian 0 1 0 166.36925379922388 426.2419785375114 189.32719358916185 460.4576349834721 1.6411764705882 0.68090812428387 0.86853525940382 -22.137477780032846 -0.09589926202193907 53.67793811128288 3.0605060492572895
Pedestrian 0 2 0 354.25385947988553 424.3442471488103 369.91395639782695 458.5393473195506 1.6582230762739 0.58854263862581 0.64012982351699 -13.173521997054955 -0.18903647933684625 54.4969200204788 3.0990518000614897
