Car 0 1 0 369.376599009676 424.2304998631944 402.7165444929237 453.65576707182805 1.5411400581933 1.6093539231132 4.018914956959 -14.128918820297436 -0.5977199651840996 64.31631980481241 1.4573053831644036
Cyclist 0 0 0 776.7813126330939 428.856080021485 811.3639585272413 464.3046682886511 1.4930892470928 0.56933030011995 1.7490561810717 7.331097618540842 0.04471083543622412 49.20560580995586 -0.7315323470176266
Pedestrian 0 1 0 195.8279693963672 426.06489750336505 211.4277869033407 460.1361943296608 1.6411764705882 0.56930675170348 0.55914560916844 -20.853189124100453 -0.10668203813918006 53.702522502384944 3.0605060492572895
Car 0 1 0 487.1454444965069 426.6579026131736 514.5377622896334 455.2840065700335 1.4995148821083 1.5220836327961 4.1365561929874 -7.521761023273508 -0.5134356326873037 65.13060480295414 1.5038210154915035
Car 0 0 0 422.3139014064238 424.2053502270463 454.22784175457633 453.1108017078979 1.5178045646331 1.536788599107 4.2588223655948 -11.179299339598245 -0.6385456024965163 64.95124818679918 1.5038210154915035
Pedestrian 0 0 0 180.33253956463216 426.8185317586434 196.86058397475307 461.67288469238014 1.6411764705882 0.56849947858901 0.57749048171101 -21.111759542308423 -0.03128050730532707 52.47514484232944 3.0605060492572895
Car 0 0 0 -63.55226250388239 425.1550050420364 100.66922169267434 481.3430566790888 1.6301945901337 1.7230292636431 4.5742697687259 -19.713978578263056 0.49499925005542256 35.323367793520625 -0.36855658103209654
Cyclist 0 0 0 1132.9894593250328 429.6004825164953 1188.660871251126 489.57674085257446 1.9118746118293 0.63766527946498 1.8434694668978 17.93636567053798 0.8415578948663883 36.883480960931436 -1.8027430823748865
Pedestrian 0 1 0 201.2679653970949 425.6398143547231 218.1451058878508 459.3233688666083 1.6411764705882 0.61712306510531 0.62300508836281 -20.823888797882184 -0.14988219513597087 54.42004483039105 3.0605060492572895
Cyclist 0 1 0 105.19395288964084 422.1623180244078 160.74923995969078 458.13282801368666 1.5203215292783 1.1099049757978 2.5187047594831 -22.388199232243963 -0.24167859555615095 49.31947231203893 1.7551089519323897
Pedestrian 0 0 0 598.0281675551964 424.4379960242245 611.041925827465 455.38196403822224 1.560914316882 0.55415011413927 0.60643266134314 -1.2652060921783466 -0.3605153764585622 57.03290450681092 -0.0810866043324967
Pedestrian 0 1 0 149.9535930564523 421.30684590297057 167.0978358550534 455.3332060155776 1.6411764705882 0.62674029723885 0.59087663382354 -23.099456211954795 -0.3425163500317544 53.64651316534969 3.0605060492572895
Pedestrian 0 2 0 378.1869957766777 424.1648447292759 393.5830423442384 458.4210208629403 1.6582230762739 0.58854263862581 0.64012982351699 -11.976780046751482 -0.19493051630686362 54.4504978991983 3.0990518000614897
