Car 0 1 0 368.1651485171712 424.24405020364617 401.584224720784 453.673561292611 1.5411400581933 1.6093539231132 4.018914956959 -14.195499739388563 -0.5966427464751114 64.30639565883834 1.4573053831644036
Cyclist 0 0 0 808.4593210067341 426.8704583559554 828.7309167795245 460.3985501227728 1.4930892470928 0.56933030011995 1.7490561810717 8.89651464486951 -0.13401729966110565 51.99940408219502 -1.1479495881768766
Car 0 1 0 487.1454444965069 426.6579026131736 514.5377622896334 455.2840065700335 1.4995148821083 1.5220836327961 4.1365561929874 -7.521761023273508 -0.5134356326873037 65.13060480295414 1.5038210154915035
Car 0 0 0 422.3139014064238 424.2053502270463 454.22784175457633 453.1108017078979 1.5178045646331 1.536788599107 4.2588223655948 -11.179299339598245 -0.6385456024965163 64.95124818679918 1.5038210154915035
Car 0 0 0 130.64018943195094 424.5401708728492 281.5632548936284 477.6127127549991 1.6301945901337 1.7230292636431 4.8203018092682 -14.526244193155264 0.40279007731566363 37.784445040511926 -0.36855658103209654
Cyclist 0 0 0 1046.973248456546 431.20768690149504 1092.183026070598 478.50019015223575 1.6947843249263 0.63766527946498 2.0262823400793 16.831812935496366 0.5448511586147052 41.96955443207632 -1.7125845371088466
Cyclist 0 1 0 107.1490667435861 420.378456426332 162.64094305451744 456.2816822735325 1.5203215292783 1.1099049757978 2.5187047594831 -22.289959511729343 -0.3231278893305485 49.29971382400928 1.7551089519323897
Pedestrian 0 0 0 618.740101863455 424.2284708433247 631.8720548886123 455.1063595841607 1.560914316882 0.55415011413927 0.60643266134314 -0.1997093700436493 -0.3756524065727522 57.15664018162524 -0.0810866043324967
Pedestrian 0 2 0 366.1883943270389 424.2875769028136 381.7367328833318 458.5569799438452 1.6582230762739 0.58854263862581 0.64012982351699 -12.559686377407898 -0.18800607000608588 54.40544928120428 3.0990518000614897
Pedestrian 0 1 0 192.2556188157116 425.78779877704574 210.49104198783465 459.5755668230688 1.6411764705882 0.61712306510531 0.68185338785307 -21.18252086161088 -0.13737024881533885 54.254597157052245 3.0605060492572895
Pedestrian 0 1 0 184.15408887955573 426.3124601392447 199.9728549938493 460.5483570473958 1.6411764705882 0.56930675170348 0.55914560916844 -21.318492939954815 -0.08604600099526047 53.414379946950135 3.0605060492572895
