Car 0 1 0 368.5678651745184 424.1369455883964 401.8312595241133 453.4370619433504 1.5411400581933 1.6093539231132 4.018914956959 -14.234626219876867 -0.6119860058898341 64.56722904753971 1.4573053831644036
Cyclist 0 0 0 827.2841527372441 423.147024554812 855.6642815449493 450.49770481266944 1.5720621795034 0.73898077118312 1.8080374158797 12.728222265097754 -0.7455020237611826 66.55980835447578 -1.9948152380754565
Car 0 0 0 422.45294241137685 425.5367383500986 454.3205991792109 454.4950840854231 1.5178045646331 1.536788599107 4.2588223655948 -11.186485674634538 -0.5605242022754489 65.03201598321078 1.5038210154915035
Pedestrian 0 2 0 431.8783986145834 443.8514532003175 499.1188691835143 605.3903503486754 1.6434559636552 0.63417486926696 0.59150435257121 -1.6786296603764552 1.4653013444590999 11.877706473769479 -0.2747622031144965
Pedestrian 0 2 0 410.02194589702816 442.565340750625 515.022409474802 615.496355166856 1.6708374961905 0.49027527940394 0.96949940303216 -1.61603887094126 1.4899342980794648 11.272350768697496 -0.25726023102899664
Pedestrian 0 0 0 416.0069662086131 443.44158266900905 533.1758181633669 632.4624013779664 1.7330725027035 0.53940651778532 1.0481012744963 -1.4184852973619777 1.571196058670521 10.728094194668728 -0.20085696624699656
Car 0 0 0 582.7244745640991 425.4742422173554 649.9535635033088 464.8274097698634 1.7286896432457 1.7692587415657 4.8755845024675 -0.5725707662895574 -0.022711484403424423 55.29380476039729 -1.1993579995791466
Cyclist 0 0 0 837.2605977300661 423.7136451060852 863.1914519912573 455.5897033664642 1.7305548685674 0.77211382589835 1.9144368043567 12.549677541635315 -0.4271348588597423 62.99825175049596 -1.7350342347043965
Pedestrian 0 0 0 726.515310783641 423.47730637087307 740.6174620923043 459.0337386780434 1.7956549399618 0.61862173700453 0.70423410070221 5.351161849774484 -0.17400889838739153 56.905382814319324 0.14830140077680332
Car 0 1 0 487.1454444965069 426.6579026131736 514.5377622896334 455.2840065700335 1.4995148821083 1.5220836327961 4.1365561929874 -7.521761023273508 -0.5134356326873037 65.13060480295414 1.5038210154915035
Cyclist 0 1 0 105.30393635098676 420.7021878069804 135.67539463542488 456.5696753533169 1.5203215292783 1.1099049757978 2.1574480764391 -22.87240896152066 -0.3061663421745944 49.087077554548465 1.2239391955289034
Pedestrian 0 2 0 305.7157934674262 424.7279624167559 321.9087526407836 458.8080290624313 1.6582230762739 0.58854263862581 0.64012982351699 -15.610190099558585 -0.17554651698222656 54.56658263121188 3.0990518000614897
