Car 0 1 0 369.376599009676 424.2304998631944 402.7165444929237 453.65576707182805 1.5411400581933 1.6093539231132 4.018914956959 -14.128918820297436 -0.5977199651840996 64.31631980481241 1.4573053831644036
Car 0 0 0 647.1146465516697 425.7621023508993 676.0251034934106 450.5748213461997 1.4931624130452 1.6701677978746 4.1107209389287 2.116367748689216 -0.8778986616169056 74.44340547317069 -1.5718492802420039
Cyclist 0 0 0 742.2939975778744 425.4163602587155 776.0323996779266 466.4723153868796 1.6297617790859 0.56933030011995 1.7082212802957 5.436901395851126 0.126642621412829 46.2246291871077 -0.8548282198411365
Pedestrian 0 1 0 214.51740362127867 425.9833686800608 229.95292839130093 460.2010061338174 1.6411764705882 0.56930675170348 0.55914560916844 -19.85533265403915 -0.10349873375861937 53.52865187582412 3.0605060492572895
Pedestrian 0 0 0 201.6028809830895 426.424278872692 217.7589156848064 461.0525081812754 1.6411764705882 0.56849947858901 0.57749048171101 -20.23017402493862 -0.061521213271199096 52.87323337657831 3.0605060492572895
Car 0 0 0 422.3139014064238 424.2053502270463 454.22784175457633 453.1108017078979 1.5178045646331 1.536788599107 4.2588223655948 -11.179299339598245 -0.6385456024965163 64.95124818679918 1.5038210154915035
Car 0 1 0 487.1454444965069 426.6579026131736 514.5377622896334 455.2840065700335 1.4995148821083 1.5220836327961 4.1365561929874 -7.521761023273508 -0.5134356326873037 65.13060480295414 1.5038210154915035
Pedestrian 0 1 0 217.4207600506093 425.63069523988446 234.18904151478125 459.5209298863832 1.6411764705882 0.61712306510531 0.62300508836281 -19.902302217423074 -0.13969459766320344 54.138491704757364 3.0605060492572895
Cyclist 0 1 0 106.31176764534985 419.5879239464117 162.14351567778624 457.3772275068971 1.627297708771 1.1585305119309 2.5187047594831 -22.613512569003873 -0.2775778024469773 49.94593950605233 1.7551089519323897
Pedestrian 0 0 0 570.4390306189011 424.5327052505333 583.2054004750723 455.3544697775374 1.560914316882 0.55415011413927 0.60643266134314 -2.6987006300643364 -0.36284597454832096 57.24525299673358 -0.0810866043324967
Pedestrian 0 1 0 171.94931419261565 421.0876282597848 188.8051605771312 455.1308668133288 1.6411764705882 0.62674029723885 0.59087663382354 -22.014358569054206 -0.352616915811787 53.68381197014126 3.0605060492572895
Pedestrian 0 2 0 395.6840661823619 424.0202745040861 410.87604146044487 458.2996047312535 1.6582230762739 0.58854263862581 0.64012982351699 -11.1118560277859 -0.20104396504170824 54.447886797101134 3.0990518000614897
