Car 0 0 0 638.1720374858728 422.3460826802616 666.6147512779696 448.53595574466567 1.6142630511829 1.8671434176389 4.2697281204251 1.5619701705824813 -1.0256990109725723 75.45404932421759 -1.5095656586330586
Car 0 1 0 369.376599009676 424.2304998631944 402.7165444929237 453.65576707182805 1.5411400581933 1.6093539231132 4.018914956959 -14.128918820297436 -0.5977199651840996 64.31631980481241 1.4573053831644036
Car 0 0 0 567.1009748944881 425.5852825457829 650.6991147189187 465.58119994788734 1.6590417682556 1.7854587373872 4.7006566407001 -0.8860487873190376 0.00794002910843375 52.415424652501294 -1.0214264431279965
Cyclist 0 0 0 479.6753865385482 430.6997980064292 530.4970681702514 481.3075141117008 1.4854614277686 0.56933030011995 1.5533506599349 -3.803878357588733 0.5386579747015364 34.44531805745936 -0.7834909387017466
Pedestrian 0 1 0 242.6344650846824 424.24831069451386 258.62486293213453 458.47970306490384 1.6411764705882 0.62674029723885 0.59087663382354 -18.48293184356033 -0.18958742965508 53.65148021673117 3.0605060492572895
Pedestrian 0 1 0 283.37685345878543 425.208714302633 298.14437479915983 459.31883957488975 1.6411764705882 0.55276791822575 0.57273563001631 -16.55407221327162 -0.14753498202195656 53.86423414354826 3.0605060492572895
Pedestrian 0 0 0 274.7184866585576 425.6093674716578 290.4192281837044 460.2276453392877 1.6411764705882 0.62539040825744 0.58951659922784 -16.739722185131242 -0.10424862185921677 53.16419072158987 3.0605060492572895
Cyclist 0 1 0 152.35483221511402 421.9894841971741 218.65830544141735 464.0491960872256 1.8736381970431 1.57135823633 2.7779146284785 -21.07426448013487 0.009723382081834486 52.09420624274026 1.879851468138689
Car 0 1 0 419.4630557905044 424.487834088088 451.6126359482346 453.34375507318 1.5085901903556 1.5344931835592 4.2459127997797 -11.300095352032079 -0.6231889293343473 64.72208518985515 1.5038210154915035
Pedestrian 0 1 0 286.45759996098326 424.88498140267535 303.5765318864678 458.6767296708434 1.6411764705882 0.5484667157 0.69820006951722 -16.512232099886933 -0.1812418074199634 54.42178298423702 3.0605060492572895
Car 0 1 0 487.1454444965069 426.6579026131736 514.5377622896334 455.2840065700335 1.4995148821083 1.5220836327961 4.1365561929874 -7.521761023273508 -0.5134356326873037 65.13060480295414 1.5038210154915035
Cyclist 0 0 0 807.4973523661987 423.89483745872417 824.6327259728613 447.6780292817995 1.5055290026205 0.685464373228 1.8044566773315 12.346351542372636 -1.0011403968936374 73.44774871240317 -1.6272917627909036
Pedestrian 0 2 0 459.8101638419647 425.1642600810071 473.1433375898187 460.6977042943655 1.7306212232884 0.58854263862581 0.59058020144238 -8.051296134186837 -0.08468911709098115 54.90258350856488 3.0990518000614897
Pedestrian 0 0 0 479.470938967864 421.9814826359825 493.2584871765087 454.3971097318167 1.6411764705882 0.63292690531029 0.67612047083904 -7.361193367134085 -0.41326461610765325 57.18730638590894 -0.0810866043324967
