Car 0 1 0 369.376599009676 424.2304998631944 402.7165444929237 453.65576707182805 1.5411400581933 1.6093539231132 4.018914956959 -14.128918820297436 -0.5977199651840996 64.31631980481241 1.4573053831644036
Car 0 0 0 644.7789373686333 427.4126641821674 676.4526985688361 455.40553333665537 1.4931624130452 1.8249936615902 4.1107209389287 1.888892850631807 -0.5129194931761192 66.37489231814695 -1.4965397491716856
Cyclist 0 0 0 675.4059225714011 428.73695310358846 711.8835624178697 474.0243550490908 1.6297617790859 0.56933030011995 1.7082212802957 2.4808853123594887 0.3911804500299797 42.16681155808955 -0.9311541130887167
Pedestrian 0 1 0 236.1429596509903 425.75929099917744 251.3121830811254 459.97506477463617 1.6411764705882 0.56930675170348 0.55914560916844 -18.806155906149957 -0.11486062954396078 53.59135024140267 3.0605060492572895
Pedestrian 0 0 0 222.95238494257552 426.1746056333837 238.8255010680369 460.7648520734136 1.6411764705882 0.56849947858901 0.57749048171101 -19.226788715285306 -0.07577008166293532 52.989756420820086 3.0605060492572895
Pedestrian 0 1 0 240.3575338553973 425.35945370092713 256.8050613672915 459.2027068418967 1.6411764705882 0.61712306510531 0.62300508836281 -18.80263841451468 -0.15590757134940655 54.27605220087105 3.0605060492572895
Car 0 1 0 487.1454444965069 426.6579026131736 514.5377622896334 455.2840065700335 1.4995148821083 1.5220836327961 4.1365561929874 -7.521761023273508 -0.5134356326873037 65.13060480295414 1.5038210154915035
Car 0 0 0 422.3139014064238 424.2053502270463 454.22784175457633 453.1108017078979 1.5178045646331 1.536788599107 4.2588223655948 -11.179299339598245 -0.6385456024965163 64.95124818679918 1.5038210154915035
Pedestrian 0 0 0 541.8157060813703 424.7679192998362 554.3809825496725 455.6041958100253 1.560914316882 0.55415011413927 0.60643266134314 -4.177251617481906 -0.34944712385760573 57.200507923236174 -0.0810866043324967
Cyclist 0 1 0 111.87967150110852 421.0279593624646 163.69936352797845 458.5068716037032 1.627297708771 1.1585305119309 2.2260324960485 -22.5214594609791 -0.21933000268586217 50.10091011794874 1.7551089519323897
Pedestrian 0 1 0 194.3193025884784 421.0033573638775 210.991522349076 455.28782358947205 1.6411764705882 0.62674029723885 0.59087663382354 -20.773557340287798 -0.34307924171357473 53.374483086272654 3.0605060492572895
Pedestrian 0 2 0 418.6693815925861 423.79935056830897 432.5624691404059 458.0396362043614 1.6582230762739 0.58854263862581 0.59058020144238 -10.020141629313528 -0.21401263141310023 54.53225751381556 3.0990518000614897
