Car 0 1 0 368.5678651745184 424.1369455883964 401.8312595241133 453.4370619433504 1.5411400581933 1.6093539231132 4.018914956959 -14.234626219876867 -0.6119860058898341 64.56722904753971 1.4573053831644036
Cyclist 0 0 0 843.1540296865049 422.4963748164306 859.352664306992 451.35089473654193 1.5720621795034 0.73898077118312 1.8080374158797 12.614836750709754 -0.6587146487092368 63.01188249635203 -1.4323020607671466
Car 0 0 0 422.4281304839553 424.1739903095137 454.2986990755926 453.04253770005687 1.5178045646331 1.536788599107 4.2588223655948 -11.187083777617397 -0.6430319325478545 65.02707283815461 1.5038210154915035
Pedestrian 0 2 0 302.3963046754218 446.8789955581266 386.23950574990687 618.1016468923007 1.6332831208996 0.75941990276125 0.76718037117183 -2.8280399095250965 1.5010566367778508 11.250379527439886 -0.25726023102899664
Pedestrian 0 0 0 323.18973077373107 443.6668361327128 408.6953650273907 623.7143520451432 1.6349432314077 0.54530166983284 0.68126433061668 -2.395517964706407 1.474866918857656 10.46579999275056 -0.04726663664639652
Car 0 0 0 519.4918388897047 426.4953566179505 605.5102792783218 469.91495944911287 1.7286896432457 1.9396740416941 4.0969109435271 -2.918181450399171 0.20108021820590793 49.710032253345084 -1.0337912165460668
Cyclist 0 0 0 871.3078653324628 426.0420220031575 898.9969591304068 461.05787834661845 1.7305548685674 0.7204028465009 2.1891808729257 13.362167773965655 -0.12373775328503428 57.83584571973256 -1.6516592561759587
Pedestrian 0 0 0 697.4224138905674 423.5331430949368 713.6508212044457 459.1168978268332 1.7956549399618 0.61862173700453 0.70423410070221 3.922979251263715 -0.17459112480219807 57.08790595067363 -0.12791842027599665
Car 0 1 0 487.1454444965069 426.6579026131736 514.5377622896334 455.2840065700335 1.4995148821083 1.5220836327961 4.1365561929874 -7.521761023273508 -0.5134356326873037 65.13060480295414 1.5038210154915035
Cyclist 0 1 0 105.30393635098676 420.7021878069804 135.67539463542488 456.5696753533169 1.5203215292783 1.1099049757978 2.1574480764391 -22.87240896152066 -0.3061663421745944 49.087077554548465 1.2239391955289034
Pedestrian 0 2 0 320.8747499985772 424.5689992490181 336.8793694483101 458.6358941402122 1.6582230762739 0.58854263862581 0.64012982351699 -14.869207475581744 -0.18434877923217313 54.62384782359776 3.0990518000614897
Pedestrian 0 1 0 135.62247615399963 423.3075316995033 152.50513785742112 457.2457193959471 1.6411764705882 0.71083646994198 0.60874543546808 -23.955868641251385 -0.25374006883297745 53.93129461349321 2.95152124473419
Pedestrian 0 2 0 317.50674726384693 443.20884201842176 396.9126976377054 608.667578192721 1.6962643809102 0.66940057299399 0.77899310958983 -2.854157328820897 1.5113745777451444 11.951156362305724 -0.20411945729739656
