Car 0 1 0 370.1974325932607 424.05386021839 403.27324898827953 453.267434424904 1.5411400581933 1.6093539231132 4.018914956959 -14.183432410317018 -0.622981005340635 64.74455581237181 1.4573053831644036
Car 0 0 0 422.45294241137685 425.5367383500986 454.3205991792109 454.4950840854231 1.5178045646331 1.536788599107 4.2588223655948 -11.186485674634538 -0.5605242022754489 65.03201598321078 1.5038210154915035
Pedestrian 0 2 0 568.2439063716375 445.5221112099154 659.0053750751443 599.7263338724804 1.622341872771 0.50337323079454 0.87475129214941 -0.09840984402623018 1.456549879374845 12.319372087241542 -0.3111901102319965
Pedestrian 0 2 0 618.5978186797047 437.5422902367282 690.5798460140215 607.6269377817425 1.7066204334989 0.58058800096111 0.56667810236823 0.3394538039178649 1.4622712780745288 11.692901366209849 -0.33679552720509665
Pedestrian 0 0 0 615.6265974773147 440.6679108012944 707.7314682841075 621.3024593804425 1.7092411941725 0.42801456292111 0.81283267307995 0.3954249887099568 1.5109732521572365 10.969310144597879 -0.2085278013724965
Car 0 0 0 632.2189221495515 425.3397297541644 663.1946625090102 454.8985374123571 1.5501129096833 1.6040723224517 4.3636019047331 1.1036779565508354 -0.5395770005290801 65.13260517622075 -1.4739616063644636
Pedestrian 0 0 0 16.742932247247268 442.6296982544407 121.51622111635156 635.730963149844 1.6622926420356 0.61081768057404 0.63447493309303 -4.9537997266370795 1.502982952819045 9.842635066587853 -0.0972101614841967
Car 0 0 0 486.3135389898539 427.1221411890001 513.7467525829043 454.8493785821012 1.4452840350895 1.5220836327961 4.191283620333 -7.573219949339097 -0.5397731123449274 65.16142120047485 1.5038210154915035
Pedestrian 0 0 0 755.3066295015951 423.2573621900765 768.8591583649602 458.7327741441936 1.7956549399618 0.60789048805176 0.68806703521885 6.821682060214349 -0.18981601681007798 56.991296746068194 0.14830140077680332
Cyclist 0 0 0 804.2520255612328 423.9948405434222 823.2008343565348 447.9035938577405 1.4272339076376 0.75329804383552 1.9144368043567 11.563820640323653 -0.9404704679932249 69.65265728245357 -1.6065043844860505
Cyclist 0 1 0 105.30393635098676 420.7021878069804 135.67539463542488 456.5696753533169 1.5203215292783 1.1099049757978 2.1574480764391 -22.87240896152066 -0.3061663421745944 49.087077554548465 1.2239391955289034
Pedestrian 0 2 0 283.58580575989834 425.2566800851994 299.91202248862544 454.68441219092654 1.4302948157496 0.58854263862581 0.64012982351699 -16.725214320466772 -0.3788993027406877 54.57024420594128 3.0990518000614897
Cyclist 0 1 0 815.1982340383295 422.8135333955775 831.2678483899845 445.7668189631725 1.4247999016384 0.62577800519479 1.7150266084845 12.554957222163694 -1.1012915518078614 71.8949537400653 -1.6126146411651117
