Car 0 1 0 369.376599009676 424.2304998631944 402.7165444929237 453.65576707182805 1.5411400581933 1.6093539231132 4.018914956959 -14.128918820297436 -0.5977199651840996 64.31631980481241 1.4573053831644036
Car 0 0 0 649.0359950283624 426.0174689965352 678.8057628444805 452.6618835785623 1.4931624130452 1.7967784697925 4.1107209389287 2.1538538174371875 -0.6980668538915425 69.43396870969342 -1.5048660226284785
Cyclist 0 0 0 702.270218408074 427.4049419630509 738.9336452851946 470.9763425368867 1.6297617790859 0.56933030011995 1.7082212802957 3.627374727939314 0.29089994370863737 43.70190425235473 -0.8548282198411365
Pedestrian 0 1 0 227.83262444561404 425.8279627601031 243.09416652699295 460.0219709777029 1.6411764705882 0.56930675170348 0.55914560916844 -19.22212835881997 -0.1124943808461146 53.60218561754034 3.0605060492572895
Pedestrian 0 0 0 214.2510554012818 426.2761900235425 230.2393035014056 460.88201251341474 1.6411764705882 0.56849947858901 0.57749048171101 -19.635936147886873 -0.06996328207632388 52.942241964957105 3.0605060492572895
Car 0 1 0 487.1454444965069 426.6579026131736 514.5377622896334 455.2840065700335 1.4995148821083 1.5220836327961 4.1365561929874 -7.521761023273508 -0.5134356326873037 65.13060480295414 1.5038210154915035
Car 0 0 0 422.3139014064238 424.2053502270463 454.22784175457633 453.1108017078979 1.5178045646331 1.536788599107 4.2588223655948 -11.179299339598245 -0.6385456024965163 64.95124818679918 1.5038210154915035
Pedestrian 0 1 0 230.46747595621397 425.529279598574 247.08664155400788 459.4623788066062 1.6411764705882 0.61712306510531 0.62300508836281 -19.237102099614063 -0.1426487745702195 54.10731396516523 3.0605060492572895
Cyclist 0 1 0 106.71965658067472 419.718474767101 159.00070870218536 457.3394093286435 1.627297708771 1.1585305119309 2.2260324960485 -22.630784672629947 -0.2705791047629402 49.83121187964793 1.7551089519323897
Pedestrian 0 0 0 552.5920134619585 424.7271866230988 565.2551907888889 455.6116380183908 1.560914316882 0.55415011413927 0.60643266134314 -3.613790569815703 -0.3487223726991077 57.1202340902636 -0.0810866043324967
Cyclist 1 2 0 1489.230203494199 436.8588762214706 1602.9081660160855 507.0110404965844 1.4399998942057 0.63766527946498 1.7422708456066 20.463911357707733 0.9041404464249692 24.34890007678077 -1.8027430823748865
Pedestrian 0 1 0 184.038351018164 421.05347918024086 200.8042454185166 455.24579515443975 1.6411764705882 0.62674029723885 0.59087663382354 -21.32982077582639 -0.345806510130826 53.487310686403546 3.0605060492572895
Pedestrian 0 2 0 406.2636901422719 423.9238021746688 420.3159559123015 458.1799015781817 1.6582230762739 0.58854263862581 0.59058020144238 -10.622807496505713 -0.20685345812016792 54.48568182403285 3.0990518000614897
