Car 0 0 0 638.9473414917156 425.3321900909148 667.3600864546613 450.7892466867452 1.6142630511829 1.932049021438 4.2697281204251 1.6642871876962533 -0.9035180921503109 78.06702372892957 -1.5095656586330586
Car 0 1 0 369.376599009676 424.2304998631944 402.7165444929237 453.65576707182805 1.5411400581933 1.6093539231132 4.018914956959 -14.128918820297436 -0.5977199651840996 64.31631980481241 1.4573053831644036
Car 0 0 0 585.2644239938411 427.2159863741032 657.278486363084 465.9877548783476 1.6590417682556 1.8494806216108 4.7006566407001 -0.31864461430271607 0.032202564609326634 54.16086328959647 -1.1544883840161364
Cyclist 0 0 0 513.7171059863394 437.1246553959791 560.8923099085341 482.04456054873 1.3462136891989 0.56933030011995 1.4883683819357 -2.8871330342664385 0.5800361295928541 35.42857844220738 -0.7834909387017466
Pedestrian 0 1 0 233.21231609171224 424.3571224639463 249.33578327798017 458.6057375070166 1.6411764705882 0.62674029723885 0.59087663382354 -18.931045652485075 -0.1832212794085196 53.599440953362404 3.0605060492572895
Pedestrian 0 1 0 278.39415076545407 425.1869454515462 294.1691254061281 459.2298993705463 1.6411764705882 0.55276791822575 0.62064937051508 -16.812324911348192 -0.1524230067385531 53.97706937614036 3.0605060492572895
Pedestrian 0 0 0 265.20353462516823 425.63894686516 281.92943261313275 460.19563018947895 1.6411764705882 0.62539040825744 0.63436631652993 -17.21128736451413 -0.1061151502402887 53.25240324849366 3.0605060492572895
Car 0 1 0 419.4630557905044 424.487834088088 451.6126359482346 453.34375507318 1.5085901903556 1.5344931835592 4.2459127997797 -11.300095352032079 -0.6231889293343473 64.72208518985515 1.5038210154915035
Car 0 1 0 487.1454444965069 426.6579026131736 514.5377622896334 455.2840065700335 1.4995148821083 1.5220836327961 4.1365561929874 -7.521761023273508 -0.5134356326873037 65.13060480295414 1.5038210154915035
Cyclist 0 1 0 151.63614077778334 421.7858739011488 209.61066615580177 462.9563495170638 1.8736381970431 1.3138204531365 2.5454941901296 -21.63130984449239 -0.03170783937365125 52.85314844604868 1.879851468138689
Pedestrian 0 1 0 282.4173599824466 424.8460359854578 298.1971039348824 458.4986951291871 1.6411764705882 0.5484667157 0.63281313827785 -16.80605337326724 -0.19008978135444296 54.60501865994138 3.0605060492572895
Pedestrian 0 2 0 454.9571214870074 425.2121063159829 468.3536500649138 460.7529958996277 1.7306212232884 0.58854263862581 0.59058020144238 -8.28845188839751 -0.0818719006191373 54.88425545420498 3.0990518000614897
Pedestrian 0 0 0 485.97444859821815 421.9735293789122 499.7015362250923 454.4501099137735 1.6411764705882 0.63292690531029 0.67612047083904 -7.014043003402502 -0.4099232253252923 57.08953021125884 -0.0810866043324967
