Car 0 1 0 368.5678651745184 424.1369455883964 401.8312595241133 453.4370619433504 1.5411400581933 1.6093539231132 4.018914956959 -14.234626219876867 -0.6119860058898341 64.56722904753971 1.4573053831644036
Cyclist 0 0 0 841.7339254777132 428.94630799828894 855.0051260944899 457.5063636023569 1.4193767555465 0.67112058275785 1.8080374158797 11.500449043760273 -0.29377621968285406 58.11589804024766 -1.3364071681785565
Car 0 1 0 487.1454444965069 426.6579026131736 514.5377622896334 455.2840065700335 1.4995148821083 1.5220836327961 4.1365561929874 -7.521761023273508 -0.5134356326873037 65.13060480295414 1.5038210154915035
Pedestrian 0 1 0 172.58608441403004 438.18678364075447 256.5539884843097 605.8894555458288 1.6027894694714 0.67944964901972 0.60036490739494 -4.058791606166925 1.3792227953565328 11.008356889358895 -0.06666982164199653
Pedestrian 0 1 0 168.01785411593465 437.9897148835268 242.2822064340384 615.9607929796239 1.6400458590443 0.48009390060158 0.51697907292195 -3.9488818260998055 1.4220181997467203 10.465411213952954 -0.07322456839409663
Pedestrian 0 0 0 162.78040108416735 442.08830399296585 237.4440126742935 633.7898916539424 1.6676082649031 0.56440698476509 0.4076432964778 -3.7835624673114125 1.4994795509338383 9.922547844622688 0.04448574262280336
Car 0 0 0 389.4822963077014 425.61183230878856 512.0546429832696 473.4953238021557 1.662432631327 1.7951098115185 4.6440467734774 -6.991602110887078 0.2892446240198602 43.90826561136773 -0.7676770312166266
Cyclist 0 0 0 928.4592228631656 426.9855700391079 958.2905972217234 466.35653054052347 1.7305548685674 0.63766527946498 2.1891808729257 14.636649802951291 0.12405539883222161 51.47037628647739 -1.6044151535774216
Pedestrian 0 0 0 663.9034037994915 423.6515442653888 678.2047988607269 459.0700726977892 1.7956549399618 0.61862173700453 0.6183841090799 2.159939582306429 -0.17637762686220948 57.331046548346585 -0.12791842027599665
Cyclist 0 1 0 105.58390180121114 420.5754700053932 155.64926272194418 456.28424842086014 1.5203215292783 1.1099049757978 2.1574480764391 -22.41840812928597 -0.31219041761354327 49.13269482962082 1.7174585314791901
Pedestrian 0 1 0 145.09264601766262 425.9566523147834 165.58884713151764 460.8111293496565 1.6706006203333 0.68090812428387 0.73038672421668 -23.191487833458044 -0.07717594954595607 53.492952810686106 3.0605060492572895
Pedestrian 0 2 0 340.21191674927445 424.48949704832825 356.04858086778773 458.6986198415897 1.6582230762739 0.58854263862581 0.64012982351699 -13.857054060389986 -0.18091668234976796 54.44409476676638 3.0990518000614897
Car 0 0 0 422.4281304839553 424.1739903095137 454.2986990755926 453.04253770005687 1.5178045646331 1.536788599107 4.2588223655948 -11.187083777617397 -0.6430319325478545 65.02707283815461 1.5038210154915035
