Car 0 1 0 369.376599009676 424.2304998631944 402.7165444929237 453.65576707182805 1.5411400581933 1.6093539231132 4.018914956959 -14.128918820297436 -0.5977199651840996 64.31631980481241 1.4573053831644036
Car 0 0 0 648.8344237793985 426.7559851168704 678.8542107231971 452.4966794323935 1.4931624130452 1.6701677978746 4.1107209389287 2.1953238348703006 -0.7316308771839275 71.99235403215006 -1.5718492802420039
Cyclist 0 0 0 722.3529365590201 426.43392728511895 757.5584716897068 468.781586367778 1.6297617790859 0.56933030011995 1.7082212802957 4.506088198696141 0.21319634969621004 44.89255845718956 -0.8548282198411365
Pedestrian 0 1 0 222.50817324372335 425.8900614524974 237.8392301733125 460.093558732324 1.6411764705882 0.56930675170348 0.55914560916844 -19.475410076907437 -0.10889612201110585 53.57277212085366 3.0605060492572895
Car 0 1 0 487.1454444965069 426.6579026131736 514.5377622896334 455.2840065700335 1.4995148821083 1.5220836327961 4.1365561929874 -7.521761023273508 -0.5134356326873037 65.13060480295414 1.5038210154915035
Car 0 0 0 422.3139014064238 424.2053502270463 454.22784175457633 453.1108017078979 1.5178045646331 1.536788599107 4.2588223655948 -11.179299339598245 -0.6385456024965163 64.95124818679918 1.5038210154915035
Cyclist 1 2 0 1489.230203494199 436.8588762214706 1602.9081660160855 507.0110404965844 1.4399998942057 0.63766527946498 1.7422708456066 20.463911357707733 0.9041404464249692 24.34890007678077 -1.8027430823748865
Pedestrian 0 0 0 207.617519386173 426.3538226778971 223.6936961532269 460.9714295137178 1.6411764705882 0.56849947858901 0.57749048171101 -19.94766749322555 -0.06553465581790997 52.9060407382668 3.0605060492572895
Pedestrian 0 1 0 222.00629560030904 425.6968153735082 238.78694532317397 459.7355399030624 1.6411764705882 0.61712306510531 0.62300508836281 -19.590220417422685 -0.12877397272247756 53.91845129304773 3.0605060492572895
Cyclist 0 1 0 106.71965658067472 419.718474767101 159.00070870218536 457.3394093286435 1.627297708771 1.1585305119309 2.2260324960485 -22.630784672629947 -0.2705791047629402 49.83121187964793 1.7551089519323897
Pedestrian 0 0 0 564.1297906864377 424.59796213853167 576.8584737187329 455.4384594796172 1.560914316882 0.55415011413927 0.60643266134314 -3.022982241148742 -0.35823905233964987 57.207594313094354 -0.0810866043324967
Pedestrian 0 1 0 180.32182698429807 420.9915565805599 197.05845102094597 455.0204428236802 1.6411764705882 0.62674029723885 0.59087663382354 -21.614952782839765 -0.3582910932054201 53.73019479183898 3.0605060492572895
Pedestrian 0 2 0 401.7881510838308 423.9586385265601 416.9019096833528 458.2305307395904 1.6582230762739 0.58854263862581 0.64012982351699 -10.815462978563067 -0.20456486993729406 54.47079287402601 3.0990518000614897
