Car 0 1 0 368.5678651745184 424.1369455883964 401.8312595241133 453.4370619433504 1.5411400581933 1.6093539231132 4.018914956959 -14.234626219876867 -0.6119860058898341 64.56722904753971 1.4573053831644036
Cyclist 0 0 0 822.5312033407307 424.2975069779549 835.2998108402921 454.9825977787353 1.4193767555465 0.56933030011995 1.8080374158797 9.724429234852758 -0.3964746130874869 53.91871693129199 -1.3364071681785565
Pedestrian 0 1 0 164.14085832861076 424.8777194433536 181.57907018892547 459.6543735471543 1.6411764705882 0.62295270924171 0.59808666790904 -21.935894152386762 -0.12936038401238537 52.59486673880964 3.0605060492572895
Car 0 0 0 422.4281304839553 424.1739903095137 454.2986990755926 453.04253770005687 1.5178045646331 1.536788599107 4.2588223655948 -11.187083777617397 -0.6430319325478545 65.02707283815461 1.5038210154915035
Pedestrian 0 1 0 30.09429568299322 444.0963860355071 112.5120112175456 622.9904091112066 1.7460000023218 0.65965202221808 0.49963492823799 -5.595192405483559 1.5792249721147225 11.123089477315938 -0.06666982164199653
Pedestrian 0 1 0 1.7011702686704666 442.8123808698198 110.13372437196062 621.1719470199725 1.6357413548729 0.62702198590899 0.7063044779419 -5.410085707836088 1.4675691598364322 10.473434645711556 -0.07322456839409663
Pedestrian 0 0 0 -9.21348793021116 442.3914582372663 80.09174874495011 620.8621247435972 1.4897109513649 0.55244645658707 0.42904617460708 -5.064921386459392 1.3315506745441044 9.45918683566532 0.04448574262280336
Car 0 0 0 234.5371641264108 427.7798805148678 377.6012416325402 480.1112072351991 1.662432631327 1.7230292636431 4.7109542356939 -11.591840722968776 0.49950870204161313 39.699562862732314 -0.49135186109049656
Cyclist 0 0 0 999.2367435073526 428.1931548562293 1035.6967730575284 474.023025515998 1.7904239853924 0.63766527946498 1.8854071338806 16.006290539662373 0.41906822247510234 45.378786961724444 -1.6666371635712967
Pedestrian 0 0 0 636.7601919083888 423.5503865028494 650.9153603463109 457.5067009596341 1.7137221429946 0.61862173700453 0.6183841090799 0.7531470452657285 -0.2552405699238346 57.10502186741806 -0.12791842027599665
Car 0 1 0 487.1454444965069 426.6579026131736 514.5377622896334 455.2840065700335 1.4995148821083 1.5220836327961 4.1365561929874 -7.521761023273508 -0.5134356326873037 65.13060480295414 1.5038210154915035
Cyclist 0 1 0 105.58390180121114 420.5754700053932 155.64926272194418 456.28424842086014 1.5203215292783 1.1099049757978 2.1574480764391 -22.41840812928597 -0.31219041761354327 49.13269482962082 1.7174585314791901
Pedestrian 0 1 0 179.20953896065026 426.08644699608186 197.73096352167664 460.088167367638 1.6411764705882 0.61712306510531 0.68185338785307 -21.686285941729505 -0.11131597233975041 53.88067072134743 3.0605060492572895
Pedestrian 0 2 0 356.28316929786627 424.3233301279022 371.91769626204496 458.51633938159983 1.6582230762739 0.58854263862581 0.64012982351699 -13.074724314005318 -0.19021011430181584 54.50455537945241 3.0990518000614897
