Car 0 1 0 368.5678651745184 424.1369455883964 401.8312595241133 453.4370619433504 1.5411400581933 1.6093539231132 4.018914956959 -14.234626219876867 -0.6119860058898341 64.56722904753971 1.4573053831644036
Cyclist 0 0 0 845.2128473686711 422.9944121349981 858.9193113858576 452.375453741476 1.5720621795034 0.73898077118312 1.8080374158797 12.453024810878679 -0.5924239860271054 61.92498262595504 -1.3364071681785565
Pedestrian 0 1 0 126.3563063757082 423.6401003909091 146.04372540508484 458.0176568209006 1.6411764705882 0.71083646994198 0.72448846296536 -24.06451314546448 -0.21464875265987998 53.2919546178402 2.95152124473419
Car 0 0 0 422.4281304839553 424.1739903095137 454.2986990755926 453.04253770005687 1.5178045646331 1.536788599107 4.2588223655948 -11.187083777617397 -0.6430319325478545 65.02707283815461 1.5038210154915035
Pedestrian 0 2 0 300.5007275264603 441.9369477503128 367.75717603964216 607.6308806511386 1.5886493984954 0.63252849613346 0.6061959311345 -2.9046794345755425 1.4021212013133686 11.155190243312777 -0.25726023102899664
Pedestrian 0 0 0 257.5499289560571 447.3852821563144 382.5383709374108 627.1235037162096 1.6067108474704 0.54530166983284 1.0128994736797 -2.789609767184243 1.486188098212182 10.324518291797215 -0.04726663664639652
Car 0 0 0 496.0248417309498 427.3437519622216 591.1661098546798 469.0101935167464 1.6011782989334 2.0499318400025 4.0969109435271 -3.670980476516459 0.1531954475778366 48.468173646034145 -0.9557484859565866
Cyclist 0 0 0 880.0705111108978 426.755087492492 908.7692423089072 462.6575368043001 1.7305548685674 0.7204028465009 2.1891808729257 13.522697274260418 -0.04251823975975605 56.4607614840704 -1.6516592561759587
Pedestrian 0 0 0 689.9460808904022 423.5395519111349 704.4590639864622 459.0311465852861 1.7956549399618 0.61862173700453 0.6183841090799 3.501583832427026 -0.17845758154481017 57.203429555652235 -0.12791842027599665
Car 0 1 0 487.1454444965069 426.6579026131736 514.5377622896334 455.2840065700335 1.4995148821083 1.5220836327961 4.1365561929874 -7.521761023273508 -0.5134356326873037 65.13060480295414 1.5038210154915035
Cyclist 0 1 0 105.30393635098676 420.7021878069804 135.67539463542488 456.5696753533169 1.5203215292783 1.1099049757978 2.1574480764391 -22.87240896152066 -0.3061663421745944 49.087077554548465 1.2239391955289034
Pedestrian 0 2 0 323.9061961554865 424.5373221463087 339.87308856399125 458.6014858489556 1.6582230762739 0.58854263862581 0.64012982351699 -14.72101095078717 -0.1861092316821634 54.635300862074715 3.0990518000614897
Pedestrian 0 1 0 140.9363192011092 423.0329263418432 157.57401599476202 456.64258617156815 1.6411764705882 0.71083646994198 0.60874543546808 -23.928152753308535 -0.28592965253664354 54.46522767139608 2.95152124473419
Pedestrian 0 2 0 290.8182314333189 444.0009283539832 371.7795955217456 611.6248671436097 1.6962643809102 0.66940057299399 0.77899310958983 -3.0861860233575675 1.5226760249786104 11.790594957351454 -0.20411945729739656
