Car 0 1 0 369.376599009676 424.2304998631944 402.7165444929237 453.65576707182805 1.5411400581933 1.6093539231132 4.018914956959 -14.128918820297436 -0.5977199651840996 64.31631980481241 1.4573053831644036
Car 0 0 0 633.8040582031813 424.7950382375225 676.093679889894 458.5185078724313 1.6590417682556 1.6502609346108 4.1107209389287 1.4342570246899025 -0.31247503172961544 60.47154642380829 -1.3522692692940765
Cyclist 0 0 0 607.6751607446765 430.5853901940835 654.1579368468241 478.0352386899515 1.5685094279219 0.56933030011995 1.8521138674858 0.1036607004415035 0.4928907495854916 39.03256987740817 -0.8428290678262266
Pedestrian 0 1 0 210.0377784287682 424.6256445791849 226.48946641684097 458.91584419665344 1.6411764705882 0.62674029723885 0.59087663382354 -20.031846965711754 -0.16758269293337866 53.47160537161023 3.0605060492572895
Pedestrian 0 1 0 256.74125437071143 425.51904708445886 271.6415167160187 459.69574283702224 1.6411764705882 0.56930675170348 0.55914560916844 -17.826497669002954 -0.1289109966625844 53.70733422956727 3.0605060492572895
Pedestrian 0 0 0 244.33624195274564 425.92537985677257 259.92719315764754 460.47669263971216 1.6411764705882 0.56849947858901 0.57749048171101 -18.220135667005778 -0.09007114631173464 53.10665860516744 3.0605060492572895
Pedestrian 0 1 0 260.9212091507964 425.21236607433895 277.3420254954074 459.14225254904176 1.6411764705882 0.61712306510531 0.63281313827785 -17.742030926429585 -0.1589687862668737 54.19881818262038 3.0605060492572895
Car 0 1 0 487.1454444965069 426.6579026131736 514.5377622896334 455.2840065700335 1.4995148821083 1.5220836327961 4.1365561929874 -7.521761023273508 -0.5134356326873037 65.13060480295414 1.5038210154915035
Cyclist 0 1 0 123.51490441415604 420.5223598678964 172.24050016813908 462.7733788766847 1.8736381970431 1.3138204531365 2.2260324960485 -22.46465453541857 -0.03037321327165081 51.05932711917186 1.5955042863463902
Pedestrian 0 0 0 514.5200956807219 426.85223470727885 526.8634287054547 455.83288598893466 1.4646315721174 0.55415011413927 0.60643266134314 -5.589229548669357 -0.33725112203421687 57.16778488002898 -0.0810866043324967
Car 0 1 0 419.4630557905044 424.487834088088 451.6126359482346 453.34375507318 1.5085901903556 1.5344931835592 4.2459127997797 -11.300095352032079 -0.6231889293343473 64.72208518985515 1.5038210154915035
Pedestrian 0 2 0 431.5181006039432 423.6145959033314 445.2162523392658 457.7632965646645 1.6582230762739 0.58854263862581 0.59058020144238 -9.416826009940147 -0.22831290066544357 54.69794883964522 3.0990518000614897
