Car 0 1 0 368.1651485171712 424.24405020364617 401.584224720784 453.673561292611 1.5411400581933 1.6093539231132 4.018914956959 -14.195499739388563 -0.5966427464751114 64.30639565883834 1.4573053831644036
Cyclist 0 0 0 810.9133793348833 429.1703291547532 830.9429184367516 462.4681651724479 1.4930892470928 0.56933030011995 1.7490561810717 9.087094743992088 -0.03847036055375308 52.4704574333703 -1.1479495881768766
Pedestrian 0 1 0 183.23820324123625 426.3232040016804 199.06905359966825 460.5606730730111 1.6411764705882 0.56930675170348 0.55914560916844 -21.361961161487404 -0.08542846762828668 53.409332001130984 3.0605060492572895
Car 0 1 0 487.1454444965069 426.6579026131736 514.5377622896334 455.2840065700335 1.4995148821083 1.5220836327961 4.1365561929874 -7.521761023273508 -0.5134356326873037 65.13060480295414 1.5038210154915035
Car 0 0 0 422.3139014064238 424.2053502270463 454.22784175457633 453.1108017078979 1.5178045646331 1.536788599107 4.2588223655948 -11.179299339598245 -0.6385456024965163 64.95124818679918 1.5038210154915035
Car 0 0 0 135.13091359429575 427.3020574073727 288.4196607039549 480.8877314294378 1.6301945901337 1.8260014748937 4.8203018092682 -14.445557807560375 0.4980819610249524 38.078190912167784 -0.48530940837489656
Cyclist 0 0 0 1036.329635466428 430.5975219988163 1080.247103900735 477.0095032819225 1.6947843249263 0.63766527946498 2.0262823400793 16.69326653547071 0.4995138725555982 42.743057117456445 -1.7125845371088466
Pedestrian 0 1 0 191.1277797713168 425.8009807424608 209.37901008675607 459.5906876521885 1.6411764705882 0.61712306510531 0.68185338785307 -21.236856138526107 -0.1365983321065963 54.248287224777826 3.0605060492572895
Cyclist 0 1 0 107.1490667435861 420.378456426332 162.64094305451744 456.2816822735325 1.5203215292783 1.1099049757978 2.5187047594831 -22.289959511729343 -0.3231278893305485 49.29971382400928 1.7551089519323897
Pedestrian 0 0 0 622.3336950771703 424.1923770915538 635.4858229556801 455.0585865875992 1.560914316882 0.55415011413927 0.60643266134314 -0.014405592281115306 -0.37828493354916154 57.178159429419516 -0.0810866043324967
Pedestrian 0 2 0 363.4653469946116 424.26829831520695 379.0203606712521 458.4785420421015 1.6582230762739 0.58854263862581 0.64012982351699 -12.715574581907633 -0.1920987253667539 54.492622993034 3.0990518000614897
