Car 0 1 0 369.376599009676 424.2304998631944 402.7165444929237 453.65576707182805 1.5411400581933 1.6093539231132 4.018914956959 -14.128918820297436 -0.5977199651840996 64.31631980481241 1.4573053831644036
Car 0 0 0 621.7509807344729 425.6226807907203 675.2868629077423 461.0900666247229 1.6590417682556 1.6502609346108 4.7006566407001 1.0681247948009531 -0.19629812046397666 58.575848542500935 -1.2579379723506965
Cyclist 0 0 0 582.1824508125557 431.682343009365 629.5985842049895 478.2057111605876 1.4910288040503 0.56933030011995 1.8521138674858 -0.7513415830324981 0.48336671751926863 37.99938416344666 -0.8770797866243666
Pedestrian 0 1 0 219.68177455460017 424.5137585124074 235.9966875283737 458.7867773865441 1.6411764705882 0.62674029723885 0.59087663382354 -19.57399155224613 -0.17408723775047727 53.524775923312575 3.0605060492572895
Pedestrian 0 1 0 261.4310600005158 425.464753516486 276.27029551557627 459.63272036679183 1.6411764705882 0.56930675170348 0.55914560916844 -17.603062973015252 -0.13208523235140887 53.73328160444953 3.0605060492572895
Pedestrian 0 0 0 249.50446191755464 425.8653359827715 265.02734168658304 460.4070846111418 1.6411764705882 0.56849947858901 0.57749048171101 -17.976595546483363 -0.09353004813328711 53.13494087118072 3.0605060492572895
Cyclist 0 1 0 131.18181261886957 420.1839146138616 183.08648081390052 462.3236003589749 1.8736381970431 1.3138204531365 2.5454941901296 -22.214256370845696 -0.05964625235923142 51.517635440366305 1.6249417595161901
Pedestrian 0 1 0 265.09472472618154 425.11432006705616 281.4266247097761 458.9710316187685 1.6411764705882 0.61712306510531 0.63281313827785 -17.575873935282196 -0.16774909019096337 54.32526862418243 3.0605060492572895
Car 0 1 0 487.1454444965069 426.6579026131736 514.5377622896334 455.2840065700335 1.4995148821083 1.5220836327961 4.1365561929874 -7.521761023273508 -0.5134356326873037 65.13060480295414 1.5038210154915035
Pedestrian 0 0 0 507.8730650602305 425.2390568244842 519.4895866615987 454.2159948272854 1.4646315721174 0.55415011413927 0.57142075415603 -5.946303747355849 -0.41955814428367116 57.121157059832655 -0.0810866043324967
Car 0 1 0 419.4630557905044 424.487834088088 451.6126359482346 453.34375507318 1.5085901903556 1.5344931835592 4.2459127997797 -11.300095352032079 -0.6231889293343473 64.72208518985515 1.5038210154915035
Pedestrian 0 2 0 438.816859070336 423.54227634127886 452.420883485646 457.6809261535523 1.6582230762739 0.58854263862581 0.59058020144238 -9.06115435098045 -0.2325379891923302 54.7254361317903 3.0990518000614897
