Car 0 1 0 368.5678651745184 424.1369455883964 401.8312595241133 453.4370619433504 1.5411400581933 1.6093539231132 4.018914956959 -14.234626219876867 -0.6119860058898341 64.56722904753971 1.4573053831644036
Cyclist 0 0 0 837.4574938842893 427.6347648580431 850.9592341846443 456.41660357373615 1.4193767555465 0.67112058275785 1.8080374158797 11.182200947844585 -0.34732201709968985 57.6026990282556 -1.3364071681785565
Car 0 1 0 487.1454444965069 426.6579026131736 514.5377622896334 455.2840065700335 1.4995148821083 1.5220836327961 4.1365561929874 -7.521761023273508 -0.5134356326873037 65.13060480295414 1.5038210154915035
Pedestrian 0 1 0 140.00823195050322 438.5219523356502 228.9886310850496 615.707976219547 1.6938975805546 0.67944964901972 0.62492074247808 -4.355026479066321 1.4741242409110258 10.983651182357322 -0.06666982164199653
Pedestrian 0 1 0 125.62819583616596 442.5871254173243 201.57329915240476 623.0797851173036 1.659885578784 0.48009390060158 0.50875818583628 -4.337877890697573 1.4867762466735233 10.426841830165662 -0.07322456839409663
Pedestrian 0 0 0 103.30719461146066 443.5070758657499 210.89083938352508 629.777029822774 1.5735681927028 0.56440698476509 0.66675961958182 -4.057811717720018 1.424010940849712 9.642893130251153 0.04448574262280336
Car 0 0 0 361.86833833759977 426.48818672694665 485.35755241671393 475.2577195430342 1.662432631327 1.7951098115185 4.457570473452 -7.906366515501161 0.3525854752040253 42.961706550776654 -0.7262375738606266
Cyclist 0 0 0 941.115773115752 427.7063700746769 972.2114944659766 466.7265424459231 1.670649734841 0.63766527946498 2.1891808729257 14.900911181976383 0.13576278489455995 50.241275111956014 -1.6044151535774216
Pedestrian 0 0 0 659.8299357733703 423.6963734597269 674.1115536217595 459.13744299958233 1.7956549399618 0.61862173700453 0.6183841090799 1.9481676120611833 -0.1727641072854904 57.296355798052296 -0.12791842027599665
Car 0 0 0 422.4281304839553 424.1739903095137 454.2986990755926 453.04253770005687 1.5178045646331 1.536788599107 4.2588223655948 -11.187083777617397 -0.6430319325478545 65.02707283815461 1.5038210154915035
Cyclist 0 1 0 105.58390180121114 420.5754700053932 155.64926272194418 456.28424842086014 1.5203215292783 1.1099049757978 2.1574480764391 -22.41840812928597 -0.31219041761354327 49.13269482962082 1.7174585314791901
Pedestrian 0 1 0 150.07657267455642 426.5840721216789 168.25810385746746 460.8866237129981 1.6411764705882 0.68090812428387 0.62053282447003 -22.955430524440292 -0.07271475337453567 53.389927472184 3.0605060492572895
Pedestrian 0 2 0 343.8655802791824 424.4516183197278 359.6563618502569 458.6571665304498 1.6582230762739 0.58854263862581 0.64012982351699 -13.67921823060675 -0.18302922529010435 54.457838412940944 3.0990518000614897
