Car 0 0 0 637.3440384648432 423.3122366750329 666.8639898876555 450.5495757757071 1.6142630511829 1.8671434176389 4.2697281204251 1.4921167987245747 -0.8650173203495208 72.78051211965136 -1.5095656586330586
Car 0 1 0 369.376599009676 424.2304998631944 402.7165444929237 453.65576707182805 1.5411400581933 1.6093539231132 4.018914956959 -14.128918820297436 -0.5977199651840996 64.31631980481241 1.4573053831644036
Car 0 0 0 539.6858936849153 426.8484266528358 628.0793698178867 468.5759958244928 1.6590417682556 1.7854587373872 4.7006566407001 -1.981213082451303 0.13166350066217664 50.48064246175295 -1.0214264431279965
Cyclist 0 0 0 428.8814280529426 432.60936567812735 483.9717727261757 485.5386062994203 1.4854614277686 0.56933030011995 1.5533506599349 -5.083968246281978 0.6381336908299636 32.939823553947306 -0.7253532259361866
Pedestrian 0 1 0 250.0894070317927 424.0740501416165 265.9188216554099 458.1696009967672 1.6411764705882 0.62674029723885 0.59087663382354 -18.193950704597274 -0.20550380013457845 53.882179730650556 3.0605060492572895
Pedestrian 0 1 0 292.96879210449964 424.84730130909327 309.8636322079934 458.870514327337 1.6411764705882 0.73330871618475 0.65620160155939 -16.152190532093652 -0.17628556780693935 54.29549306424389 3.0605060492572895
Pedestrian 0 0 0 282.0634835486656 425.3790550308871 298.2055892738471 459.9845982046662 1.6411764705882 0.78231920689815 0.58951659922784 -16.442199503607206 -0.12090935965791347 53.40628121098868 3.0605060492572895
Cyclist 0 1 0 166.3567921718971 421.6099462374582 229.2176106327801 462.9835263664701 1.8736381970431 1.2802285683721 2.6065629775526 -20.77567441199947 -0.03620679702733638 52.824713138199826 2.12891488542809
Car 0 1 0 419.4630557905044 424.487834088088 451.6126359482346 453.34375507318 1.5085901903556 1.5344931835592 4.2459127997797 -11.300095352032079 -0.6231889293343473 64.72208518985515 1.5038210154915035
Car 0 1 0 487.1454444965069 426.6579026131736 514.5377622896334 455.2840065700335 1.4995148821083 1.5220836327961 4.1365561929874 -7.521761023273508 -0.5134356326873037 65.13060480295414 1.5038210154915035
Cyclist 0 0 0 827.3589877410166 425.8876754111188 846.2606742295138 451.4594236719088 1.5055290026205 0.685464373228 1.8044566773315 12.803852721586004 -0.7067436955003413 68.47852370267549 -1.6272917627909036
Pedestrian 0 2 0 467.5026075383471 425.0362699454623 482.3375987455736 460.6100788407178 1.7306212232884 0.66023649298757 0.66623661468891 -7.640325711343241 -0.09172139146381952 54.97023547911553 3.0990518000614897
