Car 0 1 0 368.5678651745184 424.1369455883964 401.8312595241133 453.4370619433504 1.5411400581933 1.6093539231132 4.018914956959 -14.234626219876867 -0.6119860058898341 64.56722904753971 1.4573053831644036
Cyclist 0 0 0 825.954601470722 426.2797783281278 838.4633476659337 456.6261894448384 1.4193767555465 0.56933030011995 1.8080374158797 10.01205330406757 -0.32137172703229644 54.6161385106638 -1.3364071681785565
Pedestrian 0 1 0 162.88969719897676 424.8923018214134 180.34610645143172 459.6711294160218 1.6411764705882 0.62295270924171 0.59808666790904 -21.994343779637948 -0.12853001658891983 52.58807900880501 3.0605060492572895
Car 0 0 0 422.4281304839553 424.1739903095137 454.2986990755926 453.04253770005687 1.5178045646331 1.536788599107 4.2588223655948 -11.187083777617397 -0.6430319325478545 65.02707283815461 1.5038210154915035
Pedestrian 0 1 0 34.162510224266725 438.9548403976653 132.60350186253237 623.4478539409754 1.7981725001651 0.65965202221808 0.66520552036915 -5.457399450604763 1.5790467555855394 11.109391689105799 -0.06666982164199653
Pedestrian 0 1 0 14.2649197745759 443.1310100941107 129.70261884836606 620.9093488453531 1.6357413548729 0.48009390060158 0.83338686723688 -5.226111651596856 1.4694625121612996 10.419571893896329 -0.07322456839409663
Pedestrian 0 0 0 -0.8098067190270513 444.6788558459255 113.50161608827358 628.1140585243519 1.5431280931476 0.56440698476509 0.66675961958182 -4.925607042762249 1.4049240313040725 9.557469194480692 0.04448574262280336
Car 0 0 0 250.294452369047 427.2199026842844 392.9282713832164 479.3680285894823 1.662432631327 1.7951098115185 4.7109542356939 -11.142321187511989 0.4675030163037268 40.17938968147121 -0.6030496369166266
Cyclist 0 0 0 991.660058873277 427.6047677206549 1026.2495113377945 472.8690797612817 1.7904239853924 0.63766527946498 2.0882244524276 15.912626477642933 0.3736039361236825 46.14897884626828 -1.5885079698915257
Pedestrian 0 0 0 639.5004391852655 423.5200067317618 653.6697325306492 457.46216648832143 1.7137221429946 0.61862173700453 0.6183841090799 0.8946234584778052 -0.25765461833729975 57.128197375100235 -0.12791842027599665
Car 0 1 0 487.1454444965069 426.6579026131736 514.5377622896334 455.2840065700335 1.4995148821083 1.5220836327961 4.1365561929874 -7.521761023273508 -0.5134356326873037 65.13060480295414 1.5038210154915035
Cyclist 0 1 0 105.58390180121114 420.5754700053932 155.64926272194418 456.28424842086014 1.5203215292783 1.1099049757978 2.1574480764391 -22.41840812928597 -0.31219041761354327 49.13269482962082 1.7174585314791901
Pedestrian 0 1 0 176.5629965743272 426.117439273798 195.12191601376944 460.1236916664891 1.6411764705882 0.61712306510531 0.68185338785307 -21.812926800773752 -0.10951684292227135 53.86596397300457 3.0605060492572895
Pedestrian 0 2 0 354.65972811396665 424.3400621557017 370.3147120627052 458.5347454550411 1.6582230762739 0.58854263862581 0.64012982351699 -13.153762460445428 -0.18927120632989608 54.4984470922735 3.0990518000614897
