Car 0 1 0 370.1974325932607 424.05386021839 403.27324898827953 453.267434424904 1.5411400581933 1.6093539231132 4.018914956959 -14.183432410317018 -0.622981005340635 64.74455581237181 1.4573053831644036
Car 0 0 0 422.45294241137685 425.5367383500986 454.3205991792109 454.4950840854231 1.5178045646331 1.536788599107 4.2588223655948 -11.186485674634538 -0.5605242022754489 65.03201598321078 1.5038210154915035
Pedestrian 0 2 0 660.2675564366159 444.35264302598256 737.0167085186329 597.5497058942591 1.6611238327919 0.51116975550245 0.77362453287473 0.8526047912464786 1.4746539695563214 12.55062129743392 -0.10262698607529663
Pedestrian 0 2 0 693.7670141587479 436.4646899982823 761.2155307770367 606.326157998084 1.7653820682908 0.55188795579232 0.64702579532619 1.126337731047076 1.5004297230444879 11.980880350996577 -0.02264201344119665
Pedestrian 0 0 0 727.5518742066276 441.318051122548 789.5096973819019 615.675567326087 1.6989042814817 0.47847820381757 0.53324440617114 1.3719465505896937 1.4996831721741901 11.208368251259838 -0.049953114432696566
Car 0 0 0 633.7443661171562 423.8858845849189 665.3451975938486 452.7524088313557 1.6777139793048 1.9203014337879 4.3636019047331 1.3179500364265442 -0.7156078414357488 71.44105431236349 -1.4957182276158396
Pedestrian 0 0 0 109.92112635159651 443.8908428550067 220.21262935604855 634.0813386771766 1.6411993088192 0.47252682151407 0.8239209563211 -4.092924845523681 1.4931145450629217 9.903189003885478 -0.21709706589919664
Car 0 0 0 486.3135389898539 427.1221411890001 513.7467525829043 454.8493785821012 1.4452840350895 1.5220836327961 4.191283620333 -7.573219949339097 -0.5397731123449274 65.16142120047485 1.5038210154915035
Cyclist 0 1 0 806.3362165807955 423.0063979166496 823.0726987835388 445.0747189849707 1.4247999016384 0.72795720752672 1.7150266084845 12.483766386113333 -1.1906583049527049 74.819056856488 -1.6126146411651117
Pedestrian 0 0 0 771.8526076160805 423.04414811220346 787.5402652127339 460.4704408961255 1.9029674294897 0.60789048805176 0.79042019395993 7.754633641460614 -0.10157835176894406 57.20005564841334 0.14830140077680332
Cyclist 0 1 0 105.30393635098676 420.7021878069804 135.67539463542488 456.5696753533169 1.5203215292783 1.1099049757978 2.1574480764391 -22.87240896152066 -0.3061663421745944 49.087077554548465 1.2239391955289034
Pedestrian 0 2 0 271.1353240730104 428.0344167959423 287.6538760580949 457.564601151926 1.4302948157496 0.58854263862581 0.64012982351699 -17.29315124287122 -0.23595408718414113 54.39701579152008 3.0990518000614897
