Car 0 1 0 369.376599009676 424.2304998631944 402.7165444929237 453.65576707182805 1.5411400581933 1.6093539231132 4.018914956959 -14.128918820297436 -0.5977199651840996 64.31631980481241 1.4573053831644036
Car 0 0 0 643.2247639615813 426.5203424643474 671.1795413550169 449.1281360798383 1.4931624130452 1.7899435026138 4.1107209389287 1.9956420843211817 -1.056996713818553 81.69312678565257 -1.5754544546849025
Cyclist 0 0 0 774.9668137518327 427.0367182607821 807.5104754508732 465.92156274883854 1.6289751790829 0.56933030011995 1.7490561810717 7.147289055111809 0.1121055633276695 48.80209046205958 -0.8258863443375066
Pedestrian 0 1 0 200.5234969436621 426.0099268769206 216.06191953566756 460.0731120531496 1.6411764705882 0.56930675170348 0.55914560916844 -20.629132219638564 -0.10986511326242585 53.72854213406881 3.0605060492572895
Pedestrian 0 0 0 184.51059974188743 426.7694368673432 200.98246616055576 461.6164955551832 1.6411764705882 0.56849947858901 0.57749048171101 -20.916927451471114 -0.034048398716818765 52.49777060901053 3.0605060492572895
Car 0 1 0 487.1454444965069 426.6579026131736 514.5377622896334 455.2840065700335 1.4995148821083 1.5220836327961 4.1365561929874 -7.521761023273508 -0.5134356326873037 65.13060480295414 1.5038210154915035
Car 0 0 0 422.3139014064238 424.2053502270463 454.22784175457633 453.1108017078979 1.5178045646331 1.536788599107 4.2588223655948 -11.179299339598245 -0.6385456024965163 64.95124818679918 1.5038210154915035
Car 0 0 0 -93.8826394183493 429.666375453406 74.4751751584522 482.29976769841534 1.4935101231657 1.7230292636431 4.5742697687259 -20.46813651924408 0.5197135121100602 35.00210460955669 -0.36855658103209654
Cyclist 0 0 0 1149.6273335937651 428.9462463711228 1207.283099815981 489.47961522805934 1.8892929096251 0.63766527946498 1.8434694668978 18.1504353872713 0.8192792952603849 36.096626139229095 -1.8027430823748865
Pedestrian 0 1 0 204.062690869091 425.4375041433948 220.791680331917 458.8939653705636 1.6411764705882 0.61712306510531 0.62300508836281 -20.827927176415685 -0.17215109751821708 54.79223079361118 3.0605060492572895
Cyclist 0 1 0 105.19395288964084 422.1623180244078 160.74923995969078 458.13282801368666 1.5203215292783 1.1099049757978 2.5187047594831 -22.388199232243963 -0.24167859555615095 49.31947231203893 1.7551089519323897
Pedestrian 0 0 0 592.250393312904 424.496899695156 605.2306032504372 455.4589255614666 1.560914316882 0.55415011413927 0.60643266134314 -1.5616921365984167 -0.35630333329631964 56.998473710340285 -0.0810866043324967
Pedestrian 0 1 0 153.83580674500723 421.2622422036864 170.92422485548815 455.2820247354575 1.6411764705882 0.62674029723885 0.59087663382354 -22.914365725660364 -0.3451458468726897 53.66800764369714 3.0605060492572895
Pedestrian 0 2 0 381.4402202355662 424.13168858664073 396.79488140230666 458.3841736550023 1.6582230762739 0.58854263862581 0.64012982351699 -11.818703753577774 -0.19680833225425032 54.462714473578146 3.0990518000614897
