Car 0 1 0 369.376599009676 424.2304998631944 402.7165444929237 453.65576707182805 1.5411400581933 1.6093539231132 4.018914956959 -14.128918820297436 -0.5977199651840996 64.31631980481241 1.4573053831644036
Car 0 0 0 648.8344237793985 426.7559851168704 678.8542107231971 452.4966794323935 1.4931624130452 1.6701677978746 4.1107209389287 2.1953238348703006 -0.7316308771839275 71.99235403215006 -1.5718492802420039
Cyclist 0 0 0 729.0863117783441 426.1370537785251 763.8394458871023 468.1152024061466 1.6297617790859 0.56933030011995 1.7082212802957 4.80808466111774 0.188717499361568 45.264602238444084 -0.8548282198411365
Pedestrian 0 1 0 219.64025940125777 425.9235348266375 235.00878949508865 460.1321205751686 1.6411764705882 0.56930675170348 0.55914560916844 -19.61179254049253 -0.10695859802302907 53.55693408417623 3.0605060492572895
Pedestrian 0 0 0 205.3364423893226 426.3805363605701 221.4428899902354 461.0021785369543 1.6411764705882 0.56849947858901 0.57749048171101 -20.054825143185067 -0.06401231554159527 52.89359656659219 3.0605060492572895
Car 0 0 0 422.3139014064238 424.2053502270463 454.22784175457633 453.1108017078979 1.5178045646331 1.536788599107 4.2588223655948 -11.179299339598245 -0.6385456024965163 64.95124818679918 1.5038210154915035
Cyclist 1 2 0 1489.230203494199 436.8588762214706 1602.9081660160855 507.0110404965844 1.4399998942057 0.63766527946498 1.7422708456066 20.463911357707733 0.9041404464249692 24.34890007678077 -1.8027430823748865
Car 0 1 0 487.1454444965069 426.6579026131736 514.5377622896334 455.2840065700335 1.4995148821083 1.5220836327961 4.1365561929874 -7.521761023273508 -0.5134356326873037 65.13060480295414 1.5038210154915035
Pedestrian 0 1 0 221.395461921894 425.7039302885552 238.18462661517677 459.7437424945743 1.6411764705882 0.61712306510531 0.62300508836281 -19.619445231048292 -0.1283587890107741 53.91505742804591 3.0605060492572895
Cyclist 0 1 0 106.7196565806745 419.5730373869307 162.50189326910174 457.3394093286429 1.627297708771 1.1585305119309 2.5187047594831 -22.609038976936954 -0.27939051264838044 49.975654739965194 1.7551089519323897
Pedestrian 0 0 0 565.0315278594313 424.58862094964206 577.765614676299 455.4264527576034 1.560914316882 0.55415011413927 0.60643266134314 -2.9766562967081516 -0.3588971840837371 57.212974125042685 -0.0810866043324967
Pedestrian 0 1 0 180.32182698429807 420.9915565805599 197.05845102094597 455.0204428236802 1.6411764705882 0.62674029723885 0.59087663382354 -21.614952782839765 -0.3582910932054201 53.73019479183898 3.0605060492572895
Pedestrian 0 2 0 398.5327899865703 423.9914857575408 413.6882815894154 458.2673653513221 1.6582230762739 0.58854263862581 0.64012982351699 -10.97353927136906 -0.20268705399431447 54.45857629967524 3.0990518000614897
