Car 0 1 0 368.1651485171712 424.24405020364617 401.584224720784 453.673561292611 1.5411400581933 1.6093539231132 4.018914956959 -14.195499739388563 -0.5966427464751114 64.30639565883834 1.4573053831644036
Cyclist 0 0 0 796.7341528020163 427.3099829887866 827.8092368832137 461.21952420876215 1.4930892470928 0.56933030011995 1.7490561810717 8.495161873639786 -0.09318024515577406 51.366342070947475 -0.8038441271944566
Pedestrian 0 1 0 183.23820324123625 426.3232040016804 199.06905359966825 460.5606730730111 1.6411764705882 0.56930675170348 0.55914560916844 -21.361961161487404 -0.08542846762828668 53.409332001130984 3.0605060492572895
Car 0 1 0 487.1454444965069 426.6579026131736 514.5377622896334 455.2840065700335 1.4995148821083 1.5220836327961 4.1365561929874 -7.521761023273508 -0.5134356326873037 65.13060480295414 1.5038210154915035
Car 0 0 0 422.3139014064238 424.2053502270463 454.22784175457633 453.1108017078979 1.5178045646331 1.536788599107 4.2588223655948 -11.179299339598245 -0.6385456024965163 64.95124818679918 1.5038210154915035
Car 0 0 0 74.27287174246408 425.5360043581624 230.61526095282227 479.7704726027218 1.6301945901337 1.7230292636431 4.8203018092682 -16.020430815492116 0.4631396293657062 36.95792273093824 -0.36855658103209654
Cyclist 0 0 0 1071.7603268438872 432.4272370806285 1119.799743252299 481.5040350866568 1.6947843249263 0.63766527946498 2.0262823400793 17.22215151204394 0.6312896216671579 40.47955296951622 -1.7125845371088466
Pedestrian 0 0 0 169.67175454748326 426.9438782272262 186.34357168993276 461.8167646890082 1.6411764705882 0.56849947858901 0.57749048171101 -21.608581373941504 -0.024222384205917505 52.417449137290674 3.0605060492572895
Pedestrian 0 1 0 191.1277797713168 425.8009807424608 209.37901008675607 459.5906876521885 1.6411764705882 0.61712306510531 0.68185338785307 -21.236856138526107 -0.1365983321065963 54.248287224777826 3.0605060492572895
Cyclist 0 1 0 106.4157862806843 420.3829677592461 161.93261153479614 456.28082853116655 1.5203215292783 1.1099049757978 2.5187047594831 -22.325898207975673 -0.3231912877913514 49.30512048218973 1.7551089519323897
Pedestrian 0 0 0 613.3449472309001 424.28280345267984 626.4464258646402 455.1781076222374 1.560914316882 0.55415011413927 0.60643266134314 -0.4776650366874644 -0.3717036161081679 57.124361309934336 -0.0810866043324967
Pedestrian 0 2 0 372.6965520973912 424.22091950575935 388.1623526559853 458.4832231029864 1.6582230762739 0.58854263862581 0.64012982351699 -12.24353379128008 -0.1917617018980486 54.429882429946964 3.0990518000614897
