Car 0 1 0 368.5678651745184 424.1369455883964 401.8312595241133 453.4370619433504 1.5411400581933 1.6093539231132 4.018914956959 -14.234626219876867 -0.6119860058898341 64.56722904753971 1.4573053831644036
Cyclist 0 0 0 842.0388615428401 425.6038910360367 859.3883184824139 453.6096531340035 1.5720621795034 0.73898077118312 1.8080374158797 13.00472632045347 -0.5491524200617688 65.13422282311674 -1.4898991295886275
Car 0 0 0 422.45294241137685 425.5367383500986 454.3205991792109 454.4950840854231 1.5178045646331 1.536788599107 4.2588223655948 -11.186485674634538 -0.5605242022754489 65.03201598321078 1.5038210154915035
Pedestrian 0 2 0 375.3689035405896 440.6355412626867 475.0405038387428 608.3281576520989 1.6837047998157 0.60398824214658 0.94440378559244 -2.0901485441225764 1.475207403584879 11.762153609523176 -0.2747622031144965
Pedestrian 0 2 0 417.8468670984035 442.0211781679483 481.4250528122904 617.3279626978375 1.7120701394778 0.50020127044689 0.54901293829816 -1.7489915361363437 1.5214489315867632 11.280804357516583 -0.25726023102899664
Pedestrian 0 0 0 394.2828721037226 444.2856390586422 483.940676002522 622.1699871169136 1.643835113691 0.53940651778532 0.77898006439682 -1.7361309970767336 1.4868436201187365 10.682282059231307 -0.04726663664639652
Car 0 0 0 557.7468205379586 424.694524595911 640.8974273978903 465.8727890055927 1.7286896432457 1.9396740416941 4.8755845024675 -1.3479343699485158 0.01624644885797541 52.99283074418612 -1.0904432953277965
Cyclist 0 0 0 853.1039250456814 424.58456179425536 874.2695192399749 457.750041657178 1.7305548685674 0.77211382589835 2.1891808729257 12.877820185713437 -0.3035429381072305 60.89563559270073 -1.5024498505282375
Pedestrian 0 0 0 711.1472375831484 423.4777485703638 727.4835827708359 459.0994641329305 1.7956549399618 0.61862173700453 0.70423410070221 4.6259323319894925 -0.17552895883534458 57.01850481662808 -0.12791842027599665
Car 0 1 0 487.1454444965069 426.6579026131736 514.5377622896334 455.2840065700335 1.4995148821083 1.5220836327961 4.1365561929874 -7.521761023273508 -0.5134356326873037 65.13060480295414 1.5038210154915035
Cyclist 0 1 0 105.30393635098676 420.7021878069804 135.67539463542488 456.5696753533169 1.5203215292783 1.1099049757978 2.1574480764391 -22.87240896152066 -0.3061663421745944 49.087077554548465 1.2239391955289034
Pedestrian 0 2 0 311.98182678678194 424.6621428886506 328.0969952767581 458.7368616093209 1.6582230762739 0.58854263862581 0.64012982351699 -15.303917281957645 -0.1791847853751588 54.59025224404062 3.0990518000614897
