Car 0 1 0 369.376599009676 424.2304998631944 402.7165444929237 453.65576707182805 1.5411400581933 1.6093539231132 4.018914956959 -14.128918820297436 -0.5977199651840996 64.31631980481241 1.4573053831644036
Car 0 0 0 630.6528363702926 425.24082319599546 673.7532009233423 459.5193879769092 1.6590417682556 1.6502609346108 4.1107209389287 1.2685164820515977 -0.25785302390639275 59.579497770960174 -1.3522692692940765
Cyclist 0 0 0 600.7283380794692 430.8623588567288 648.2616905716511 478.6329598511738 1.5685094279219 0.56933030011995 1.8521138674858 -0.12034549962005917 0.5100527628119683 38.773217207843544 -0.8242977261599266
Pedestrian 0 1 0 258.159675664366 425.5026193017996 273.0414784692024 459.6766809888353 1.6411764705882 0.56930675170348 0.55914560916844 -17.758928645685074 -0.12987091922216817 53.715180991103864 3.0605060492572895
Pedestrian 0 0 0 248.26427194054912 425.8797227704289 263.8034830161098 460.4237722028925 1.6411764705882 0.56849947858901 0.57749048171101 -18.035045180711343 -0.09270064315266992 53.1281530835149 3.0605060492572895
Cyclist 0 1 0 123.14934006971066 420.370989062244 175.7075705556074 462.7518472832097 1.8736381970431 1.3138204531365 2.5454941901296 -22.455128235730182 -0.039981352070080065 51.218546972027184 1.6249417595161901
Pedestrian 0 1 0 260.8755576416404 425.16757324813983 277.2687174857297 459.0381793380711 1.6411764705882 0.61712306510531 0.63281313827785 -17.775796484809383 -0.1643183336289634 54.29219469178435 3.0605060492572895
Car 0 1 0 487.1454444965069 426.6579026131736 514.5377622896334 455.2840065700335 1.4995148821083 1.5220836327961 4.1365561929874 -7.521761023273508 -0.5134356326873037 65.13060480295414 1.5038210154915035
Pedestrian 0 1 0 211.8850623206938 424.6041987411954 228.31052780885204 458.8911201678752 1.6411764705882 0.62674029723885 0.59087663382354 -19.944172524835995 -0.16882824406859784 53.48178696661764 3.0605060492572895
Pedestrian 0 0 0 514.5200956807219 426.85223470727885 526.8634287054547 455.83288598893466 1.4646315721174 0.55415011413927 0.60643266134314 -5.589229548669357 -0.33725112203421687 57.16778488002898 -0.0810866043324967
Car 0 1 0 419.4630557905044 424.487834088088 451.6126359482346 453.34375507318 1.5085901903556 1.5344931835592 4.2459127997797 -11.300095352032079 -0.6231889293343473 64.72208518985515 1.5038210154915035
Pedestrian 0 2 0 434.1540398959848 423.5884441770597 447.81822343492695 457.73354391469206 1.6582230762739 0.58854263862581 0.59058020144238 -9.288389021982447 -0.22983862707792263 54.70787480625303 3.0990518000614897
