Car 0 0 0 638.6822365525234 425.6951200498794 666.4903996081144 451.4860117216613 1.6142630511829 1.8671434176389 4.2697281204251 1.6072312725127034 -0.8467132014782827 77.12577879069742 -1.5095656586330586
Car 0 1 0 369.376599009676 424.2304998631944 402.7165444929237 453.65576707182805 1.5411400581933 1.6093539231132 4.018914956959 -14.128918820297436 -0.5977199651840996 64.31631980481241 1.4573053831644036
Car 0 0 0 572.9012907904163 425.3591269868216 647.4489830410906 464.936855037977 1.6590417682556 1.8494806216108 4.7006566407001 -0.8333553180472257 -0.01987162823631318 52.87340299975554 -1.1544883840161364
Cyclist 0 0 0 485.3130308280527 430.5016663069956 535.7820675851735 480.8647737886771 1.4854614277686 0.56933030011995 1.5533506599349 -3.6516352953231306 0.5278267890460254 34.607683954283075 -0.7834909387017466
Pedestrian 0 1 0 240.38195293346385 424.2743028396728 256.4041476074775 458.5098306761533 1.6411764705882 0.62674029723885 0.59087663382354 -18.59008949352082 -0.1880650893786969 53.639036045055526 3.0605060492572895
Pedestrian 0 1 0 281.1322951076543 425.23453972352274 295.9283728231778 459.34897882012166 1.6411764705882 0.55276791822575 0.57273563001631 -16.66122986323211 -0.14601264174557302 53.85178997187261 3.0605060492572895
Pedestrian 0 0 0 270.7880182447115 425.6546993759276 286.5447167569202 460.280597012994 1.6411764705882 0.62539040825744 0.58951659922784 -16.924812671425673 -0.10161912501828149 53.14269624324242 3.0605060492572895
Cyclist 0 1 0 151.63614077778334 421.7858739011488 209.61066615580177 462.9563495170638 1.8736381970431 1.3138204531365 2.5454941901296 -21.63130984449239 -0.03170783937365125 52.85314844604868 1.879851468138689
Car 0 1 0 419.4630557905044 424.487834088088 451.6126359482346 453.34375507318 1.5085901903556 1.5344931835592 4.2459127997797 -11.300095352032079 -0.6231889293343473 64.72208518985515 1.5038210154915035
Pedestrian 0 1 0 287.0123206466023 424.88354636667583 303.7000701197028 458.6692995116027 1.6411764705882 0.5484667157 0.67733705117654 -16.495835667024103 -0.18147474412715345 54.4236870949134 3.0605060492572895
Car 0 1 0 487.1454444965069 426.6579026131736 514.5377622896334 455.2840065700335 1.4995148821083 1.5220836327961 4.1365561929874 -7.521761023273508 -0.5134356326873037 65.13060480295414 1.5038210154915035
Cyclist 0 0 0 806.8586345334634 423.83080338206577 823.9384097646472 447.5566890218856 1.5055290026205 0.685464373228 1.8044566773315 12.33056052831884 -1.0113017312466903 73.61926543307445 -1.6272917627909036
Pedestrian 0 2 0 459.8101638419647 425.1642600810071 473.1433375898187 460.6977042943655 1.7306212232884 0.58854263862581 0.59058020144238 -8.051296134186837 -0.08468911709098115 54.90258350856488 3.0990518000614897
Pedestrian 0 0 0 482.549527878453 421.94933472321406 496.2930841214424 454.3567615872119 1.6411764705882 0.63292690531029 0.67612047083904 -7.205327694464732 -0.41547892923683 57.20540699925359 -0.0810866043324967
