Car 0 1 0 369.376599009676 424.2304998631944 402.7165444929237 453.65576707182805 1.5411400581933 1.6093539231132 4.018914956959 -14.128918820297436 -0.5977199651840996 64.31631980481241 1.4573053831644036
Car 0 0 0 645.4767821836119 425.6234420520372 675.3810489438127 449.8354946070835 1.4931624130452 1.7899435026138 4.1107209389287 2.087205880738198 -0.9465508390223111 76.26060681884462 -1.5718492802420039
Cyclist 0 0 0 752.3632253578846 424.87233419529554 786.1113240494601 465.2202665094293 1.6297617790859 0.56933030011995 1.7082212802957 5.950180970901495 0.07788796211935789 46.976303713804775 -0.8258863443375066
Pedestrian 0 1 0 210.41764898983888 426.0312893913734 225.906846127386 460.2561375496571 1.6411764705882 0.56930675170348 0.55914560916844 -20.05016474487546 -0.10073084234713567 53.50602610914306 3.0605060492572895
Pedestrian 0 0 0 196.06721630097397 426.5371945240788 212.32585498042943 461.2378630631499 1.6411764705882 0.56849947858901 0.57749048171101 -20.45259743075553 -0.052455871466764906 52.74883331294477 3.0605060492572895
Car 0 1 0 487.1454444965069 426.6579026131736 514.5377622896334 455.2840065700335 1.4995148821083 1.5220836327961 4.1365561929874 -7.521761023273508 -0.5134356326873037 65.13060480295414 1.5038210154915035
Car 0 0 0 422.3139014064238 424.2053502270463 454.22784175457633 453.1108017078979 1.5178045646331 1.536788599107 4.2588223655948 -11.179299339598245 -0.6385456024965163 64.95124818679918 1.5038210154915035
Cyclist 0 0 0 1238.6817858024033 436.2829195725578 1305.3299640329865 494.6567696785515 1.6096783224973 0.63766527946498 1.7422708456066 19.001666401372738 0.876003309079795 32.16298685262254 -1.8027430823748865
Pedestrian 0 1 0 213.36517793328653 425.67796640558856 230.18981441073169 459.5753427170866 1.6411764705882 0.61712306510531 0.62300508836281 -20.09713430826035 -0.1369267062516518 54.115865938075274 3.0605060492572895
Cyclist 0 1 0 106.31176764534985 419.5879239464117 162.14351567778624 457.3772275068971 1.627297708771 1.1585305119309 2.5187047594831 -22.613512569003873 -0.2775778024469773 49.94593950605233 1.7551089519323897
Pedestrian 0 0 0 576.8404916294438 424.5732196211959 589.6930059971887 455.4927756567309 1.560914316882 0.55415011413927 0.60643266134314 -2.358883514198577 -0.3547981301482405 57.069807204429054 -0.0810866043324967
Pedestrian 0 1 0 165.09436360280728 421.1663351357036 182.0481391271947 455.2212773144519 1.6411764705882 0.62674029723885 0.59087663382354 -22.341153609594514 -0.3479742864473806 53.645861403022856 3.0605060492572895
Pedestrian 0 2 0 390.791597002873 424.0366738277442 406.027064237496 458.2782952831871 1.6582230762739 0.58854263862581 0.64012982351699 -11.364234411254618 -0.20220705309629045 54.49783712487786 3.0990518000614897
