Car 0 0 0 638.1720374858728 422.3460826802616 666.6147512779696 448.53595574466567 1.6142630511829 1.8671434176389 4.2697281204251 1.5619701705824813 -1.0256990109725723 75.45404932421759 -1.5095656586330586
Car 0 1 0 369.376599009676 424.2304998631944 402.7165444929237 453.65576707182805 1.5411400581933 1.6093539231132 4.018914956959 -14.128918820297436 -0.5977199651840996 64.31631980481241 1.4573053831644036
Car 0 0 0 559.3606318213056 425.9422540491362 644.3041145785106 466.4262568083205 1.6590417682556 1.7854587373872 4.7006566407001 -1.2038319600569642 0.043840795328891985 51.854010053919325 -1.0214264431279965
Cyclist 0 0 0 465.8392223618629 431.18652870157393 517.5283301989587 482.3941167502234 1.4854614277686 0.56933030011995 1.5533506599349 -4.171725976308967 0.5648281383332895 34.05301178340614 -0.7834909387017466
Pedestrian 0 1 0 284.2057066167274 425.14898332653183 300.04157602718846 459.27538699875953 1.6411764705882 0.60180816780098 0.61698236671412 -16.504369175613107 -0.15148910078399877 53.92421970706831 3.0605060492572895
Pedestrian 0 0 0 275.5458049198642 425.5998319822851 291.23476874754056 460.21650033712285 1.6411764705882 0.62539040825744 0.58951659922784 -16.700755766963784 -0.10480220014152727 53.168715874926285 3.0605060492572895
Cyclist 0 1 0 160.4769571839903 421.6896577678736 227.53697783004912 463.2593621240746 1.8736381970431 1.57135823633 2.6065629775526 -20.907835374169387 -0.026905031851243003 52.685445422515095 2.12891488542809
Car 0 1 0 419.4630557905044 424.487834088088 451.6126359482346 453.34375507318 1.5085901903556 1.5344931835592 4.2459127997797 -11.300095352032079 -0.6231889293343473 64.72208518985515 1.5038210154915035
Pedestrian 0 1 0 290.8332472659516 424.7936502734663 307.8697568313489 458.5231960598108 1.6411764705882 0.5484667157 0.69820006951722 -16.327637601919168 -0.18917918373096584 54.53193298017163 3.0605060492572895
Car 0 1 0 487.1454444965069 426.6579026131736 514.5377622896334 455.2840065700335 1.4995148821083 1.5220836327961 4.1365561929874 -7.521761023273508 -0.5134356326873037 65.13060480295414 1.5038210154915035
Pedestrian 0 1 0 246.5242672125167 424.2034578812497 262.4597762400222 458.4276810685645 1.6411764705882 0.62674029723885 0.59087663382354 -18.2978413572659 -0.19221692649601482 53.67297469507862 3.0605060492572895
Cyclist 0 0 0 818.1958400108408 424.9678924953843 836.2736280602218 449.7129114547824 1.5055290026205 0.685464373228 1.8044566773315 12.600543415652309 -0.8375708752958496 70.68680148131627 -1.6272917627909036
Pedestrian 0 2 0 461.59688660166745 425.0941243542002 476.51722331204087 460.677349788633 1.7306212232884 0.66023649298757 0.66623661468891 -7.929037064295255 -0.08829173662847745 54.947923065111276 3.0990518000614897
Pedestrian 0 0 0 475.7809565546584 422.0517777216661 489.6385626439154 454.5186215836396 1.6411764705882 0.63292690531029 0.67612047083904 -7.537849004629853 -0.4063759321652923 57.09369987405241 -0.0810866043324967
