Car 0 1 0 370.1974325932607 424.05386021839 403.27324898827953 453.267434424904 1.5411400581933 1.6093539231132 4.018914956959 -14.183432410317018 -0.622981005340635 64.74455581237181 1.4573053831644036
Car 0 0 0 422.45294241137685 425.5367383500986 454.3205991792109 454.4950840854231 1.5178045646331 1.536788599107 4.2588223655948 -11.186485674634538 -0.5605242022754489 65.03201598321078 1.5038210154915035
Pedestrian 0 2 0 577.1844933067232 445.3026225695254 666.8539599006676 598.9094527781394 1.622341872771 0.50337323079454 0.86505580214418 -0.005945964804066131 1.4532698779903694 12.362931833564572 -0.3111901102319965
Pedestrian 0 2 0 614.903563190401 437.0508031431336 700.6158711037044 607.0793008853368 1.7066204334989 0.6825795825964 0.76046210747529 0.37036474393593244 1.4577727672564997 11.764247327631194 -0.17015244200669666
Pedestrian 0 0 0 647.8384837579393 442.5094357143509 718.6344238944683 619.4274480867658 1.6888115533024 0.42801456292111 0.59603248487153 0.6096602349483881 1.5062403101366204 11.02238748338635 -0.2085278013724965
Car 0 0 0 632.2308714086536 426.9589108289976 663.8217618939234 453.6893780191358 1.3832499724859 1.6424175502511 4.3636019047331 1.1223164441070863 -0.6082280388328919 65.12730827795816 -1.4739616063644636
Pedestrian 0 0 0 759.2983183341985 423.24398425410953 772.8803556521768 460.8270342126406 1.9029674294897 0.60789048805176 0.68806703521885 7.025043232438859 -0.08278497408688548 56.974647245144375 0.14830140077680332
Pedestrian 0 0 0 11.134376697921423 444.5619207525701 137.19006550379953 635.8809437004584 1.6424241519632 0.61081768057404 0.82564894345298 -4.906403640678867 1.5022632003527034 9.848913926300067 -0.0972101614841967
Car 0 0 0 486.3135389898539 427.1221411890001 513.7467525829043 454.8493785821012 1.4452840350895 1.5220836327961 4.191283620333 -7.573219949339097 -0.5397731123449274 65.16142120047485 1.5038210154915035
Cyclist 0 0 0 804.149010405866 422.4810660940318 823.6868173141789 446.1334064761129 1.4272339076376 0.75329804383552 1.9144368043567 11.680337198518234 -1.0594828638798592 70.28582968207449 -1.6349364742874015
Cyclist 0 1 0 105.30393635098676 420.7021878069804 135.67539463542488 456.5696753533169 1.5203215292783 1.1099049757978 2.1574480764391 -22.87240896152066 -0.3061663421745944 49.087077554548465 1.2239391955289034
Pedestrian 0 2 0 282.01920979043564 425.27329645415085 298.36440147583176 454.7021038122836 1.4302948157496 0.58854263862581 0.64012982351699 -16.801910173040582 -0.3779882192873665 54.56431693772889 3.0990518000614897
