Car 0 1 0 370.1974325932607 424.05386021839 403.27324898827953 453.267434424904 1.5411400581933 1.6093539231132 4.018914956959 -14.183432410317018 -0.622981005340635 64.74455581237181 1.4573053831644036
Car 0 0 0 422.45294241137685 425.5367383500986 454.3205991792109 454.4950840854231 1.5178045646331 1.536788599107 4.2588223655948 -11.186485674634538 -0.5605242022754489 65.03201598321078 1.5038210154915035
Pedestrian 0 2 0 628.6635209415372 444.8548041020882 718.7373887806516 596.231943809848 1.622341872771 0.51116975550245 0.92322874217556 0.5666770305156896 1.4444721401675467 12.440492330402348 -0.10262698607529663
Pedestrian 0 2 0 659.7856793547948 443.5722635682222 736.6926765687241 605.7234111753901 1.6553881179029 0.54170635910619 0.75123853701307 0.8015229097947353 1.471753979805986 11.809615791238613 -0.02264201344119665
Pedestrian 0 0 0 667.229427244118 441.587671681517 762.0457955825984 617.2361774155104 1.6989042814817 0.47847820381757 0.87844792446264 0.9268412473812435 1.5051692866636792 11.170653926185992 -0.049953114432696566
Car 0 0 0 634.1380459418942 422.96275822926094 664.0570531785933 452.67684274369503 1.6777139793048 1.7527080218841 4.3636019047331 1.2527059975415487 -0.7018633007893084 69.30052589810151 -1.4957182276158396
Pedestrian 0 0 0 767.9495546528756 423.2254680440965 783.6735025377766 460.8645259327221 1.9029674294897 0.60789048805176 0.79042019395993 7.512722042941591 -0.08093986124080468 56.884842479747284 0.14830140077680332
Pedestrian 0 0 0 100.54529903493268 439.5585435329216 164.5746790787033 633.6398122325978 1.6915016836998 0.39358958311985 0.41669496990343 -4.370971879232003 1.499408865680343 9.831771197348413 -0.21709706589919664
Car 0 0 0 486.3135389898539 427.1221411890001 513.7467525829043 454.8493785821012 1.4452840350895 1.5220836327961 4.191283620333 -7.573219949339097 -0.5397731123449274 65.16142120047485 1.5038210154915035
Cyclist 0 1 0 808.8456790488274 423.1138258442767 825.7871771775118 445.3795576164418 1.4247999016384 0.72795720752672 1.7150266084845 12.551124285368154 -1.1606100276961564 74.16697739861387 -1.6126146411651117
Cyclist 0 1 0 105.30393635098676 420.7021878069804 135.67539463542488 456.5696753533169 1.5203215292783 1.1099049757978 2.1574480764391 -22.87240896152066 -0.3061663421745944 49.087077554548465 1.2239391955289034
Pedestrian 0 2 0 276.8682830241029 427.9194834042512 293.2870514378489 457.3907655938809 1.4302948157496 0.58854263862581 0.64012982351699 -17.045459720127276 -0.24504932651059735 54.518857563960125 3.0990518000614897
