Car 0 1 0 369.376599009676 424.2304998631944 402.7165444929237 453.65576707182805 1.5411400581933 1.6093539231132 4.018914956959 -14.128918820297436 -0.5977199651840996 64.31631980481241 1.4573053831644036
Car 0 0 0 646.9441717623754 426.7336741212048 679.193094798869 454.0207388351559 1.4931624130452 1.7595541583673 4.1107209389287 2.081283302533225 -0.6021513090349453 67.84150453233565 -1.4574491242364465
Cyclist 0 0 0 689.8698418642448 428.1025946039032 727.5556253166324 472.5701799321212 1.6297617790859 0.56933030011995 1.7082212802957 3.1013498779681865 0.3446428460357439 42.86851150722665 -0.8548282198411365
Pedestrian 0 1 0 233.47984814234883 425.7902950454753 248.683819741675 460.01087269733273 1.6411764705882 0.56930675170348 0.55914560916844 -18.932796765194205 -0.11306150012648172 53.57664349305981 3.0605060492572895
Pedestrian 0 1 0 239.79926959010623 425.420900391028 256.28899404397595 459.3371702053763 1.6411764705882 0.61712306510531 0.62300508836281 -18.788988290690313 -0.14901492481677056 54.15935322853397 3.0605060492572895
Car 0 1 0 487.1454444965069 426.6579026131736 514.5377622896334 455.2840065700335 1.4995148821083 1.5220836327961 4.1365561929874 -7.521761023273508 -0.5134356326873037 65.13060480295414 1.5038210154915035
Car 0 0 0 422.3139014064238 424.2053502270463 454.22784175457633 453.1108017078979 1.5178045646331 1.536788599107 4.2588223655948 -11.179299339598245 -0.6385456024965163 64.95124818679918 1.5038210154915035
Pedestrian 0 0 0 547.8902312822102 424.77629519259375 560.5247474322705 455.67432353751576 1.560914316882 0.55415011413927 0.60643266134314 -3.854685480907 -0.3453000876297813 57.09225906813114 -0.0810866043324967
Cyclist 1 2 0 1489.230203494199 436.8588762214706 1602.9081660160855 507.0110404965844 1.4399998942057 0.63766527946498 1.7422708456066 20.463911357707733 0.9041404464249692 24.34890007678077 -1.8027430823748865
Cyclist 0 1 0 111.87967150110852 421.0279593624646 163.69936352797845 458.5068716037032 1.627297708771 1.1585305119309 2.2260324960485 -22.5214594609791 -0.21933000268586217 50.10091011794874 1.7551089519323897
Pedestrian 0 0 0 219.43112414298383 426.2157446676646 235.3508059342043 460.81231183419374 1.6411764705882 0.56849947858901 0.57749048171101 -19.392395992497008 -0.07341737396314708 52.970524519140824 3.0605060492572895
Pedestrian 0 1 0 185.88814544396632 421.1000099468806 202.68076214560023 455.399181945652 1.6411764705882 0.62674029723885 0.59087663382354 -21.17296312650224 -0.33740506431994166 53.328100264574935 3.0605060492572895
Pedestrian 0 2 0 412.56893509083375 423.8604480868115 426.5403749558147 458.108597586332 1.6582230762739 0.58854263862581 0.59058020144238 -10.31653467875713 -0.21049172651483214 54.509351436872635 3.0990518000614897
