Car 0 1 0 369.376599009676 424.2304998631944 402.7165444929237 453.65576707182805 1.5411400581933 1.6093539231132 4.018914956959 -14.128918820297436 -0.5977199651840996 64.31631980481241 1.4573053831644036
Car 0 0 0 648.1036141328881 425.291356478949 678.4373939936225 451.25054240495433 1.4931624130452 1.6701677978746 4.1107209389287 2.134045245859174 -0.8021182517099187 71.17325453338391 -1.5718492802420039
Cyclist 0 0 0 713.5885357693159 426.8204224891159 749.3858649722498 469.6489120555855 1.6297617790859 0.56933030011995 1.7082212802957 4.120560799859947 0.2444459458680751 44.41760894920537 -0.8548282198411365
Pedestrian 0 1 0 223.94189301887155 425.87333402546346 239.2542246334236 460.0742816283616 1.6411764705882 0.56930675170348 0.55914560916844 -19.407218845114375 -0.10986488400511937 53.58069113919189 3.0605060492572895
Pedestrian 0 0 0 209.4835500342828 426.3319763366 225.53497739449068 460.9462757477445 1.6411764705882 0.56849947858901 0.57749048171101 -19.85999305234876 -0.06678020695307808 52.91622233327324 3.0605060492572895
Car 0 0 0 422.3139014064238 424.2053502270463 454.22784175457633 453.1108017078979 1.5178045646331 1.536788599107 4.2588223655948 -11.179299339598245 -0.6385456024965163 64.95124818679918 1.5038210154915035
Cyclist 1 2 0 1489.230203494199 436.8588762214706 1602.9081660160855 507.0110404965844 1.4399998942057 0.63766527946498 1.7422708456066 20.463911357707733 0.9041404464249692 24.34890007678077 -1.8027430823748865
Car 0 1 0 487.1454444965069 426.6579026131736 514.5377622896334 455.2840065700335 1.4995148821083 1.5220836327961 4.1365561929874 -7.521761023273508 -0.5134356326873037 65.13060480295414 1.5038210154915035
Pedestrian 0 1 0 227.2989884000324 425.63520082548985 244.0059006480033 459.6644704557323 1.6411764705882 0.61712306510531 0.62300508836281 -19.33693869933522 -0.13237223155748498 53.9478647897344 3.0605060492572895
Cyclist 0 1 0 106.71965658067472 419.718474767101 159.00070870218536 457.3394093286435 1.627297708771 1.1585305119309 2.2260324960485 -22.630784672629947 -0.2705791047629402 49.83121187964793 1.7551089519323897
Pedestrian 0 0 0 559.096168153032 424.6594678700389 571.7987378363648 455.52496175199065 1.560914316882 0.55415011413927 0.60643266134314 -3.2802437698431253 -0.35346092125660816 57.15896873629269 -0.0810866043324967
Pedestrian 0 1 0 175.83213135988768 421.14764206224464 192.7152746139103 455.3541268894584 1.6411764705882 0.62674029723885 0.59087663382354 -21.719484957499983 -0.34027072730779195 53.442059153040404 3.0605060492572895
Pedestrian 0 2 0 405.45000703672815 423.9217550327068 420.5167679633933 458.1891052771168 1.6582230762739 0.58854263862581 0.64012982351699 -10.637627149073614 -0.20667741287418032 54.48453652017852 3.0990518000614897
