Car 0 1 0 370.1974325932607 424.05386021839 403.27324898827953 453.267434424904 1.5411400581933 1.6093539231132 4.018914956959 -14.183432410317018 -0.622981005340635 64.74455581237181 1.4573053831644036
Car 0 0 0 422.45294241137685 425.5367383500986 454.3205991792109 454.4950840854231 1.5178045646331 1.536788599107 4.2588223655948 -11.186485674634538 -0.5605242022754489 65.03201598321078 1.5038210154915035
Pedestrian 0 2 0 628.6635209415374 445.1723922123364 693.7409928306233 596.2319438098476 1.622341872771 0.51116975550245 0.64205953202392 0.4274283994118642 1.4466327005236577 12.42127831882037 -0.10262698607529663
Pedestrian 0 2 0 634.6766758986067 441.5812978271051 731.5099177317163 604.2959453882941 1.6556246426813 0.59078715912464 0.96444527074589 0.6391090891798922 1.4522646868257634 11.823667341283393 -0.02264201344119665
Pedestrian 0 0 0 664.2463997547706 441.5876716815228 763.5125181839175 617.7212669457891 1.6888115533024 0.5491273010726 0.90890705842954 0.9145968810077466 1.4973651321374863 11.133629654131353 -0.049953114432696566
Car 0 0 0 634.0051734349785 423.9493670015015 664.7167404837709 452.63970267246674 1.5501129096833 1.6424175502511 4.3636019047331 1.22861847393107 -0.6823370344958624 66.84381637295168 -1.4739616063644636
Pedestrian 0 0 0 764.1782245249458 423.2445894355196 777.830225076907 460.865395673469 1.9029674294897 0.60789048805176 0.68806703521885 7.269781549285427 -0.08083604604332831 56.91250460211793 0.14830140077680332
Pedestrian 0 0 0 75.42567746060274 444.7888517101655 154.1661276986232 635.3556346158798 1.6424241519632 0.55192464249012 0.45265970225485 -4.5263235708991125 1.5012288453454912 9.82019033942484 -0.0972101614841967
Cyclist 0 1 0 809.2203416022027 419.30201165144143 826.4148644256145 441.8022526786843 1.4247999016384 0.72795720752672 1.7150266084845 12.407177418558069 -1.3779352442949284 73.11316555200531 -1.6126146411651117
Car 0 0 0 486.3135389898539 427.1221411890001 513.7467525829043 454.8493785821012 1.4452840350895 1.5220836327961 4.191283620333 -7.573219949339097 -0.5397731123449274 65.16142120047485 1.5038210154915035
Cyclist 0 1 0 105.30393635098676 420.7021878069804 135.67539463542488 456.5696753533169 1.5203215292783 1.1099049757978 2.1574480764391 -22.87240896152066 -0.3061663421745944 49.087077554548465 1.2239391955289034
Pedestrian 0 2 0 279.1225939168853 427.8775771561385 295.50401824120115 457.3290243255848 1.4302948157496 0.58854263862581 0.64012982351699 -16.94585235660143 -0.24828353594017943 54.56078865880578 3.0990518000614897
