Car 0 1 0 369.376599009676 424.2304998631944 402.7165444929237 453.65576707182805 1.5411400581933 1.6093539231132 4.018914956959 -14.128918820297436 -0.5977199651840996 64.31631980481241 1.4573053831644036
Car 0 0 0 644.1211180127148 424.8854840689833 673.1766985036179 448.4268781156089 1.4931624130452 1.7899435026138 4.1107209389287 2.0151729740603557 -1.0649527778534873 78.24566991028105 -1.5718492802420039
Cyclist 0 0 0 757.3035190668967 428.0111754803447 791.0921821846192 468.0191101802876 1.6289751790829 0.56933030011995 1.7490561810717 6.229787305683284 0.19603552221059717 47.51220326408617 -0.8258863443375066
Pedestrian 0 1 0 205.90639604164443 426.0840551942189 221.4547166565404 460.3168054388141 1.6411764705882 0.56930675170348 0.55914560916844 -20.264480044795466 -0.09768616179443876 53.481137765792795 3.0605060492572895
Pedestrian 0 0 0 190.1486735235256 426.7032175004826 206.5448675891865 461.5404011540068 1.6411764705882 0.56849947858901 0.57749048171101 -20.6539041288418 -0.03778505212243412 52.528315394031814 3.0605060492572895
Car 0 1 0 487.1454444965069 426.6579026131736 514.5377622896334 455.2840065700335 1.4995148821083 1.5220836327961 4.1365561929874 -7.521761023273508 -0.5134356326873037 65.13060480295414 1.5038210154915035
Car 0 0 0 422.3139014064238 424.2053502270463 454.22784175457633 453.1108017078979 1.5178045646331 1.536788599107 4.2588223655948 -11.179299339598245 -0.6385456024965163 64.95124818679918 1.5038210154915035
Cyclist 0 0 0 1199.794179693748 428.42517104847855 1264.057182704556 495.7038141953843 1.9717795833311 0.63766527946498 1.8434694668978 18.701152498543564 0.9516839033388709 33.81998389564518 -1.8027430823748865
Pedestrian 0 1 0 212.75673020536613 425.68506115411935 229.5898260420445 459.5835064002456 1.6411764705882 0.61712306510531 0.62300508836281 -20.12635912188496 -0.1365115225399581 54.11247207307349 3.0605060492572895
Cyclist 0 1 0 105.19395288964084 422.1623180244078 160.74923995969078 458.13282801368666 1.5203215292783 1.1099049757978 2.5187047594831 -22.388199232243963 -0.24167859555615095 49.31947231203893 1.7551089519323897
Pedestrian 0 0 0 583.1592573457689 424.5082802796188 596.0490678416023 455.4086123751844 1.560914316882 0.55415011413927 0.60643266134314 -2.034601903114112 -0.3594050523569125 57.10746588806829 -0.0810866043324967
Pedestrian 0 1 0 165.63548804899352 421.1267099041679 182.55490432172635 455.12645113384775 1.6411764705882 0.62674029723885 0.59087663382354 -22.351391202464054 -0.35314377134689134 53.733385632276374 3.0605060492572895
Pedestrian 0 2 0 387.53922991377954 424.0696699737245 402.8161918014956 458.3151127253717 1.6582230762739 0.58854263862581 0.64012982351699 -11.522310704281084 -0.200329237150633 54.48562055050905 3.0990518000614897
