Car 0 0 0 363.20939822201416 413.3585052615914 408.4882731353409 451.70388188292986 2.0764844081516 2.0184656633199 5.1146855738468 -14.323882634669973 -0.7456898780122307 65.26507758713065 1.5038210154915035
Cyclist 0 0 0 838.895661997725 419.2500742687176 858.2327796735825 448.22040511438615 1.6253036958636 0.74269603943585 1.8080374158797 12.791475405984205 -0.8571529566928157 64.69909097977828 -1.5554454894864425
Car 0 0 0 416.3746909416633 412.89644428205406 457.542693539513 451.1712384756965 2.0764844081516 2.0184656633199 5.1146855738468 -11.318403976477363 -0.7772591460262881 65.42835806424665 1.5038210154915035
Cyclist 0 0 0 67.43115180577502 429.9658615577987 99.16786179732776 464.3829832622179 1.407508650519 0.61872066032054 1.7562289550896 -23.652443497714593 0.05225560907896573 47.198740962205314 1.5168697018189032
Cyclist 0 0 0 35.133611804932684 430.8023382349091 64.98880606200782 465.9156307708753 1.407508650519 0.726353674772 1.7562289550896 -24.659927039631445 0.11328631362681837 46.30195997955029 1.3463597399967036
Pedestrian 0 2 0 384.3376476624192 439.2942951220923 453.6588173804284 612.0980468359842 1.7460000023218 0.54325201416942 0.6268032306611 -2.1411775342453407 1.520105759946234 11.691943551462177 -0.2747622031144965
Pedestrian 0 2 0 403.9856901914907 437.35660651588 480.6273841347594 620.1692584989854 1.7621107266436 0.54678050564985 0.71187686719363 -1.802302369273604 1.527449390685804 11.150534567261797 -0.1635455570873965
Pedestrian 0 0 0 410.5370188320109 438.9358557060474 483.8319283168693 631.3668413828868 1.7621107266436 0.55699703023582 0.643677970871 -1.6628401510857693 1.5546390970600952 10.606679398531494 -0.15728975002879664
Car 0 0 0 553.1653993718926 425.974430231058 632.3383598598824 462.5127180619497 1.4935101231657 1.8034373013995 4.7267454380238 -1.6372421115737652 -0.1307402947381019 52.16296433222262 -1.1132969603359166
Cyclist 0 0 0 857.0599854903379 426.5779974207047 878.4636488365314 454.5563566922545 1.4495998941515 0.63766527946498 1.7422708456066 12.985847837065764 -0.46143020402700236 60.329902320238716 -1.6372636058016345
Cyclist 0 1 0 3.1873806395437896 431.1524657586837 42.15542007013255 466.2868421419973 1.407508650519 0.66066993329331 1.7562289550896 -25.764015188595597 0.13160661614468416 46.128703850962765 1.6108573591966895
Pedestrian 0 0 0 710.0369716600588 420.5287991566133 723.3652501746406 453.4069631012052 1.6639999028863 0.61862173700453 0.54877297292827 4.5038357405408735 -0.46606189753146343 57.17690501946099 -0.12791842027599665
Car 0 2 0 449.2551476473592 410.89123168138826 481.2817807276354 442.0496504014404 2.0764844081516 2.0184656633199 5.1146855738468 -11.755471097071638 -1.5480995270764613 79.50499434088363 1.5038210154915035
Pedestrian 0 2 0 313.7695232624544 424.6433930766634 329.86248302366755 458.71656128401577 1.6582230762739 0.58854263862581 0.64012982351699 -15.216533727945924 -0.1802228299039552 54.597005487464614 3.0990518000614897
