Car 0 1 0 370.1974325932607 424.05386021839 403.27324898827953 453.267434424904 1.5411400581933 1.6093539231132 4.018914956959 -14.183432410317018 -0.622981005340635 64.74455581237181 1.4573053831644036
Car 0 0 0 422.45294241137685 425.5367383500986 454.3205991792109 454.4950840854231 1.5178045646331 1.536788599107 4.2588223655948 -11.186485674634538 -0.5605242022754489 65.03201598321078 1.5038210154915035
Pedestrian 0 2 0 557.6258989214003 448.4571915404021 641.6090877130051 599.0173710494817 1.5842995599807 0.50337323079454 0.81760294727128 -0.2541541290849121 1.4507080135763581 12.277401770081639 -0.22563425600709652
Pedestrian 0 2 0 588.6717273789013 442.3268337934607 672.2145415226595 608.0684789538434 1.6571042436574 0.50641548069607 0.7298646329847 0.08770705340278774 1.465141886919255 11.675447581378423 -0.33679552720509665
Pedestrian 0 0 0 599.5783097359867 440.7846177371271 700.7632587507826 622.2271804601612 1.7092411941725 0.42801456292111 0.90367399293793 0.28195799119486364 1.5134799952348932 10.94119840120286 -0.2085278013724965
Car 0 0 0 630.6765210373298 425.78209304452713 663.1337647498755 455.8175370486797 1.5501129096833 1.6040723224517 4.3636019047331 1.04420384322035 -0.48155319553276654 64.17130754461063 -1.4609425033095165
Pedestrian 0 0 0 755.3066295015951 423.2573621900765 768.8591583649602 458.7327741441936 1.7956549399618 0.60789048805176 0.68806703521885 6.821682060214349 -0.18981601681007798 56.991296746068194 0.14830140077680332
Pedestrian 0 0 0 11.2910328844182 443.2973492515976 90.07041511188754 637.138345643364 1.6622926420356 0.49160674013944 0.52519823769465 -5.089303377004157 1.5085675194435089 9.765816747806852 -0.33847222269239663
Car 0 0 0 486.3135389898539 427.1221411890001 513.7467525829043 454.8493785821012 1.4452840350895 1.5220836327961 4.191283620333 -7.573219949339097 -0.5397731123449274 65.16142120047485 1.5038210154915035
Cyclist 0 0 0 802.3534212582974 423.86468046120206 821.2234914426117 450.09512799739815 1.5742180690709 0.75329804383552 1.9144368043567 11.462090812903641 -0.8059754186225291 69.77980344740115 -1.6065043844860505
Cyclist 0 1 0 105.30393635098676 420.7021878069804 135.67539463542488 456.5696753533169 1.5203215292783 1.1099049757978 2.1574480764391 -22.87240896152066 -0.3061663421745944 49.087077554548465 1.2239391955289034
Pedestrian 0 2 0 287.5892332043681 425.21425568159 303.8669466634849 454.6392102066007 1.4302948157496 0.58854263862581 0.64012982351699 -16.529213808497037 -0.38122762711918057 54.585391669137046 3.0990518000614897
