Car 0 1 0 368.5678651745184 424.1369455883964 401.8312595241133 453.4370619433504 1.5411400581933 1.6093539231132 4.018914956959 -14.234626219876867 -0.6119860058898341 64.56722904753971 1.4573053831644036
Cyclist 0 0 0 844.8106492029221 428.112069527427 859.0682436918055 455.9575411493534 1.4193767555465 0.73898077118312 1.8080374158797 11.968023358093983 -0.38182159025898 59.528916501869325 -1.3364071681785565
Car 0 0 0 422.4281304839553 424.1739903095137 454.2986990755926 453.04253770005687 1.5178045646331 1.536788599107 4.2588223655948 -11.187083777617397 -0.6430319325478545 65.02707283815461 1.5038210154915035
Pedestrian 0 0 0 185.29074647359653 445.9217864894272 300.97236821741814 628.4954011937792 1.6177782027677 0.52573411893116 0.8638591157832 -3.4609028879584276 1.4838273000895394 10.144763882298866 -0.016995007574096554
Car 0 0 0 435.7596713840829 428.1550820803476 545.4394749670877 474.4807859401021 1.662432631327 1.7951098115185 4.4420155982644 -5.607811681036082 0.3451677013735684 45.49825336872705 -0.8510644847303765
Cyclist 0 0 0 908.0946504776464 428.5538157709506 941.02416797804 466.7398801442024 1.7305548685674 0.7204028465009 2.1891808729257 14.208956607544291 0.14780457329334312 53.20098793011926 -1.6872974973005066
Pedestrian 0 0 0 -550.0208938963652 454.5834896955128 -340.2849211662161 686.972910629607 1.7399999145508 0.57200968439245 0.79813814951516 -8.41673247008196 1.6981892290446814 8.763798831320717 0.004552326574103427
Pedestrian 0 1 0 137.75214489088364 423.5187012292292 154.7707596349855 457.8065137455865 1.6411764705882 0.71083646994198 0.60874543546808 -23.606581307427632 -0.22423118694461525 53.39648995467698 2.95152124473419
Pedestrian 0 0 0 673.7658625407854 423.6511231923356 688.1695345784087 459.1518308816599 1.7956549399618 0.61862173700453 0.6183841090799 2.6653554360067333 -0.1719936262046502 57.1967182797404 -0.12791842027599665
Cyclist 0 1 0 105.30393635098676 420.7021878069804 135.67539463542488 456.5696753533169 1.5203215292783 1.1099049757978 2.1574480764391 -22.87240896152066 -0.3061663421745944 49.087077554548465 1.2239391955289034
Pedestrian 0 2 0 333.0235076379943 424.48903852121487 348.90499357169114 458.6062464964954 1.6582230762739 0.58854263862581 0.64012982351699 -14.248970160454075 -0.18577220820994222 54.57256029896461 3.0990518000614897
Pedestrian 0 1 0 152.62265872519583 422.893085967105 169.06175988275498 456.4753835209476 1.6411764705882 0.71083646994198 0.60874543546808 -23.368129171595612 -0.2946396016912732 54.54284734383806 2.95152124473419
Pedestrian 0 1 0 190.1296755215584 431.6242825132992 296.07761180647725 607.3726226366067 1.7044278067475 0.76703674175505 0.89081530221207 -3.853872083482688 1.4100782162718979 11.280764382260783 -0.15446785951579667
Pedestrian 0 2 0 181.1678271050829 444.98632548941055 294.61060094344754 621.2158018915983 1.6175118400621 0.60404608815871 0.98487976507391 -3.708480807640051 1.472172706008481 10.718984467865363 -0.2586315401408965
Car 0 1 0 487.1454444965069 426.6579026131736 514.5377622896334 455.2840065700335 1.4995148821083 1.5220836327961 4.1365561929874 -7.521761023273508 -0.5134356326873037 65.13060480295414 1.5038210154915035
