Car 0 0 0 637.9106209955669 422.6515467500684 666.6934455717322 449.1717203044975 1.6142630511829 1.8671434176389 4.2697281204251 1.539350983504695 -0.9736687492469949 74.58833251511966 -1.5095656586330586
Car 0 1 0 369.376599009676 424.2304998631944 402.7165444929237 453.65576707182805 1.5411400581933 1.6093539231132 4.018914956959 -14.128918820297436 -0.5977199651840996 64.31631980481241 1.4573053831644036
Car 0 0 0 545.7444684056213 426.5695638285731 633.0709637086369 467.9137458984487 1.6590417682556 1.7854587373872 4.7006566407001 -1.7463317365244464 0.105128362829054 50.89559777672956 -1.0214264431279965
Cyclist 0 0 0 453.41640283711297 431.62409934981264 505.8866692106654 483.3697363431514 1.4854614277686 0.56933030011995 1.5533506599349 -4.495178192769844 0.5878398339404919 33.70805281829086 -0.7834909387017466
Pedestrian 0 1 0 291.53584166296974 424.9150945155265 308.4867300036132 459.0090858280136 1.6411764705882 0.73330871618475 0.65620160155939 -16.188190411247238 -0.16917660249804153 54.18119092000227 3.0605060492572895
Pedestrian 0 0 0 280.41349480331843 425.3979696348612 296.5837107958629 460.0068095477008 1.6411764705882 0.78231920689815 0.58951659922784 -16.52013233994212 -0.1198022030932929 53.39723090431585 3.0605060492572895
Cyclist 0 1 0 165.2480946637382 421.6416381990526 228.199592417828 463.0577404337399 1.8736381970431 1.2802285683721 2.6065629775526 -20.80679414223086 -0.032753693877641446 52.77084167160584 2.12891488542809
Car 0 1 0 419.4630557905044 424.487834088088 451.6126359482346 453.34375507318 1.5085901903556 1.5344931835592 4.2459127997797 -11.300095352032079 -0.6231889293343473 64.72208518985515 1.5038210154915035
Pedestrian 0 1 0 247.438237175805 424.1045794256556 263.3049137732252 458.2050258140126 1.6411764705882 0.62674029723885 0.59087663382354 -18.320591563641518 -0.20370467071710027 53.86747298230771 3.0605060492572895
Car 0 1 0 487.1454444965069 426.6579026131736 514.5377622896334 455.2840065700335 1.4995148821083 1.5220836327961 4.1365561929874 -7.521761023273508 -0.5134356326873037 65.13060480295414 1.5038210154915035
Cyclist 0 0 0 820.7187055048715 425.2210680654081 839.0217948955208 450.19343785433847 1.5055290026205 0.685464373228 1.8044566773315 12.657785841594677 -0.8007360382660523 70.06505336888354 -1.6272917627909036
Pedestrian 0 2 0 461.59688660166745 425.0941243542002 476.51722331204087 460.677349788633 1.7306212232884 0.66023649298757 0.66623661468891 -7.929037064295255 -0.08829173662847745 54.947923065111276 3.0990518000614897
Pedestrian 0 0 0 472.50286656643215 422.08615003357096 486.40729162314886 454.5616309540266 1.6411764705882 0.63292690531029 0.67612047083904 -7.703456281840955 -0.4040232244655089 57.074467972373164 -0.0810866043324967
