Car 0 1 0 369.376599009676 424.2304998631944 402.7165444929237 453.65576707182805 1.5411400581933 1.6093539231132 4.018914956959 -14.128918820297436 -0.5977199651840996 64.31631980481241 1.4573053831644036
Car 0 0 0 647.9217156300521 425.5966653177338 678.5717250078488 451.8540654366958 1.4931624130452 1.6701677978746 4.1107209389287 2.110849362833051 -0.7578028158769415 70.43626372884981 -1.5718492802420039
Cyclist 0 0 0 707.2641852194467 427.1841569656182 743.5867139895147 470.4809269923204 1.6297617790859 0.56933030011995 1.7082212802957 3.839414797299179 0.27371266581406706 43.96312648174677 -0.8548282198411365
Pedestrian 0 1 0 227.83262444561404 425.8279627601031 243.09416652699295 460.0219709777029 1.6411764705882 0.56930675170348 0.55914560916844 -19.22212835881997 -0.1124943808461146 53.60218561754034 3.0605060492572895
Pedestrian 0 0 0 213.8365601604906 426.2810384979572 229.83029827287032 460.8875995542722 1.6411764705882 0.56849947858901 0.57749048171101 -19.65541935697063 -0.06968649293522836 52.9399793882899 3.0605060492572895
Car 0 1 0 487.1454444965069 426.6579026131736 514.5377622896334 455.2840065700335 1.4995148821083 1.5220836327961 4.1365561929874 -7.521761023273508 -0.5134356326873037 65.13060480295414 1.5038210154915035
Car 0 0 0 422.3139014064238 424.2053502270463 454.22784175457633 453.1108017078979 1.5178045646331 1.536788599107 4.2588223655948 -11.179299339598245 -0.6385456024965163 64.95124818679918 1.5038210154915035
Cyclist 1 2 0 1489.230203494199 436.8588762214706 1602.9081660160855 507.0110404965844 1.4399998942057 0.63766527946498 1.7422708456066 20.463911357707733 0.9041404464249692 24.34890007678077 -1.8027430823748865
Pedestrian 0 1 0 230.46747595621397 425.529279598574 247.08664155400788 459.4623788066062 1.6411764705882 0.61712306510531 0.62300508836281 -19.237102099614063 -0.1426487745702195 54.10731396516523 3.0605060492572895
Cyclist 0 1 0 106.71965658067472 419.718474767101 159.00070870218536 457.3394093286435 1.627297708771 1.1585305119309 2.2260324960485 -22.630784672629947 -0.2705791047629402 49.83121187964793 1.7551089519323897
Pedestrian 0 0 0 552.5920134619585 424.7271866230988 565.2551907888889 455.6116380183908 1.560914316882 0.55415011413927 0.60643266134314 -3.613790569815703 -0.3487223726991077 57.1202340902636 -0.0810866043324967
Pedestrian 0 1 0 179.9359551185961 421.1005425647323 196.7604170730408 455.299950804766 1.6411764705882 0.62674029723885 0.59087663382354 -21.5246528666627 -0.3430386187193427 53.46468491972249 3.0605060492572895
Pedestrian 0 2 0 406.2636901422719 423.9238021746688 420.3159559123015 458.1799015781817 1.6582230762739 0.58854263862581 0.59058020144238 -10.622807496505713 -0.20685345812016792 54.48568182403285 3.0990518000614897
