Car 0 0 0 638.9473414917156 425.3321900909148 667.3600864546613 450.7892466867452 1.6142630511829 1.932049021438 4.2697281204251 1.6642871876962533 -0.9035180921503109 78.06702372892957 -1.5095656586330586
Car 0 1 0 369.376599009676 424.2304998631944 402.7165444929237 453.65576707182805 1.5411400581933 1.6093539231132 4.018914956959 -14.128918820297436 -0.5977199651840996 64.31631980481241 1.4573053831644036
Car 0 0 0 579.0412834950556 424.9883153252977 652.3300850303648 464.0430676257943 1.6590417682556 1.8494806216108 4.7006566407001 -0.5808333019531178 -0.05934944485720878 53.50230731081274 -1.1544883840161364
Cyclist 0 0 0 503.73624481219326 429.8549699549984 553.0561303719957 479.417959901178 1.4854614277686 0.56933030011995 1.5533506599349 -3.1442592695020157 0.4917300116228852 35.14879605642597 -0.7834909387017466
Pedestrian 0 1 0 280.17393728160937 425.2292432088266 294.9730933209567 459.324242724106 1.6411764705882 0.55276791822575 0.57273563001631 -16.717568097963394 -0.14727315357384904 53.87964630162624 3.0605060492572895
Pedestrian 0 0 0 266.85638391733977 425.7000937406655 282.66906257483384 460.33356984656257 1.6411764705882 0.62539040825744 0.58951659922784 -17.109903157721103 -0.09898962817733689 53.12120176489493 3.0605060492572895
Cyclist 0 1 0 151.63614077778334 421.7858739011488 209.61066615580177 462.9563495170638 1.8736381970431 1.3138204531365 2.5454941901296 -21.63130984449239 -0.03170783937365125 52.85314844604868 1.879851468138689
Car 0 1 0 419.4630557905044 424.487834088088 451.6126359482346 453.34375507318 1.5085901903556 1.5344931835592 4.2459127997797 -11.300095352032079 -0.6231889293343473 64.72208518985515 1.5038210154915035
Pedestrian 0 1 0 283.37663235991835 424.92526591540593 300.1104949790543 458.7180003373332 1.6411764705882 0.5484667157 0.67733705117654 -16.671184548776658 -0.1789836418567657 54.403323904899544 3.0605060492572895
Pedestrian 0 1 0 237.10488744024548 424.3121413424741 253.1733584768848 458.5536651165223 1.6411764705882 0.62674029723885 0.59087663382354 -18.745955166190672 -0.18585077624951482 53.62093543171085 3.0605060492572895
Car 0 1 0 487.1454444965069 426.6579026131736 514.5377622896334 455.2840065700335 1.4995148821083 1.5220836327961 4.1365561929874 -7.521761023273508 -0.5134356326873037 65.13060480295414 1.5038210154915035
Pedestrian 0 2 0 455.3791750452026 425.207940249646 468.7701978964843 460.7481870587774 1.7306212232884 0.58854263862581 0.59058020144238 -8.267829648900852 -0.08211687596448924 54.88584919806193 3.0990518000614897
Pedestrian 0 0 0 485.20342171803634 421.98156287861786 498.9415666553397 454.4602186865733 1.6411764705882 0.63292690531029 0.67612047083904 -7.053009421569858 -0.4093696470429831 57.08500505792243 -0.0810866043324967
