Car 0 1 0 369.376599009676 424.2304998631944 402.7165444929237 453.65576707182805 1.5411400581933 1.6093539231132 4.018914956959 -14.128918820297436 -0.5977199651840996 64.31631980481241 1.4573053831644036
Car 0 0 0 640.3043981221443 427.9433002173092 675.7057953328579 456.0648656093004 1.3892493398767 1.4321370772232 4.1107209389287 1.627687968679156 -0.4474453460662002 61.83749373251696 -1.3790914200400366
Cyclist 0 0 0 627.571498024832 429.7440612706524 672.5402351076335 476.1548197988934 1.5685094279219 0.56933030011995 1.8521138674858 0.7893930296327216 0.4385315551608203 39.856925313567764 -0.8428290678262266
Pedestrian 0 1 0 248.23290295246352 425.6177086416375 263.2439405926013 459.810099234638 1.6411764705882 0.56930675170348 0.55914560916844 -18.231657047794585 -0.12315508058097187 53.66028324564484 3.0605060492572895
Pedestrian 0 0 0 239.0966231732592 425.9863446805101 254.75662844328 460.5472897817612 1.6411764705882 0.56849947858901 0.57749048171101 -18.466943561022884 -0.08656485816790073 53.07799691087914 3.0605060492572895
Pedestrian 0 1 0 251.6932658113756 425.2457494864418 268.196032762484 459.0967829677635 1.6411764705882 0.61712306510531 0.63281313827785 -18.23753487020371 -0.16136005322833266 54.29868579336668 3.0605060492572895
Cyclist 0 1 0 123.51490441415604 420.5223598678964 172.24050016813908 462.7733788766847 1.8736381970431 1.3138204531365 2.2260324960485 -22.46465453541857 -0.03037321327165081 51.05932711917186 1.5955042863463902
Pedestrian 1 1 0 -762.233188138489 456.2837430790847 -617.0278229885104 670.2776584655784 1.7117647058824 0.48832965185103 0.41106641231366 -11.085683650250923 1.6806884896177385 9.716028104808458 -0.5533338848763967
Pedestrian 1 2 0 -886.4562148324541 453.5176444778749 -664.3739022890517 693.2894034806782 1.7621107266436 0.58322204215339 0.41106641231366 -10.917372432125337 1.7117831265611707 9.176652569630528 -0.055268474365496534
Car 0 1 0 487.1454444965069 426.6579026131736 514.5377622896334 455.2840065700335 1.4995148821083 1.5220836327961 4.1365561929874 -7.521761023273508 -0.5134356326873037 65.13060480295414 1.5038210154915035
Pedestrian 0 1 0 205.93174256957136 424.6733360260369 222.44175976041657 458.9708017246664 1.6411764705882 0.62674029723885 0.59087663382354 -20.226679056549067 -0.16481480152188652 53.44897960492914 3.0605060492572895
Pedestrian 0 0 0 523.1740921889509 426.7590000449456 535.5725704053622 455.71742208956505 1.4646315721174 0.55415011413927 0.60643266134314 -5.145851914777959 -0.3435499875837175 57.219274133432805 -0.0810866043324967
Car 0 1 0 419.4630557905044 424.487834088088 451.6126359482346 453.34375507318 1.5085901903556 1.5344931835592 4.2459127997797 -11.300095352032079 -0.6231889293343473 64.72208518985515 1.5038210154915035
Pedestrian 0 2 0 427.4622176544026 423.6549089280993 441.2125792055906 457.80908675717023 1.6582230762739 0.58854263862581 0.59058020144238 -9.614421376028938 -0.2259656292615843 54.68267812178629 3.0990518000614897
