Car 0 1 0 368.1651485171712 424.24405020364617 401.584224720784 453.673561292611 1.5411400581933 1.6093539231132 4.018914956959 -14.195499739388563 -0.5966427464751114 64.30639565883834 1.4573053831644036
Cyclist 0 0 0 800.293272919007 427.0228407663247 830.1930745822076 460.6532064424384 1.4930892470928 0.56933030011995 1.7490561810717 8.70401978863659 -0.12009788695727808 51.79036192906062 -0.8374265596995566
Pedestrian 0 1 0 183.23820324123625 426.3232040016804 199.06905359966825 460.5606730730111 1.6411764705882 0.56930675170348 0.55914560916844 -21.361961161487404 -0.08542846762828668 53.409332001130984 3.0605060492572895
Car 0 1 0 487.1454444965069 426.6579026131736 514.5377622896334 455.2840065700335 1.4995148821083 1.5220836327961 4.1365561929874 -7.521761023273508 -0.5134356326873037 65.13060480295414 1.5038210154915035
Car 0 0 0 422.3139014064238 424.2053502270463 454.22784175457633 453.1108017078979 1.5178045646331 1.536788599107 4.2588223655948 -11.179299339598245 -0.6385456024965163 64.95124818679918 1.5038210154915035
Car 0 0 0 96.40665781753968 425.1837167938715 250.84934555871823 479.0578867679523 1.6301945901337 1.7230292636431 4.8203018092682 -15.411144607804733 0.4431729112754983 37.217472112295 -0.36855658103209654
Cyclist 0 0 0 1057.304890473824 431.8001230010547 1103.788795021847 479.9496647558364 1.6947843249263 0.63766527946498 2.0262823400793 16.961833403212864 0.5873984578394053 41.24365191195036 -1.7125845371088466
Pedestrian 0 1 0 191.1277797713168 425.8009807424608 209.37901008675607 459.5906876521885 1.6411764705882 0.61712306510531 0.68185338785307 -21.236856138526107 -0.1365983321065963 54.248287224777826 3.0605060492572895
Cyclist 0 1 0 107.1490667435861 420.378456426332 162.64094305451744 456.2816822735325 1.5203215292783 1.1099049757978 2.5187047594831 -22.289959511729343 -0.3231278893305485 49.29971382400928 1.7551089519323897
Pedestrian 0 0 0 617.8413052148352 424.23751028101407 630.968196838072 455.1183102275142 1.560914316882 0.55415011413927 0.60643266134314 -0.24603531448433952 -0.3749942748286636 57.15126036967692 -0.0810866043324967
Pedestrian 0 2 0 368.2223020058077 424.2667235704745 383.7448627428116 458.5339268541918 1.6582230762739 0.58854263862581 0.64012982351699 -12.460888694210515 -0.18917970497268857 54.41308464018894 3.0990518000614897
