Car 0 1 0 370.1974325932607 424.05386021839 403.27324898827953 453.267434424904 1.5411400581933 1.6093539231132 4.018914956959 -14.183432410317018 -0.622981005340635 64.74455581237181 1.4573053831644036
Car 0 0 0 422.45294241137685 425.5367383500986 454.3205991792109 454.4950840854231 1.5178045646331 1.536788599107 4.2588223655948 -11.186485674634538 -0.5605242022754489 65.03201598321078 1.5038210154915035
Pedestrian 0 2 0 491.4229146787702 443.25501967945104 556.6042237427567 603.2444880180508 1.6630993090401 0.46361696733581 0.60786349725693 -1.0614900446312054 1.4728336294588606 12.005780848478276 -0.2345143603237967
Pedestrian 0 2 0 493.7317608172925 442.0820376438714 596.5796760333983 615.2969492794412 1.7092512143823 0.49027527940394 0.95896191113358 -0.794909433234981 1.5187308791444079 11.521614635000532 -0.25726023102899664
Pedestrian 0 0 0 506.6934065265257 442.90960322364606 612.5325674012986 625.422589191918 1.6916435353315 0.43270607224699 0.94303551111052 -0.5971987144544048 1.5207174875265734 10.772002280601525 -0.20085696624699656
Car 0 0 0 607.975550501687 425.5249834065765 657.3889940146272 462.1480102630673 1.7286896432457 1.7577154411622 4.3636019047331 0.22796825972022763 -0.13030147324343064 58.407214908266475 -1.3352996507038666
Cyclist 0 0 0 824.623033367689 426.42371297594616 844.2111651251905 454.777722536708 1.5932614666243 0.77211382589835 1.9144368043567 12.103365995123958 -0.48708467400158056 65.48071511045082 -1.5556125384278154
Pedestrian 0 0 0 731.4418352226495 423.3747617525253 750.0460062603298 458.8628324106738 1.7956549399618 0.60789048805176 0.94032157766357 5.730038097042578 -0.18289049545453673 57.00778569925139 0.14830140077680332
Car 0 1 0 487.1454444965069 426.6579026131736 514.5377622896334 455.2840065700335 1.4995148821083 1.5220836327961 4.1365561929874 -7.521761023273508 -0.5134356326873037 65.13060480295414 1.5038210154915035
Cyclist 0 1 0 105.30393635098676 420.7021878069804 135.67539463542488 456.5696753533169 1.5203215292783 1.1099049757978 2.1574480764391 -22.87240896152066 -0.3061663421745944 49.087077554548465 1.2239391955289034
Pedestrian 0 2 0 299.10150034068533 424.7649570145233 315.3562804159417 458.807599185072 1.6582230762739 0.58854263862581 0.64012982351699 -15.953945337710266 -0.1756241233907164 54.60947110221588 3.0990518000614897
