Car 0 1 0 369.376599009676 424.2304998631944 402.7165444929237 453.65576707182805 1.5411400581933 1.6093539231132 4.018914956959 -14.128918820297436 -0.5977199651840996 64.31631980481241 1.4573053831644036
Cyclist 0 0 0 784.814970439724 428.4294479793064 813.3013630708637 463.5589337528926 1.4930892470928 0.56933030011995 1.7490561810717 7.637075748177828 0.009657937172486641 49.75366262142863 -0.9416194893895866
Pedestrian 0 1 0 194.80696700826812 426.0768546964078 210.420146147575 460.149911294699 1.6411764705882 0.56930675170348 0.55914560916844 -20.901897146809755 -0.10599006528626251 53.69686606071392 3.0605060492572895
Car 0 1 0 487.1454444965069 426.6579026131736 514.5377622896334 455.2840065700335 1.4995148821083 1.5220836327961 4.1365561929874 -7.521761023273508 -0.5134356326873037 65.13060480295414 1.5038210154915035
Car 0 0 0 422.3139014064238 424.2053502270463 454.22784175457633 453.1108017078979 1.5178045646331 1.536788599107 4.2588223655948 -11.179299339598245 -0.6385456024965163 64.95124818679918 1.5038210154915035
Car 0 0 0 -35.64803278932652 424.7346242555599 124.76376555329092 480.46803274191166 1.6301945901337 1.7230292636431 4.5742697687259 -19.010098056527053 0.47193261278489373 35.62321333681393 -0.36855658103209654
Cyclist 0 0 0 1118.6312149602925 428.817878919295 1172.7491470384375 487.7503117151931 1.9118746118293 0.63766527946498 2.0262823400793 17.799648322611773 0.7930932337206683 37.708962349963066 -1.7125845371088466
Pedestrian 0 0 0 178.45193203006363 426.8406360033696 195.00529268800824 461.69826614107166 1.6411764705882 0.56849947858901 0.57749048171101 -21.199433983184186 -0.030034956170107 52.464963247322025 3.0605060492572895
Pedestrian 0 1 0 201.8727720670584 425.632754186535 218.7415357527373 459.3152646214418 1.6411764705882 0.61712306510531 0.62300508836281 -20.794663984256605 -0.1502973788477334 54.423438695393855 3.0605060492572895
Cyclist 0 1 0 106.4157862806843 420.3829677592461 161.93261153479614 456.28082853116655 1.5203215292783 1.1099049757978 2.5187047594831 -22.325898207975673 -0.3231912877913514 49.30512048218973 1.7551089519323897
Pedestrian 0 0 0 601.2754365201595 424.404977587517 614.3079400695933 455.338724685676 1.560914316882 0.55415011413927 0.60643266134314 -1.0984326921920575 -0.36288465073731285 57.05227182982546 -0.0810866043324967
Pedestrian 0 1 0 148.5229456506927 421.3232837395244 165.68778996036917 455.3520662752423 1.6411764705882 0.62674029723885 0.59087663382354 -23.16764744374783 -0.3415475880376818 53.638594147010465 3.0605060492572895
Pedestrian 0 2 0 377.3736457008153 424.1731423317856 392.7800328020005 458.430234234266 1.6582230762739 0.58854263862581 0.64012982351699 -12.016299120119255 -0.19446106231906152 54.44744375559681 3.0990518000614897
