Car 0 1 0 369.376599009676 424.2304998631944 402.7165444929237 453.65576707182805 1.5411400581933 1.6093539231132 4.018914956959 -14.128918820297436 -0.5977199651840996 64.31631980481241 1.4573053831644036
Car 0 0 0 627.5050755322528 425.2756988650327 674.4126744420197 460.265154102299 1.6590417682556 1.6502609346108 4.7006566407001 1.2044875892725293 -0.23675144775245233 59.234881501230824 -1.3319744595771166
Cyclist 0 0 0 591.443130036681 431.2678441504988 638.112172711519 477.29780084602913 1.4910288040503 0.56933030011995 1.8521138674858 -0.4533024377406174 0.458179054968912 38.38373777616393 -0.8770797866243666
Pedestrian 0 1 0 261.63549482156134 425.4623882695319 276.4720705274898 459.62997331803393 1.6411764705882 0.56930675170348 0.55914560916844 -17.5933213684734 -0.1322236269220168 53.734412892784135 3.0605060492572895
Pedestrian 0 0 0 247.43741471410868 425.8893302465109 262.9875153375179 460.4349116970599 1.6411764705882 0.56849947858901 0.57749048171101 -18.07401159887883 -0.09214706487041936 53.12362793017948 3.0605060492572895
Pedestrian 0 1 0 261.6117916700498 425.21418995453394 278.0291411643829 459.15561695380825 1.6411764705882 0.61712306510531 0.63281313827785 -17.70205587783322 -0.1582793654175144 54.18247400133892 3.0605060492572895
Pedestrian 0 1 0 215.57883050147564 424.5613363599808 231.95189666872227 458.8416850009442 1.6411764705882 0.62674029723885 0.59087663382354 -19.768823643082413 -0.1713193463389345 53.50215015663052 3.0605060492572895
Cyclist 0 1 0 128.09887028197318 420.327970078394 180.4419828476009 462.7228510068891 1.8736381970431 1.3138204531365 2.5454941901296 -22.220033616885544 -0.041412439033542456 51.21398808785192 1.6249417595161901
Car 0 1 0 487.1454444965069 426.6579026131736 514.5377622896334 455.2840065700335 1.4995148821083 1.5220836327961 4.1365561929874 -7.521761023273508 -0.5134356326873037 65.13060480295414 1.5038210154915035
Pedestrian 0 0 0 512.1210732821697 425.1864063147272 524.4492538382887 454.1598674137443 1.4646315721174 0.55415011413927 0.60643266134314 -5.711574411766355 -0.4228928378098487 57.148416076340084 -0.0810866043324967
Car 0 1 0 419.4630557905044 424.487834088088 451.6126359482346 453.34375507318 1.5085901903556 1.5344931835592 4.2459127997797 -11.300095352032079 -0.6231889293343473 64.72208518985515 1.5038210154915035
Pedestrian 0 2 0 435.77600229721 423.5723711793541 449.4192698494563 457.7152389430362 1.6582230762739 0.58854263862581 0.59058020144238 -9.209350875547008 -0.23077753563946563 54.7139830933966 3.0990518000614897
