Car 0 1 0 368.5678651745184 424.1369455883964 401.8312595241133 453.4370619433504 1.5411400581933 1.6093539231132 4.018914956959 -14.234626219876867 -0.6119860058898341 64.56722904753971 1.4573053831644036
Cyclist 0 0 0 843.5314300003535 426.1865507997268 858.1014033387813 454.8916201065642 1.5720621795034 0.73898077118312 1.8080374158797 12.694651953566309 -0.46344429879589644 63.53722718417744 -1.3843364515938066
Car 0 0 0 422.45294241137685 425.5367383500986 454.3205991792109 454.4950840854231 1.5178045646331 1.536788599107 4.2588223655948 -11.186485674634538 -0.5605242022754489 65.03201598321078 1.5038210154915035
Pedestrian 0 2 0 307.6913416622862 444.4895223779764 420.6907074235028 615.4002340657188 1.6938275044785 0.54325201416942 1.0866661114771 -2.700415183447937 1.5302115544842787 11.590930284645829 -0.2747622031144965
Pedestrian 0 2 0 341.5500925809441 443.1387486263109 420.44149261935627 618.8728225169677 1.7120701394778 0.34672536745605 0.72172784213082 -2.4220352478739167 1.5336353559991978 11.158832763996262 -0.25726023102899664
Pedestrian 0 0 0 334.02994196147245 443.2685872951687 418.3921137231874 625.1736240160793 1.6642556273187 0.54530166983284 0.68126433061668 -2.3150914384387233 1.4990461129051376 10.542638704301913 -0.04726663664639652
Car 0 0 0 527.3877807333556 426.132755171298 612.1137757978972 469.0387073126082 1.7286896432457 1.9396740416941 4.0969109435271 -2.623738593268425 0.16686093437108407 50.2455706681047 -1.0337912165460668
Cyclist 0 0 0 868.4466895431945 425.6497655519677 891.5273493001 460.1515275651078 1.7305548685674 0.7204028465009 2.1891808729257 13.269787589833845 -0.17047728465340234 58.62716777987854 -1.5405932415834727
Pedestrian 0 0 0 697.4224138905674 423.5331430949368 713.6508212044457 459.1168978268332 1.7956549399618 0.61862173700453 0.70423410070221 3.922979251263715 -0.17459112480219807 57.08790595067363 -0.12791842027599665
Car 0 1 0 487.1454444965069 426.6579026131736 514.5377622896334 455.2840065700335 1.4995148821083 1.5220836327961 4.1365561929874 -7.521761023273508 -0.5134356326873037 65.13060480295414 1.5038210154915035
Cyclist 0 1 0 105.30393635098676 420.7021878069804 135.67539463542488 456.5696753533169 1.5203215292783 1.1099049757978 2.1574480764391 -22.87240896152066 -0.3061663421745944 49.087077554548465 1.2239391955289034
Pedestrian 0 2 0 320.8747499985772 424.5689992490181 336.8793694483101 458.6358941402122 1.6582230762739 0.58854263862581 0.64012982351699 -14.869207475581744 -0.18434877923217313 54.62384782359776 3.0990518000614897
Pedestrian 0 1 0 131.3774005032459 423.36535188297154 148.33850345487622 457.32402744579787 1.6411764705882 0.71083646994198 0.60874543546808 -24.149563850670226 -0.24968690750775818 53.88707843921068 2.95152124473419
