Car 0 1 0 368.5678651745184 424.1369455883964 401.8312595241133 453.4370619433504 1.5411400581933 1.6093539231132 4.018914956959 -14.234626219876867 -0.6119860058898341 64.56722904753971 1.4573053831644036
Cyclist 0 0 0 841.937746417353 428.4241900778996 855.0031837315692 456.5259319003224 1.4193767555465 0.67112058275785 1.8080374158797 11.682221709603263 -0.3489295392590509 59.01448579709073 -1.3364071681785565
Pedestrian 0 1 0 138.55268108447285 423.3993637607991 157.27473953232527 457.5314223769911 1.6411764705882 0.73236448136754 0.62751081765418 -23.627036480477663 -0.2381116772810022 53.63064863762947 3.0605060492572895
Car 0 1 0 487.1454444965069 426.6579026131736 514.5377622896334 455.2840065700335 1.4995148821083 1.5220836327961 4.1365561929874 -7.521761023273508 -0.5134356326873037 65.13060480295414 1.5038210154915035
Pedestrian 0 1 0 158.84352559494755 443.85307259134873 274.82308351614046 616.5859178806072 1.6284342053444 0.76703674175505 0.89081530221207 -4.014063705032361 1.4673185950877319 10.97404902092286 -0.06666982164199653
Pedestrian 0 0 0 169.53809871101066 446.7345717620264 262.43727177349456 631.0286613015273 1.6177782027677 0.56440698476509 0.59699753259229 -3.6802545599083256 1.491638575616935 10.040924168973621 0.04448574262280336
Car 0 0 0 403.4738498443286 425.2205879984765 522.9537507360726 472.594261265988 1.662432631327 1.7951098115185 4.6440467734774 -6.564503970063007 0.25778856824835417 44.38163129042049 -0.8026517298110666
Cyclist 0 0 0 924.9205977133224 426.6877130533319 954.3094166328714 465.65882289564615 1.7305548685674 0.63766527946498 2.1891808729257 14.601587159554642 0.09386639277909958 51.97851304519452 -1.6044151535774216
Pedestrian 0 0 0 667.4449280535815 423.7204633260442 681.8182957295734 459.2565948992263 1.7956549399618 0.61862173700453 0.6183841090799 2.337108882126594 -0.1663926708607535 57.142947616784554 -0.12791842027599665
Cyclist 0 1 0 108.91573548764644 420.44260875853047 158.6033939642441 455.9644744201343 1.5203215292783 1.1099049757978 2.1574480764391 -22.389714342064437 -0.32772348610465296 49.38849037104704 1.7174585314791901
Pedestrian 0 2 0 338.6912432920015 424.4301333696212 354.50186193772146 458.5419447774751 1.6582230762739 0.58854263862581 0.64012982351699 -13.972336647621198 -0.18905838611524867 54.593939304112794 3.0990518000614897
Car 0 0 0 422.4281304839553 424.1739903095137 454.2986990755926 453.04253770005687 1.5178045646331 1.536788599107 4.2588223655948 -11.187083777617397 -0.6430319325478545 65.02707283815461 1.5038210154915035
