Car 0 1 0 370.1974325932607 424.05386021839 403.27324898827953 453.267434424904 1.5411400581933 1.6093539231132 4.018914956959 -14.183432410317018 -0.622981005340635 64.74455581237181 1.4573053831644036
Car 0 0 0 422.45294241137685 425.5367383500986 454.3205991792109 454.4950840854231 1.5178045646331 1.536788599107 4.2588223655948 -11.186485674634538 -0.5605242022754489 65.03201598321078 1.5038210154915035
Pedestrian 0 2 0 628.6635209415372 444.8221522927878 721.3132245536793 596.2319438098452 1.622341872771 0.51116975550245 0.95231521219124 0.5810820613195309 1.4442486339238005 12.442479986773069 -0.10262698607529663
Pedestrian 0 2 0 694.7811471017477 436.25788689438167 748.1710410632132 604.3184631682931 1.7345319739361 0.46914461124335 0.50245540148334 1.0519060420336759 1.4687685044828924 11.829151841959261 -0.02264201344119665
Pedestrian 0 0 0 693.0199351889894 441.43746521390034 777.323559587546 616.5801980171083 1.6989042814817 0.47847820381757 0.76676443325069 1.134219854557872 1.5026132560492815 11.18822537309501 -0.049953114432696566
Car 0 0 0 634.1380459418942 422.96275822926094 664.0570531785933 452.67684274369503 1.6777139793048 1.7527080218841 4.3636019047331 1.2527059975415487 -0.7018633007893084 69.30052589810151 -1.4957182276158396
Pedestrian 0 0 0 771.9385316271573 423.21232749205296 787.7216479203005 460.8636051402587 1.9029674294897 0.60789048805176 0.79042019395993 7.716114084142141 -0.08102677628982483 56.861683493576 0.14830140077680332
Pedestrian 0 0 0 103.65318331179468 443.5272158909826 189.9171256982546 633.499256365029 1.6510664636185 0.39358958311985 0.61671070553626 -4.2505763274720625 1.4966833980010275 9.862695412251284 -0.21709706589919664
Car 0 0 0 486.3135389898539 427.1221411890001 513.7467525829043 454.8493785821012 1.4452840350895 1.5220836327961 4.191283620333 -7.573219949339097 -0.5397731123449274 65.16142120047485 1.5038210154915035
Cyclist 0 1 0 809.0568481678154 422.9578527792012 825.909505107968 445.0970922294226 1.4247999016384 0.72795720752672 1.7150266084845 12.630750566121662 -1.1855287507813894 74.57326923621736 -1.6126146411651117
Cyclist 0 1 0 105.30393635098676 420.7021878069804 135.67539463542488 456.5696753533169 1.5203215292783 1.1099049757978 2.1574480764391 -22.87240896152066 -0.3061663421745944 49.087077554548465 1.2239391955289034
Pedestrian 0 2 0 275.2860974597024 427.9007065484658 291.7039440333732 457.3364157607693 1.4302948157496 0.58854263862581 0.64012982351699 -17.144506641917246 -0.24797464305240424 54.57966926616588 3.0990518000614897
