Car 0 1 0 368.5678651745184 424.1369455883964 401.8312595241133 453.4370619433504 1.5411400581933 1.6093539231132 4.018914956959 -14.234626219876867 -0.6119860058898341 64.56722904753971 1.4573053831644036
Cyclist 0 0 0 845.1787760188761 426.8671945389308 858.9100956390052 456.4007277032129 1.5720621795034 0.73898077118312 1.8080374158797 12.433203503257609 -0.3702228115744474 61.83219003763347 -1.3364071681785565
Pedestrian 0 1 0 129.961160260888 423.59093034135327 149.57863317391576 457.9508716310894 1.6411764705882 0.71083646994198 0.72448846296536 -23.90199175409026 -0.21804958750765807 53.32905452437486 2.95152124473419
Car 0 0 0 422.4281304839553 424.1739903095137 454.2986990755926 453.04253770005687 1.5178045646331 1.536788599107 4.2588223655948 -11.187083777617397 -0.6430319325478545 65.02707283815461 1.5038210154915035
Pedestrian 0 2 0 244.9585835137408 442.8603070072192 355.0468162534849 619.5220497125974 1.6477327904841 0.60404608815871 0.98596137079778 -3.1654482629275975 1.4780633877267375 10.907141027972882 -0.25726023102899664
Pedestrian 0 0 0 246.7557514948022 443.5572417375157 365.4202081494367 623.1380635663247 1.6067108474704 0.54530166983284 0.94568494598313 -2.919072252935593 1.4494208985954087 10.31162429235893 -0.04726663664639652
Car 0 0 0 482.42461259232016 427.8933666792195 579.603349156415 470.27805257829954 1.6011782989334 2.0499318400025 4.0969109435271 -4.15393174811883 0.2007794236980372 47.73236974784962 -0.9557484859565866
Cyclist 0 0 0 889.4476946008879 427.0319799388923 918.7948320581542 463.3108072053812 1.7305548685674 0.7204028465009 2.1891808729257 13.879760030646658 -0.010563370595240318 55.88418927506668 -1.6516592561759587
Pedestrian 0 0 0 687.1009887446274 423.570493599449 701.6007602712556 459.0783544970375 1.7956549399618 0.61862173700453 0.6183841090799 3.3533434532553485 -0.17592811784111873 57.179146030446425 -0.12791842027599665
Pedestrian 0 2 0 268.82065727645585 442.44952617650097 352.69845971632793 609.755598377511 1.6484206407871 0.66940057299399 0.77899310958983 -3.2149509692447524 1.4632242784559732 11.480654659263125 -0.20411945729739656
Car 0 1 0 487.1454444965069 426.6579026131736 514.5377622896334 455.2840065700335 1.4995148821083 1.5220836327961 4.1365561929874 -7.521761023273508 -0.5134356326873037 65.13060480295414 1.5038210154915035
Cyclist 0 1 0 105.30393635098676 420.7021878069804 135.67539463542488 456.5696753533169 1.5203215292783 1.1099049757978 2.1574480764391 -22.87240896152066 -0.3061663421745944 49.087077554548465 1.2239391955289034
Pedestrian 0 2 0 327.5577220649803 424.5459759038 343.50746533247644 458.6682744617659 1.6582230762739 0.58854263862581 0.64012982351699 -14.5157239047621 -0.1826033938039061 54.55194482973131 3.0990518000614897
Pedestrian 0 1 0 143.01061164202224 423.02381207638194 159.62437259867517 456.6521385451359 1.6411764705882 0.71083646994198 0.60874543546808 -23.81204011355501 -0.2853505611042409 54.4415126560328 2.95152124473419
