Car 0 1 0 370.1974325932607 424.05386021839 403.27324898827953 453.267434424904 1.5411400581933 1.6093539231132 4.018914956959 -14.183432410317018 -0.622981005340635 64.74455581237181 1.4573053831644036
Car 0 0 0 422.45294241137685 425.5367383500986 454.3205991792109 454.4950840854231 1.5178045646331 1.536788599107 4.2588223655948 -11.186485674634538 -0.5605242022754489 65.03201598321078 1.5038210154915035
Pedestrian 0 2 0 480.4940944487295 443.4384085337676 546.5678825397403 603.8420143295019 1.6630993090401 0.46361696733581 0.61780256312161 -1.1716555144997889 1.4754504543957945 11.975432220659377 -0.2345143603237967
Pedestrian 0 2 0 471.8903748258971 442.1791486872836 591.4195622863735 611.7729824110615 1.6596586945947 0.49027527940394 1.132614876542 -0.9305657375356517 1.4726416165918255 11.478048607678145 -0.25726023102899664
Pedestrian 0 0 0 498.391685056368 443.34276540191246 586.7773696026949 625.862498970167 1.6916435353315 0.43270607224699 0.77117141421678 -0.7593794631421122 1.524221575509203 10.733137726594038 -0.20085696624699656
Car 0 0 0 601.5791525243899 425.7650998143615 660.7813694752828 463.3945810536149 1.7286896432457 1.7163912457148 4.8755845024675 0.16089956440288525 -0.08678505392594513 57.6889835834615 -1.2401615005962465
Cyclist 0 0 0 829.7087380170315 425.6969793596404 847.6302620983004 456.6091044888973 1.7305548685674 0.77211382589835 1.9144368043567 12.259213405491966 -0.376968611122284 64.96307916456485 -1.4909496997966105
Pedestrian 0 0 0 731.4369754604328 423.39079775258017 745.4544975204761 458.8748735310799 1.7956549399618 0.61862173700453 0.70423410070221 5.61214644569979 -0.18251716550500174 57.015818800415616 0.14830140077680332
Car 0 1 0 487.1454444965069 426.6579026131736 514.5377622896334 455.2840065700335 1.4995148821083 1.5220836327961 4.1365561929874 -7.521761023273508 -0.5134356326873037 65.13060480295414 1.5038210154915035
Cyclist 0 1 0 105.30393635098676 420.7021878069804 135.67539463542488 456.5696753533169 1.5203215292783 1.1099049757978 2.1574480764391 -22.87240896152066 -0.3061663421745944 49.087077554548465 1.2239391955289034
Pedestrian 0 2 0 299.10150034068533 424.7649570145233 315.3562804159417 458.807599185072 1.6582230762739 0.58854263862581 0.64012982351699 -15.953945337710266 -0.1756241233907164 54.60947110221588 3.0990518000614897
