Car 0 1 0 370.1974325932607 424.05386021839 403.27324898827953 453.267434424904 1.5411400581933 1.6093539231132 4.018914956959 -14.183432410317018 -0.622981005340635 64.74455581237181 1.4573053831644036
Car 0 0 0 422.45294241137685 425.5367383500986 454.3205991792109 454.4950840854231 1.5178045646331 1.536788599107 4.2588223655948 -11.186485674634538 -0.5605242022754489 65.03201598321078 1.5038210154915035
Pedestrian 0 2 0 501.1386851663387 442.75822031425537 576.1503467195407 602.6805381483508 1.6630993090401 0.50337323079454 0.70957998216613 -0.9092194196749189 1.4679832862379485 12.06831526662675 -0.2345143603237967
Pedestrian 0 2 0 510.2141423208989 442.00518027655824 600.6017578469227 611.2760752491531 1.6786065734279 0.49027527940394 0.82854927994223 -0.6912907733994987 1.4855222682994491 11.550942597200365 -0.25726023102899664
Pedestrian 0 0 0 509.80022144637394 442.7193604188956 623.8920190766655 627.3651699969828 1.7118628408485 0.43270607224699 1.0248794151228 -0.5277785262773405 1.539403339187215 10.789812050835895 -0.20085696624699656
Car 0 0 0 607.975550501687 425.5249834065765 657.3889940146272 462.1480102630673 1.7286896432457 1.7577154411622 4.3636019047331 0.22796825972022763 -0.13030147324343064 58.407214908266475 -1.3352996507038666
Cyclist 0 0 0 820.2222666484896 426.41274357258175 839.1432679300085 454.1230920853717 1.5742180690709 0.75329804383552 1.9144368043567 11.955127655774884 -0.5303204197061185 66.22031300739184 -1.5556125384278154
Pedestrian 0 0 0 736.5021483782822 423.369682051293 751.507624007277 458.8607665477571 1.7956549399618 0.60789048805176 0.75789034546615 5.895304539074143 -0.18296111837971707 56.9889678378295 0.14830140077680332
Car 0 0 0 486.3135389898539 427.1221411890001 513.7467525829043 454.8493785821012 1.4452840350895 1.5220836327961 4.191283620333 -7.573219949339097 -0.5397731123449274 65.16142120047485 1.5038210154915035
Cyclist 0 1 0 105.30393635098676 420.7021878069804 135.67539463542488 456.5696753533169 1.5203215292783 1.1099049757978 2.1574480764391 -22.87240896152066 -0.3061663421745944 49.087077554548465 1.2239391955289034
Pedestrian 0 2 0 295.2205933148492 424.8105538691368 311.4180254528347 454.25018662676007 1.4302948157496 0.58854263862581 0.64012982351699 -16.14254103060114 -0.40032325475164154 54.57147056569365 3.0990518000614897
