Car 0 1 0 369.376599009676 424.2304998631944 402.7165444929237 453.65576707182805 1.5411400581933 1.6093539231132 4.018914956959 -14.128918820297436 -0.5977199651840996 64.31631980481241 1.4573053831644036
Car 0 0 0 644.9065132155552 427.7407314298447 676.2519108909681 456.0826896807681 1.4931624130452 1.665720174018 4.1107209389287 1.8145564480422078 -0.47143181281803287 65.69120030703499 -1.5529439056167376
Cyclist 0 0 0 667.1126525147771 430.8487340818346 702.6098612183506 475.202725336953 1.5685094279219 0.56933030011995 1.7082212802957 2.1202161635331556 0.4278136077320206 41.598995552243835 -0.9854863215574367
Pedestrian 0 1 0 238.80553436892976 425.72831048727153 253.94003035059356 459.9392659529324 1.6411764705882 0.56930675170348 0.55914560916844 -18.679515047106708 -0.11665975896143052 53.6060569897455 3.0605060492572895
Pedestrian 0 0 0 228.3360030134944 426.11175985182376 244.13798774887937 460.6922956222717 1.6411764705882 0.56849947858901 0.57749048171101 -18.973506997197813 -0.07936834049788412 53.01916991750577 3.0605060492572895
Pedestrian 0 1 0 240.5598893448971 425.3571067284811 257.004617971639 459.1999933265029 1.6411764705882 0.61712306510531 0.62300508836281 -18.792896809972827 -0.1560459659200136 54.277183489205655 3.0605060492572895
Car 0 0 0 422.3139014064238 424.2053502270463 454.22784175457633 453.1108017078979 1.5178045646331 1.536788599107 4.2588223655948 -11.179299339598245 -0.6385456024965163 64.95124818679918 1.5038210154915035
Pedestrian 0 0 0 536.9368681944127 424.8191588525954 549.4721106369033 455.669233214514 1.560914316882 0.55415011413927 0.60643266134314 -4.427411717461403 -0.3458932124395095 57.17145693871485 -0.0810866043324967
Cyclist 0 1 0 111.87967150110852 421.0279593624646 163.69936352797845 458.5068716037032 1.627297708771 1.1585305119309 2.2260324960485 -22.5214594609791 -0.21933000268586217 50.10091011794874 1.7551089519323897
Car 0 1 0 487.1454444965069 426.6579026131736 514.5377622896334 455.2840065700335 1.4995148821083 1.5220836327961 4.1365561929874 -7.521761023273508 -0.5134356326873037 65.13060480295414 1.5038210154915035
Pedestrian 0 1 0 194.0166442661492 424.8118930027846 210.69629752217708 459.1302954731425 1.6411764705882 0.62674029723885 0.59087663382354 -20.79169211997521 -0.15678791642846432 53.38336488155215 3.0605060492572895
Pedestrian 0 2 0 419.5512651077137 423.73379410382273 433.4032658391493 457.8984351904609 1.6582230762739 0.58854263862581 0.59058020144238 -9.999732340131994 -0.2213884512743858 54.652900221869764 3.0990518000614897
