Car 0 1 0 368.1651485171712 424.24405020364617 401.584224720784 453.673561292611 1.5411400581933 1.6093539231132 4.018914956959 -14.195499739388563 -0.5966427464751114 64.30639565883834 1.4573053831644036
Cyclist 0 0 0 785.110649248724 428.2481113704488 816.3991558448454 463.14115311523966 1.4930892470928 0.56933030011995 1.7490561810717 7.754073518263403 -0.007235911446105248 50.02148690928911 -0.8359728192074266
Pedestrian 0 1 0 192.76470813826 426.1007764498452 208.4046270426391 460.17734887597845 1.6411764705882 0.56930675170348 0.55914560916844 -20.999313192228424 -0.10460611958054597 53.685553177373876 3.0605060492572895
Car 0 1 0 487.1454444965069 426.6579026131736 514.5377622896334 455.2840065700335 1.4995148821083 1.5220836327961 4.1365561929874 -7.521761023273508 -0.5134356326873037 65.13060480295414 1.5038210154915035
Car 0 0 0 422.3139014064238 424.2053502270463 454.22784175457633 453.1108017078979 1.5178045646331 1.536788599107 4.2588223655948 -11.179299339598245 -0.6385456024965163 64.95124818679918 1.5038210154915035
Car 0 0 0 -8.881698460138523 426.9944784987521 147.798263376892 482.4464159266928 1.6301945901337 1.7230292636431 4.5742697687259 -18.350910310072354 0.539511007046948 35.96516349324221 -0.36855658103209654
Cyclist 0 0 0 1107.9033490696952 428.3036059291205 1160.576065392513 486.2450740865978 1.9118746118293 0.63766527946498 2.0262823400793 17.686679719513602 0.7561259081647819 38.33966453958074 -1.7125845371088466
Pedestrian 0 0 0 176.15300300296946 426.8676617067609 192.73733720557885 461.7292932396658 1.6411764705882 0.56849947858901 0.57749048171101 -21.306591633144706 -0.028512615893783858 52.45251907564738 3.0605060492572895
Pedestrian 0 1 0 200.28838122905904 425.6512507237662 217.1790924682922 459.3364951350489 1.6411764705882 0.61712306510531 0.62300508836281 -20.871220206760864 -0.14920977921328857 54.414548254291276 3.0605060492572895
Cyclist 0 1 0 106.4157862806843 420.3829677592461 161.93261153479614 456.28082853116655 1.5203215292783 1.1099049757978 2.5187047594831 -22.325898207975673 -0.3231912877913514 49.30512048218973 1.7551089519323897
Pedestrian 0 0 0 602.537728532185 424.3921594367774 615.5774974171557 455.3219194495591 1.560914316882 0.55415011413927 0.60643266134314 -1.0335763699751441 -0.3638060351789993 57.05980356655252 -0.0810866043324967
Pedestrian 0 1 0 147.73951855023023 421.30635300732206 164.89469527110003 455.2943274321264 1.6411764705882 0.62674029723885 0.59087663382354 -23.234059643229987 -0.34473793109162176 53.699880817536375 3.0605060492572895
Pedestrian 0 2 0 375.95024158652006 424.1876713397739 391.3747190645741 458.4463591290718 1.6582230762739 0.58854263862581 0.64012982351699 -12.085457498326972 -0.19363951784281472 54.442099004309775 3.0990518000614897
