Car 0 1 0 369.376599009676 424.2304998631944 402.7165444929237 453.65576707182805 1.5411400581933 1.6093539231132 4.018914956959 -14.128918820297436 -0.5977199651840996 64.31631980481241 1.4573053831644036
Car 0 0 0 645.9167313711018 427.1659376896654 678.6639338780569 454.8720684199782 1.4931624130452 1.7595541583673 4.1107209389287 2.0078742967933714 -0.5456016164141655 66.90627254995495 -1.4574491242364465
Cyclist 0 0 0 681.0305367869124 428.4758753386969 719.7408976044139 473.394746862328 1.6297617790859 0.56933030011995 1.7082212802957 2.754132482731987 0.3719664875598542 42.45445598313299 -0.8388638239653866
Pedestrian 0 1 0 234.91389804848245 425.7735976593565 250.0991564631612 459.9915903812168 1.6411764705882 0.56930675170348 0.55914560916844 -18.864605533401143 -0.11403026212049525 53.58456251139805 3.0605060492572895
Cyclist 0 1 0 111.87967150110852 421.0279593624646 163.69936352797845 458.5068716037032 1.627297708771 1.1585305119309 2.2260324960485 -22.5214594609791 -0.21933000268586217 50.10091011794874 1.7551089519323897
Pedestrian 0 1 0 241.62428502346896 425.3997302421721 258.0887145889796 459.3126863036585 1.6411764705882 0.61712306510531 0.62300508836281 -18.701313849813523 -0.15026047595193867 54.16953482354042 3.0605060492572895
Car 0 1 0 487.1454444965069 426.6579026131736 514.5377622896334 455.2840065700335 1.4995148821083 1.5220836327961 4.1365561929874 -7.521761023273508 -0.5134356326873037 65.13060480295414 1.5038210154915035
Car 0 0 0 422.3139014064238 424.2053502270463 454.22784175457633 453.1108017078979 1.5178045646331 1.536788599107 4.2588223655948 -11.179299339598245 -0.6385456024965163 64.95124818679918 1.5038210154915035
Pedestrian 0 0 0 544.9950407243484 424.8065992516384 557.6118317645067 455.7129347852968 1.560914316882 0.55415011413927 0.60643266134314 -4.002928503117045 -0.3431940660486898 57.075043669896324 -0.0810866043324967
Pedestrian 0 0 0 220.4668882087205 426.2036411227172 236.372869373096 460.7983515302679 1.6411764705882 0.56849947858901 0.57749048171101 -19.34368796978767 -0.07410934681600469 52.976180960810844 3.0605060492572895
Pedestrian 0 1 0 189.590350058554 421.0575558788861 206.33005667645085 455.35028180595606 1.6411764705882 0.62674029723885 0.59087663382354 -20.997614244749656 -0.3398961665902699 53.348463454587794 3.0605060492572895
Pedestrian 0 2 0 414.6025745151162 423.8400588362139 428.5479116192437 458.0856057531898 1.6582230762739 0.58854263862581 0.59058020144238 -10.217736995560177 -0.21166536148159054 54.51698679585828 3.0990518000614897
