Car 0 1 0 369.376599009676 424.2304998631944 402.7165444929237 453.65576707182805 1.5411400581933 1.6093539231132 4.018914956959 -14.128918820297436 -0.5977199651840996 64.31631980481241 1.4573053831644036
Car 0 0 0 608.6191528019493 425.87720292327714 667.0914879581629 462.6884606219968 1.6590417682556 1.9157981632521 4.7006566407001 0.4985836386820739 -0.11660808444762394 56.54755046323682 -1.2929148902973364
Cyclist 0 0 0 554.8649468791251 430.823658582182 602.9508806083275 478.5274302998735 1.4910288040503 0.56933030011995 1.7378688991045 -1.6241482120164603 0.4823423158911525 36.906400297605344 -0.8540601630706766
Pedestrian 0 1 0 266.5142797422882 425.3791907730644 281.9656477323697 459.5104844385641 1.6411764705882 0.55949870178843 0.59468537012075 -17.358331295250572 -0.1382194875058312 53.80605874688956 3.0605060492572895
Pedestrian 0 0 0 256.7365980795913 425.7368511196767 273.5833706642881 460.3096636831542 1.6411764705882 0.62539040825744 0.63436631652993 -17.61069315072957 -0.10044097284664674 53.20602042679591 3.0605060492572895
Car 0 1 0 419.4630557905044 424.487834088088 451.6126359482346 453.34375507318 1.5085901903556 1.5344931835592 4.2459127997797 -11.300095352032079 -0.6231889293343473 64.72208518985515 1.5038210154915035
Pedestrian 0 1 0 273.4618468826946 424.9992158042456 289.3845916749419 458.7342202270528 1.6411764705882 0.5484667157 0.63281313827785 -17.2054054751716 -0.17792034626605044 54.45021493019352 3.0605060492572895
Pedestrian 0 0 0 501.949384539794 421.8307676616604 515.6208587140607 454.2936989618528 1.6411764705882 0.63292690531029 0.67612047083904 -6.19939846802442 -0.41833413588975216 57.13135030652733 -0.0810866043324967
Pedestrian 0 1 0 225.4237155133329 424.4472356507527 241.65732711612952 458.70994319764384 1.6411764705882 0.62674029723885 0.59087663382354 -19.30122662507494 -0.17796228572664016 53.55645199666747 3.0605060492572895
Cyclist 0 1 0 134.99287412775325 420.0176794090172 194.6161511663691 461.86700022652303 1.8736381970431 1.3138204531365 2.5454941901296 -21.998155225268306 -0.08272442581973508 51.87669310588278 1.879851468138689
Car 0 1 0 487.1454444965069 426.6579026131736 514.5377622896334 455.2840065700335 1.4995148821083 1.5220836327961 4.1365561929874 -7.521761023273508 -0.5134356326873037 65.13060480295414 1.5038210154915035
Pedestrian 0 2 0 443.6813317973536 423.4942393228615 457.2224974945733 457.6260505375028 1.6582230762739 0.58854263862581 0.59058020144238 -8.82403991167391 -0.2353547148769019 54.743760993220015 3.0990518000614897
