Car 0 1 0 370.1974325932607 424.05386021839 403.27324898827953 453.267434424904 1.5411400581933 1.6093539231132 4.018914956959 -14.183432410317018 -0.622981005340635 64.74455581237181 1.4573053831644036
Car 0 0 0 422.45294241137685 425.5367383500986 454.3205991792109 454.4950840854231 1.5178045646331 1.536788599107 4.2588223655948 -11.186485674634538 -0.5605242022754489 65.03201598321078 1.5038210154915035
Pedestrian 0 2 0 502.0405926398755 442.336039079168 599.4862956333792 602.6307810526455 1.6630993090401 0.50337323079454 0.95805662878317 -0.7798947376552846 1.4649113613119644 12.103941916675327 -0.2345143603237967
Pedestrian 0 2 0 548.2636644173791 439.304438424842 613.5562179976753 611.744987687075 1.7187335368714 0.50641548069607 0.57176055821729 -0.42639344990291667 1.4949507489156537 11.529264806665003 -0.2023542017473965
Pedestrian 0 0 0 529.629323879498 442.61577872622905 632.3139302903971 628.2572650554687 1.7118628408485 0.52478046426079 0.89188307110285 -0.39268132382419046 1.5393161354751974 10.774921315187362 -0.20085696624699656
Car 0 0 0 617.8673595902725 427.7173957542566 662.7581476927035 459.8409500010749 1.5501129096833 1.6333562661492 4.3636019047331 0.6409080146511471 -0.25047256232805126 60.363064544460585 -1.3372259015917867
Pedestrian 0 0 0 741.3464709290512 423.37884090932255 753.4882688322085 458.8949599594043 1.7956549399618 0.60789048805176 0.61294829254933 6.064898138194406 -0.18109588091680773 56.9373143442356 0.14830140077680332
Car 0 0 0 486.3135389898539 427.1221411890001 513.7467525829043 454.8493785821012 1.4452840350895 1.5220836327961 4.191283620333 -7.573219949339097 -0.5397731123449274 65.16142120047485 1.5038210154915035
Cyclist 0 0 0 817.1559585526918 425.9634977299871 835.7052956111971 453.24805488543495 1.5742180690709 0.75329804383552 1.9144368043567 11.935250351371403 -0.5896926490773381 67.21371885825364 -1.5556125384278154
Cyclist 0 1 0 105.30393635098676 420.7021878069804 135.67539463542488 456.5696753533169 1.5203215292783 1.1099049757978 2.1574480764391 -22.87240896152066 -0.3061663421745944 49.087077554548465 1.2239391955289034
Pedestrian 0 2 0 295.2205933148492 424.8105538691368 311.4180254528347 454.25018662676007 1.4302948157496 0.58854263862581 0.64012982351699 -16.14254103060114 -0.40032325475164154 54.57147056569365 3.0990518000614897
