Car 0 0 0 640.3275547658798 424.7179732605524 668.4981638068709 449.6172528288772 1.6142630511829 1.8512244208778 4.2697281204251 1.747935257174048 -1.0033202719302436 79.72273254186015 -1.5524851420719326
Car 0 1 0 369.376599009676 424.2304998631944 402.7165444929237 453.65576707182805 1.5411400581933 1.6093539231132 4.018914956959 -14.128918820297436 -0.5977199651840996 64.31631980481241 1.4573053831644036
Car 0 0 0 590.5917090621316 426.8673539766053 661.5257552804649 465.1816751499491 1.6590417682556 1.8494806216108 4.7006566407001 -0.08875244285062675 -0.003737434316353372 54.73340813119386 -1.1544883840161364
Cyclist 0 0 0 520.9874318171707 436.69325873868 567.5785735927872 481.166722913879 1.3462136891989 0.56933030011995 1.4883683819357 -2.6907980134909217 0.5582795827259709 35.76796804854997 -0.7834909387017466
Pedestrian 0 1 0 229.93346883118704 424.39504072632775 246.10328692738028 458.6496037618773 1.6411764705882 0.62674029723885 0.59087663382354 -19.086911325153928 -0.1810069662793473 53.58134034001776 3.0605060492572895
Pedestrian 0 1 0 276.56174999918824 425.169363836437 292.6396299626385 459.25449359908265 1.6411764705882 0.62695668387628 0.62064937051508 -16.90430145545597 -0.15334980783257465 54.003667742430395 3.0605060492572895
Pedestrian 0 0 0 264.7906383413424 425.6437162104381 281.522429649311 460.2011905606983 1.6411764705882 0.62539040825744 0.63436631652993 -17.23077057359786 -0.10583836109913322 53.25014067182545 3.0605060492572895
Cyclist 0 1 0 143.47256070776888 419.77974657064857 202.3215366567897 461.28567343436464 1.8736381970431 1.3138204531365 2.5454941901296 -21.784363230740524 -0.10997113643642624 52.305608550215055 1.879851468138689
Car 0 1 0 419.4630557905044 424.487834088088 451.6126359482346 453.34375507318 1.5085901903556 1.5344931835592 4.2459127997797 -11.300095352032079 -0.6231889293343473 64.72208518985515 1.5038210154915035
Pedestrian 0 1 0 280.6785467872133 424.8341762357292 296.46091317676473 458.4486402713192 1.6411764705882 0.5484667157 0.63281313827785 -16.911431990916856 -0.1927265461260724 54.66178017713088 3.0605060492572895
Car 0 1 0 487.1454444965069 426.6579026131736 514.5377622896334 455.2840065700335 1.4995148821083 1.5220836327961 4.1365561929874 -7.521761023273508 -0.5134356326873037 65.13060480295414 1.5038210154915035
Pedestrian 0 2 0 448.6252089673085 425.2747227744565 462.1042458509929 460.825148112074 1.7306212232884 0.58854263862581 0.59058020144238 -8.597785480846081 -0.07819727043844416 54.86034929634379 3.0990518000614897
Pedestrian 0 0 0 487.9016668945227 421.95346485639294 501.6036660780376 454.4248458428325 1.6411764705882 0.63292690531029 0.67612047083904 -6.916626957984161 -0.4113071710310657 57.10084309459988 -0.0810866043324967
