Car 0 1 0 369.376599009676 424.2304998631944 402.7165444929237 453.65576707182805 1.5411400581933 1.6093539231132 4.018914956959 -14.128918820297436 -0.5977199651840996 64.31631980481241 1.4573053831644036
Car 0 0 0 643.9754176269586 426.875358025212 672.1040085080126 449.7745874936049 1.4931624130452 1.7899435026138 4.1107209389287 2.0337761232123994 -1.0000207728964376 80.73748514698309 -1.5718492802420039
Cyclist 0 0 0 770.9746687054878 427.2170065726704 803.7547842817596 466.30473305856526 1.6289751790829 0.56933030011995 1.7490561810717 6.94294882196357 0.12780652194790587 48.56474520772997 -0.8258863443375066
Pedestrian 0 1 0 201.5986979140632 426.1344724717491 217.2035414699426 460.3747382796528 1.6411764705882 0.56930675170348 0.55914560916844 -20.469053740173624 -0.09477987581234801 53.45738071077714 3.0605060492572895
Pedestrian 0 0 0 188.06080473060933 426.7277350936544 204.48500377985567 461.5685801097453 1.6411764705882 0.56849947858901 0.57749048171101 -20.751320174260442 -0.036401106416658516 52.51700251069077 3.0605060492572895
Car 0 1 0 487.1454444965069 426.6579026131736 514.5377622896334 455.2840065700335 1.4995148821083 1.5220836327961 4.1365561929874 -7.521761023273508 -0.5134356326873037 65.13060480295414 1.5038210154915035
Car 0 0 0 422.3139014064238 424.2053502270463 454.22784175457633 453.1108017078979 1.5178045646331 1.536788599107 4.2588223655948 -11.179299339598245 -0.6385456024965163 64.95124818679918 1.5038210154915035
Cyclist 0 0 0 1164.9261600012555 427.1560858175205 1224.6959225326475 491.5610905476289 1.9717795833311 0.63766527946498 1.8434694668978 18.293728643198026 0.8655819998679131 35.30643499307545 -1.8027430823748865
Pedestrian 0 1 0 206.0618899406008 425.76317139933656 222.9881497407592 459.6733368957456 1.6411764705882 0.61712306510531 0.62300508836281 -20.447832071765486 -0.13194450171093627 54.075139558048576 3.0605060492572895
Cyclist 0 1 0 105.19395288964084 422.1623180244078 160.74923995969078 458.13282801368666 1.5203215292783 1.1099049757978 2.5187047594831 -22.388199232243963 -0.24167859555615095 49.31947231203893 1.7551089519323897
Pedestrian 0 0 0 590.1917419577079 424.4362848181201 603.1227160148914 455.3149922397969 1.560914316882 0.55415011413927 0.60643266134314 -1.6732595364771288 -0.36453847996084193 57.149428421265974 -0.0810866043324967
Pedestrian 0 1 0 158.73765364035836 421.2059306393999 175.7557456239399 455.2173977554263 1.6411764705882 0.62674029723885 0.59087663382354 -22.680567216656627 -0.34846731656654295 53.695158563715616 3.0605060492572895
Pedestrian 0 2 0 384.0832529433854 424.1047898410338 399.4042608206105 458.3542427866802 1.6582230762739 0.58854263862581 0.64012982351699 -11.690266765613329 -0.1983340577085697 54.472640440243346 3.0990518000614897
