Car 0 1 0 369.376599009676 424.2304998631944 402.7165444929237 453.65576707182805 1.5411400581933 1.6093539231132 4.018914956959 -14.128918820297436 -0.5977199651840996 64.31631980481241 1.4573053831644036
Car 0 0 0 639.9127555772891 427.1606016043228 676.9999780609605 454.5227550961407 1.3892493398767 1.5807024299143 4.1107209389287 1.6924948247961702 -0.5409899873028122 63.3913058465162 -1.3790914200400366
Cyclist 0 0 0 648.8468229563193 431.776830901983 685.7160088671892 477.2220469147397 1.5685094279219 0.56933030011995 1.7082212802957 1.4318739645163947 0.489184580049569 40.657920085661175 -0.9854863215574367
Pedestrian 0 1 0 244.3441890484001 425.66286770927263 259.40588752375464 459.86237328799166 1.6411764705882 0.56930675170348 0.55914560916844 -18.416747534089016 -0.12052558374003661 53.638788767297385 3.0605060492572895
Pedestrian 0 0 0 234.75204512166363 426.0369475627832 250.46934570197243 460.6058324874266 1.6411764705882 0.56849947858901 0.57749048171101 -18.67151725640104 -0.08365857218580998 53.05423985586348 3.0605060492572895
Pedestrian 0 1 0 250.47917277103 425.2621377832284 266.7991849120022 459.11306173151246 1.6411764705882 0.61712306510531 0.62300508836281 -18.300855299725832 -0.16046048851959335 54.29133241919526 3.0605060492572895
Car 0 0 0 422.3139014064238 424.2053502270463 454.22784175457633 453.1108017078979 1.5178045646331 1.536788599107 4.2588223655948 -11.179299339598245 -0.6385456024965163 64.95124818679918 1.5038210154915035
Pedestrian 1 1 0 -762.233188138489 456.2837430790847 -617.0278229885104 670.2776584655784 1.7117647058824 0.48832965185103 0.41106641231366 -11.085683650250923 1.6806884896177385 9.716028104808458 -0.5533338848763967
Pedestrian 1 2 0 -886.4562148324541 453.5176444778749 -664.3739022890517 693.2894034806782 1.7621107266436 0.58322204215339 0.41106641231366 -10.917372432125337 1.7117831265611707 9.176652569630528 -0.055268474365496534
Pedestrian 0 1 0 201.618968284214 424.7234610757176 218.1903197129205 459.0285295367526 1.6411764705882 0.62674029723885 0.59087663382354 -20.431252751927225 -0.16190851553979665 53.425222549913485 3.0605060492572895
Cyclist 0 1 0 117.79564369459302 420.8044719291326 167.3057284022732 463.5530280373647 1.8736381970431 1.3138204531365 2.2260324960485 -22.458539536415753 0.004586733977456098 50.47505962514885 1.5955042863463902
Car 0 1 0 487.1454444965069 426.6579026131736 514.5377622896334 455.2840065700335 1.4995148821083 1.5220836327961 4.1365561929874 -7.521761023273508 -0.5134356326873037 65.13060480295414 1.5038210154915035
Pedestrian 0 0 0 530.2705064061385 424.82477516488495 542.7359346264877 455.6225079070714 1.560914316882 0.55415011413927 0.60643266134314 -4.780717392749877 -0.34873728862452963 57.26167704800146 -0.0810866043324967
Pedestrian 0 2 0 424.4198473019127 423.6852066046537 438.2093273764648 457.84344263737 1.6582230762739 0.58854263862581 0.59058020144238 -9.7626179005955 -0.22420517570871973 54.671225083392585 3.0990518000614897
