Car 0 1 0 368.5678651745184 424.1369455883964 401.8312595241133 453.4370619433504 1.5411400581933 1.6093539231132 4.018914956959 -14.234626219876867 -0.6119860058898341 64.56722904753971 1.4573053831644036
Cyclist 0 0 0 832.7819347822152 423.2584800981923 854.2719186124144 450.7780059052472 1.5720621795034 0.73898077118312 1.8080374158797 12.789001075600511 -0.7262094006554288 66.23043502519603 -1.6617793729204426
Car 0 0 0 422.45294241137685 425.5367383500986 454.3205991792109 454.4950840854231 1.5178045646331 1.536788599107 4.2588223655948 -11.186485674634538 -0.5605242022754489 65.03201598321078 1.5038210154915035
Pedestrian 0 2 0 431.8783986145834 443.8514532003175 499.1188691835143 605.3903503486754 1.6434559636552 0.63417486926696 0.59150435257121 -1.6786296603764552 1.4653013444590999 11.877706473769479 -0.2747622031144965
Pedestrian 0 2 0 410.02194589702816 442.565340750625 515.022409474802 615.496355166856 1.6708374961905 0.49027527940394 0.96949940303216 -1.61603887094126 1.4899342980794648 11.272350768697496 -0.25726023102899664
Pedestrian 0 0 0 416.0069662086131 443.44158266900905 533.1758181633669 632.4624013779664 1.7330725027035 0.53940651778532 1.0481012744963 -1.4184852973619777 1.571196058670521 10.728094194668728 -0.20085696624699656
Car 0 0 0 574.4989132502269 424.7518592622945 646.2938251535265 464.59687964587965 1.7286896432457 1.9396740416941 4.8755845024675 -0.8519603775105581 -0.036388379739558316 54.586711433713866 -1.1993579995791466
Cyclist 0 0 0 842.8574677307488 424.0733184591836 868.1567324271621 456.3876391527579 1.7305548685674 0.77211382589835 1.9144368043567 12.682673732354907 -0.37809750069475195 62.163661540105196 -1.6934040184855166
Pedestrian 0 0 0 719.260688238098 423.3688191336987 735.6158312099478 458.9146970572149 1.7956549399618 0.61862173700453 0.70423410070221 5.0530961006667185 -0.18541937231107997 57.131903558972766 -0.12791842027599665
Car 0 1 0 487.1454444965069 426.6579026131736 514.5377622896334 455.2840065700335 1.4995148821083 1.5220836327961 4.1365561929874 -7.521761023273508 -0.5134356326873037 65.13060480295414 1.5038210154915035
Cyclist 0 1 0 105.30393635098676 420.7021878069804 135.67539463542488 456.5696753533169 1.5203215292783 1.1099049757978 2.1574480764391 -22.87240896152066 -0.3061663421745944 49.087077554548465 1.2239391955289034
Pedestrian 0 2 0 307.9392752126167 424.70458894198737 324.10463973706936 458.7827732278073 1.6582230762739 0.58854263862581 0.64012982351699 -15.501512648056952 -0.17683751544537973 54.57498152609438 3.0990518000614897
