Car 0 1 0 370.1974325932607 424.05386021839 403.27324898827953 453.267434424904 1.5411400581933 1.6093539231132 4.018914956959 -14.183432410317018 -0.622981005340635 64.74455581237181 1.4573053831644036
Car 0 0 0 422.45294241137685 425.5367383500986 454.3205991792109 454.4950840854231 1.5178045646331 1.536788599107 4.2588223655948 -11.186485674634538 -0.5605242022754489 65.03201598321078 1.5038210154915035
Pedestrian 0 2 0 446.49141813222286 442.9792070818958 538.3232204353416 605.596160502509 1.6630993090401 0.63417486926696 0.87817137902436 -1.4060669069717566 1.4757272991978965 11.999174259975995 -0.2345143603237967
Pedestrian 0 2 0 471.8903748258914 442.8056054248517 558.5105684396523 611.7729824110693 1.6596586945947 0.49027527940394 0.78546723802872 -1.096767045180646 1.4768344377774845 11.428174662001188 -0.25726023102899664
Pedestrian 0 0 0 474.3903685429083 443.7187917414008 566.847875841609 627.1661108739786 1.6916435353315 0.43270607224699 0.80988471210751 -0.9666159858164605 1.529087864153022 10.683498739383277 -0.20085696624699656
Car 0 0 0 597.0716723144342 426.1001135921819 658.1591237990017 464.1907331137364 1.7286896432457 1.7692587415657 4.8755845024675 -0.020704421449615026 -0.04870651446399174 57.075376003616896 -1.2401615005962465
Cyclist 0 0 0 830.7405964220154 426.0116305166826 851.4951361505889 457.3000438983998 1.7305548685674 0.77211382589835 1.9144368043567 12.270552171304653 -0.33534816741352586 64.26700714812466 -1.5754374891550995
Pedestrian 0 0 0 728.2757949150405 423.4017934049831 742.3258059125582 458.8761652551532 1.7956549399618 0.61862173700453 0.70423410070221 5.452211179217708 -0.18244882073867053 57.034029634049226 0.14830140077680332
Car 0 1 0 487.1454444965069 426.6579026131736 514.5377622896334 455.2840065700335 1.4995148821083 1.5220836327961 4.1365561929874 -7.521761023273508 -0.5134356326873037 65.13060480295414 1.5038210154915035
Cyclist 0 1 0 105.30393635098676 420.7021878069804 135.67539463542488 456.5696753533169 1.5203215292783 1.1099049757978 2.1574480764391 -22.87240896152066 -0.3061663421745944 49.087077554548465 1.2239391955289034
Pedestrian 0 2 0 302.7355955531422 424.72667430763465 318.94537098679984 458.7663153363525 1.6582230762739 0.58854263862581 0.64012982351699 -15.77610950822049 -0.1777366663274465 54.62321474836741 3.0990518000614897
