Car 0 1 0 369.6019150069109 424.12538673429856 402.7980282026177 453.4218950646127 1.5411400581933 1.6093539231132 4.018914956959 -14.177556860655468 -0.6129093362118103 64.57573545837434 1.4573053831644036
Cyclist 0 0 0 842.0175136003488 428.2195093888812 855.0024206588332 456.1422047609493 1.4193767555465 0.67112058275785 1.8080374158797 11.754930775939687 -0.3709908670894625 59.373920899826935 -1.3364071681785565
Pedestrian 0 1 0 138.55268108447285 423.3993637607991 157.27473953232527 457.5314223769911 1.6411764705882 0.73236448136754 0.62751081765418 -23.627036480477663 -0.2381116772810022 53.63064863762947 3.0605060492572895
Car 0 1 0 487.1454444965069 426.6579026131736 514.5377622896334 455.2840065700335 1.4995148821083 1.5220836327961 4.1365561929874 -7.521761023273508 -0.5134356326873037 65.13060480295414 1.5038210154915035
Pedestrian 0 2 0 167.7857547056841 445.2266429128087 282.5648166494077 621.9307647028772 1.6175118400621 0.60404608815871 0.98487976507391 -3.822013100056523 1.4750469857463404 10.684745953605592 -0.2586315401408965
Pedestrian 0 0 0 171.28110053656582 446.30105318746695 282.5429152514705 630.4648419371149 1.6177782027677 0.56440698476509 0.79618160057382 -3.5880341128962 1.4888290045331327 10.076661267926694 -0.016995007574096554
Car 0 0 0 416.08909596720446 424.9782447118188 530.2725333554329 471.7065680007099 1.662432631327 1.7951098115185 4.4420155982644 -6.223562484649953 0.23267800616699919 44.75950696426155 -0.8026517298110666
Cyclist 0 0 0 915.228637292211 428.8400610368725 943.80590396729 467.350838448948 1.7305548685674 0.63766527946498 2.1891808729257 14.323356267514212 0.17542551973419301 52.726115974772526 -1.6044151535774216
Pedestrian 0 0 0 669.8932086065522 423.6935781482167 684.2783565153491 459.2160155135229 1.7956549399618 0.61862173700453 0.6183841090799 2.4641720642737304 -0.16856078260680873 57.163762066961525 -0.12791842027599665
Cyclist 0 1 0 108.91573548764644 420.44260875853047 158.6033939642441 455.9644744201343 1.5203215292783 1.1099049757978 2.1574480764391 -22.389714342064437 -0.32772348610465296 49.38849037104704 1.7174585314791901
Pedestrian 0 2 0 336.2622766382073 424.4553606602501 352.103277475214 458.5694996602672 1.6582230762739 0.58854263862581 0.64012982351699 -14.090893867280393 -0.18765002415738755 54.58477687334546 3.0990518000614897
Car 0 0 0 422.4281304839553 424.1739903095137 454.2986990755926 453.04253770005687 1.5178045646331 1.536788599107 4.2588223655948 -11.187083777617397 -0.6430319325478545 65.02707283815461 1.5038210154915035
Pedestrian 0 1 0 173.87527230424774 442.6165343222884 286.0881505412757 618.283777897885 1.7044278067475 0.76703674175505 0.89081530221207 -3.9890982069019003 1.5253527695392524 11.273102490981112 -0.06666982164199653
