Car 0 1 0 370.1974325932607 424.05386021839 403.27324898827953 453.267434424904 1.5411400581933 1.6093539231132 4.018914956959 -14.183432410317018 -0.622981005340635 64.74455581237181 1.4573053831644036
Cyclist 0 0 0 823.253797523236 423.0145990645176 851.4020640285244 450.21222115992094 1.5720621795034 0.73898077118312 1.8080374158797 12.546246083231624 -0.7661996413541 66.92729734416322 -1.9948152380754565
Car 0 0 0 422.45294241137685 425.5367383500986 454.3205991792109 454.4950840854231 1.5178045646331 1.536788599107 4.2588223655948 -11.186485674634538 -0.5605242022754489 65.03201598321078 1.5038210154915035
Pedestrian 0 2 0 436.40687717414016 443.418936887987 521.0392369807502 605.1094525516803 1.6434559636552 0.63417486926696 0.77811613372822 -1.5430037632732252 1.4617241964387002 11.921003538614753 -0.2747622031144965
Pedestrian 0 2 0 430.5829591178412 438.3657791308867 535.3861961882079 614.2628165157564 1.710778740429 0.49027527940394 0.96949940303216 -1.415253942594085 1.4848690232433783 11.332602620809595 -0.25726023102899664
Pedestrian 0 0 0 441.6889662485718 443.2807666204045 542.8169769687795 631.121037026904 1.7330725027035 0.53940651778532 0.89274264685143 -1.2523326829676902 1.5676061542947848 10.767910555782729 -0.20085696624699656
Car 0 0 0 588.7292608004309 425.0597430336469 654.6787441144376 463.8287573594674 1.7286896432457 1.7692587415657 4.8755845024675 -0.3129766242139661 -0.06900011340668467 56.035013025294965 -1.1993579995791466
Cyclist 0 0 0 833.0943933242811 423.5013877086596 858.6987898761918 455.11064611024176 1.7305548685674 0.77211382589835 1.9144368043567 12.402621136699329 -0.4571040786040041 63.516270832459206 -1.7350342347043965
Pedestrian 0 0 0 726.515310783641 423.47730637087307 740.6174620923043 459.0337386780434 1.7956549399618 0.61862173700453 0.70423410070221 5.351161849774484 -0.17400889838739153 56.905382814319324 0.14830140077680332
Car 0 1 0 487.1454444965069 426.6579026131736 514.5377622896334 455.2840065700335 1.4995148821083 1.5220836327961 4.1365561929874 -7.521761023273508 -0.5134356326873037 65.13060480295414 1.5038210154915035
Cyclist 0 1 0 105.30393635098676 420.7021878069804 135.67539463542488 456.5696753533169 1.5203215292783 1.1099049757978 2.1574480764391 -22.87240896152066 -0.3061663421745944 49.087077554548465 1.2239391955289034
Pedestrian 0 2 0 306.0160324956533 424.6921605128624 322.1851623192428 458.7290547470662 1.6582230762739 0.58854263862581 0.64012982351699 -15.61557427540372 -0.17964369244910916 54.63562135642313 3.0990518000614897
