Cyclist 0 0 0 837.3031740420597 427.9223078986397 850.9255621902091 456.9675772456672 1.4193767555465 0.67112058275785 1.8080374158797 11.081691356143855 -0.31682547568698555 57.105832856824925 -1.3364071681785565
Pedestrian 0 1 0 149.6470891292695 425.01654917452686 172.8833969407621 459.934638969605 1.6411764705882 0.62295270924171 0.86290401561524 -22.44796991282425 -0.11736117679808955 52.45654349804383 3.0605060492572895
Car 0 1 0 487.1454444965069 426.6579026131736 514.5377622896334 455.2840065700335 1.4995148821083 1.5220836327961 4.1365561929874 -7.521761023273508 -0.5134356326873037 65.13060480295414 1.5038210154915035
Pedestrian 0 1 0 120.32325675486516 438.5476407242826 204.97956096942085 611.6743276736909 1.6938975805546 0.5276027972144 0.62492074247808 -4.637162684072596 1.468606071697025 11.109894176528238 -0.06666982164199653
Pedestrian 0 1 0 118.2738709598998 442.6734618219536 194.64611633358925 623.2247651252817 1.659885578784 0.48009390060158 0.50875818583628 -4.404383326447451 1.4876893908767723 10.41964717074634 -0.07322456839409663
Pedestrian 0 0 0 81.99181452828066 443.663736039232 190.72346246906164 629.6873211867113 1.5735681927028 0.56440698476509 0.66675961958182 -4.245878734411657 1.4252644274172404 9.644726226691896 0.04448574262280336
Car 0 0 0 343.1254368196254 426.9862846912451 468.7757974737904 476.4414725390935 1.662432631327 1.7951098115185 4.457570473452 -8.484815090990926 0.38973594416156077 42.411606473524785 -0.7262375738606266
Cyclist 0 0 0 951.1406713396976 428.1204116433145 983.1135378058872 467.7065303991608 1.670649734841 0.63766527946498 2.1891808729257 15.169485640818035 0.17585152670910964 49.53964461600361 -1.6044151535774216
Pedestrian 0 0 0 656.3635159437724 423.7345990061645 670.6281874242097 459.1947774229899 1.7956549399618 0.61862173700453 0.6183841090799 1.7681614373527215 -0.16969261564528515 57.266868660302244 -0.12791842027599665
Car 0 0 0 422.4281304839553 424.1739903095137 454.2986990755926 453.04253770005687 1.5178045646331 1.536788599107 4.2588223655948 -11.187083777617397 -0.6430319325478545 65.02707283815461 1.5038210154915035
Car 0 1 0 368.5678651745184 424.1369455883964 401.8312595241133 453.4370619433504 1.5411400581933 1.6093539231132 4.018914956959 -14.234626219876867 -0.6119860058898341 64.56722904753971 1.4573053831644036
Cyclist 0 1 0 105.58390180121114 420.5754700053932 155.64926272194418 456.28424842086014 1.5203215292783 1.1099049757978 2.1574480764391 -22.41840812928597 -0.31219041761354327 49.13269482962082 1.7174585314791901
Pedestrian 0 1 0 166.36925379922388 426.2419785375114 189.32719358916185 460.4576349834721 1.6411764705882 0.68090812428387 0.86853525940382 -22.137477780032846 -0.09589926202193907 53.67793811128288 3.0605060492572895
Pedestrian 0 2 0 348.1654424724265 424.40711653790135 363.9021737098182 458.6083916273767 1.6582230762739 0.58854263862581 0.64012982351699 -13.469915046425502 -0.18551557443956737 54.47401394354186 3.0990518000614897
