Car 0 1 0 368.5678651745184 424.1369455883964 401.8312595241133 453.4370619433504 1.5411400581933 1.6093539231132 4.018914956959 -14.234626219876867 -0.6119860058898341 64.56722904753971 1.4573053831644036
Cyclist 0 0 0 830.5081654372117 428.46771667993625 844.5290643645192 457.9850582064367 1.4193767555465 0.67112058275785 1.8080374158797 10.580273604824626 -0.26190471907611773 56.2498027998154 -1.3364071681785565
Pedestrian 0 1 0 149.6470891292695 425.01654917452686 172.8833969407621 459.934638969605 1.6411764705882 0.62295270924171 0.86290401561524 -22.44796991282425 -0.11736117679808955 52.45654349804383 3.0605060492572895
Car 0 0 0 422.4281304839553 424.1739903095137 454.2986990755926 453.04253770005687 1.5178045646331 1.536788599107 4.2588223655948 -11.187083777617397 -0.6430319325478545 65.02707283815461 1.5038210154915035
Pedestrian 0 1 0 83.80597173451622 438.8588886114635 176.64218087343585 620.5964833262746 1.7789488568659 0.5276027972144 0.68449587419595 -4.964151925260789 1.5572483115631015 11.092103548023882 -0.06666982164199653
Pedestrian 0 1 0 85.93026090886167 442.1655969436783 170.13501173652548 625.9239874504095 1.721618312514 0.48009390060158 0.57922208864693 -4.762002142404859 1.5414811280096747 10.597338112886955 -0.07322456839409663
Pedestrian 0 0 0 54.26046686945381 443.8675389882293 164.89552951454164 639.822675751908 1.6630152650903 0.56440698476509 0.66675961958182 -4.490471138398101 1.5161836142894336 9.652465745250273 0.04448574262280336
Car 0 0 0 309.4809245289749 427.6951045986441 445.46756877843416 478.324579385108 1.662432631327 1.7951098115185 4.7109542356939 -9.402178693698232 0.4447547534070998 41.604267756036315 -0.6674720996712566
Cyclist 0 0 0 963.8227349937408 427.83282259254617 999.1022515095538 469.6675978881069 1.7221083216554 0.63766527946498 2.1506230123335 15.398434763881685 0.25388245606426785 48.209503522290845 -1.6565544981368916
Car 0 1 0 487.1454444965069 426.6579026131736 514.5377622896334 455.2840065700335 1.4995148821083 1.5220836327961 4.1365561929874 -7.521761023273508 -0.5134356326873037 65.13060480295414 1.5038210154915035
Pedestrian 0 0 0 648.5367610034851 423.8713497934027 662.7881027201086 459.43832900955846 1.7956549399618 0.61862173700453 0.6183841090799 1.3608229835343761 -0.1566921999797246 57.09916108954118 -0.12791842027599665
Cyclist 0 1 0 105.58390180121114 420.5754700053932 155.64926272194418 456.28424842086014 1.5203215292783 1.1099049757978 2.1574480764391 -22.41840812928597 -0.31219041761354327 49.13269482962082 1.7174585314791901
Pedestrian 0 1 0 166.36925379922388 426.2419785375114 189.32719358916185 460.4576349834721 1.6411764705882 0.68090812428387 0.86853525940382 -22.137477780032846 -0.09589926202193907 53.67793811128288 3.0605060492572895
Pedestrian 0 2 0 352.8332933541377 424.3589008576605 368.5112816714719 458.5554549280091 1.6582230762739 0.58854263862581 0.64012982351699 -13.242680375189819 -0.18821493486148538 54.49157526919775 3.0990518000614897
