Car 0 0 0 639.2201655179514 424.3751617359551 668.6157180555418 448.9624452220549 1.6142630511829 1.8512244208778 4.2697281204251 1.7316037425304365 -1.0611826599944476 80.69050812322148 -1.5801488940372366
Car 0 1 0 369.376599009676 424.2304998631944 402.7165444929237 453.65576707182805 1.5411400581933 1.6093539231132 4.018914956959 -14.128918820297436 -0.5977199651840996 64.31631980481241 1.4573053831644036
Car 0 0 0 595.0681067228693 426.4717707356018 664.8638188606586 464.25484470265326 1.6590417682556 1.8494806216108 4.7006566407001 0.10210674509499251 -0.046012889998618606 55.416362610508735 -1.1544883840161364
Cyclist 0 0 0 534.3159433129582 431.7989525413283 578.7956323179036 480.1707463823825 1.4910288040503 0.56933030011995 1.4883683819357 -2.320108142090909 0.5319072097718199 36.16330556027395 -0.8540601630706766
Pedestrian 0 1 0 274.9327357316888 425.18810072942006 291.03357398927653 459.2763592640935 1.6411764705882 0.62695668387628 0.62064937051508 -16.98223429178988 -0.15224265126796296 53.99461743575759 3.0605060492572895
Pedestrian 0 0 0 262.10649990681674 425.6747332827479 278.8766049567909 460.23733859722506 1.6411764705882 0.62539040825744 0.63436631652993 -17.357411432642106 -0.1040392316816546 53.23543392348259 3.0605060492572895
Car 0 1 0 419.4630557905044 424.487834088088 451.6126359482346 453.34375507318 1.5085901903556 1.5344931835592 4.2459127997797 -11.300095352032079 -0.6231889293343473 64.72208518985515 1.5038210154915035
Pedestrian 0 0 0 491.56199988340086 421.9154180974684 505.2512857247441 454.37687518247407 1.6411764705882 0.63292690531029 0.67612047083904 -6.7315364716893304 -0.4139366678720045 57.122337572947345 -0.0810866043324967
Pedestrian 0 1 0 227.6787863304723 424.4211299993986 243.88049208976736 458.6797701214135 1.6411764705882 0.62674029723885 0.59087663382354 -19.194068975114423 -0.1794846260029642 53.568896168342114 3.0605060492572895
Cyclist 0 1 0 141.90923558239393 419.785038404856 200.7852144839528 461.2677008710269 1.8736381970431 1.3138204531365 2.5454941901296 -21.8706001433172 -0.1107972819098542 52.32983236653941 1.879851468138689
Pedestrian 0 1 0 279.11828306119884 424.8930516485434 294.944986374456 458.5638408856361 1.6411764705882 0.5484667157 0.63281313827785 -16.9596440252995 -0.18672669380308723 54.5674682178727 3.0605060492572895
Car 0 1 0 487.1454444965069 426.6579026131736 514.5377622896334 455.2840065700335 1.4995148821083 1.5220836327961 4.1365561929874 -7.521761023273508 -0.5134356326873037 65.13060480295414 1.5038210154915035
Pedestrian 0 2 0 447.9919054202591 425.2809973031732 461.47918512638745 460.8323653270907 1.7306212232884 0.58854263862581 0.59058020144238 -8.62871884009099 -0.07782980742035606 54.85795868055737 3.0990518000614897
