Car 0 1 0 368.5678651745184 424.1369455883964 401.8312595241133 453.4370619433504 1.5411400581933 1.6093539231132 4.018914956959 -14.234626219876867 -0.6119860058898341 64.56722904753971 1.4573053831644036
Cyclist 0 0 0 843.3537238226982 422.7108662854715 857.8508805919191 451.1956902493442 1.5720621795034 0.73898077118312 1.8080374158797 12.737217097138506 -0.6751512447566643 63.81346930245195 -1.3843364515938066
Car 0 0 0 422.45294241137685 425.5367383500986 454.3205991792109 454.4950840854231 1.5178045646331 1.536788599107 4.2588223655948 -11.186485674634538 -0.5605242022754489 65.03201598321078 1.5038210154915035
Pedestrian 0 2 0 330.297062702886 445.4279477401613 421.4163106855869 615.1494974498823 1.6837047998157 0.60398824214658 0.85384390423132 -2.5802915383316525 1.5289502704856157 11.597448243690565 -0.2747622031144965
Pedestrian 0 2 0 321.73964654902585 442.69286826984376 435.7358345521835 620.0058123984018 1.7120701394778 0.38765227492028 1.0696065555767 -2.4475282840750414 1.5330004260135133 11.172515148994183 -0.25726023102899664
Pedestrian 0 0 0 339.5064914820788 445.1429685817646 433.6966807555873 627.1903080799431 1.6642556273187 0.54530166983284 0.78072409351643 -2.215827985838891 1.517696288969742 10.551959125770354 -0.04726663664639652
Car 0 0 0 532.9168710195561 425.7242713276136 618.1175380588544 468.638349024673 1.7286896432457 1.9396740416941 4.5493303094214 -2.3727557359284077 0.13859539185612157 50.68699179775975 -1.0904432953277965
Cyclist 0 0 0 866.4595343453339 425.40098485020167 889.2684980258082 459.6010274749105 1.7305548685674 0.7204028465009 2.1891808729257 13.267325660851382 -0.20019112118782373 59.12342876261457 -1.5405932415834727
Pedestrian 0 0 0 701.8917908491969 423.4848267246508 718.1381310521817 459.0426001002062 1.7956549399618 0.61862173700453 0.70423410070221 4.155928418533474 -0.17856599633661285 57.126065775997745 -0.12791842027599665
Car 0 1 0 487.1454444965069 426.6579026131736 514.5377622896334 455.2840065700335 1.4995148821083 1.5220836327961 4.1365561929874 -7.521761023273508 -0.5134356326873037 65.13060480295414 1.5038210154915035
Cyclist 0 1 0 105.30393635098676 420.7021878069804 135.67539463542488 456.5696753533169 1.5203215292783 1.1099049757978 2.1574480764391 -22.87240896152066 -0.3061663421745944 49.087077554548465 1.2239391955289034
Pedestrian 0 2 0 317.6410741481976 424.6028313211556 333.68591287606984 458.6726033808352 1.6582230762739 0.58854263862581 0.64012982351699 -15.027283768682567 -0.18247096328571438 54.6116312492229 3.0990518000614897
Pedestrian 0 1 0 131.3774005032459 423.36535188297154 148.33850345487622 457.32402744579787 1.6411764705882 0.71083646994198 0.60874543546808 -24.149563850670226 -0.24968690750775818 53.88707843921068 2.95152124473419
