Car 0 1 0 370.1974325932607 424.05386021839 403.27324898827953 453.267434424904 1.5411400581933 1.6093539231132 4.018914956959 -14.183432410317018 -0.622981005340635 64.74455581237181 1.4573053831644036
Car 0 0 0 422.45294241137685 425.5367383500986 454.3205991792109 454.4950840854231 1.5178045646331 1.536788599107 4.2588223655948 -11.186485674634538 -0.5605242022754489 65.03201598321078 1.5038210154915035
Pedestrian 0 2 0 540.9363475169478 443.7097808742853 615.4473550406683 599.9205110609262 1.6432211773108 0.50337323079454 0.70957998216613 -0.4872733286006339 1.4561124896030329 12.215400534691984 -0.22563425600709652
Pedestrian 0 2 0 550.8381829551181 442.167091756213 679.1670135818438 611.134237430503 1.6571042436574 0.50641548069607 1.2250265314001 -0.06913177666025858 1.4699339236648634 11.614439111712542 -0.33679552720509665
Pedestrian 0 0 0 577.8119329230652 441.8212860028669 667.4377341026511 628.699313999214 1.7425543048531 0.57593290426846 0.74975675477723 0.008550429959097869 1.5595872252956815 10.901235489597768 -0.2085278013724965
Car 0 0 0 624.5087518495809 426.7814208053272 665.6163397668821 457.8762645896875 1.5501129096833 1.6333562661492 4.3636019047331 0.9185941653810171 -0.35875774719536424 62.13688797684853 -1.3676948800840765
Pedestrian 0 0 0 -28.266549457472596 445.9458812931844 56.18897471896594 634.3271499956999 1.6043079636429 0.49160674013944 0.54749243664802 -5.393523354071812 1.4759786364674514 9.705286676675234 -0.33847222269239663
Car 0 0 0 486.3135389898539 427.1221411890001 513.7467525829043 454.8493785821012 1.4452840350895 1.5220836327961 4.191283620333 -7.573219949339097 -0.5397731123449274 65.16142120047485 1.5038210154915035
Cyclist 0 0 0 809.165065632295 425.43163372293606 827.1401540888952 452.1926234547911 1.5742180690709 0.75329804383552 1.9144368043567 11.646299680217318 -0.6639089644764545 68.48744899064155 -1.5556125384278154
Pedestrian 0 0 0 747.6860537418434 423.3522464599307 761.2676669682088 458.8924151860827 1.7956549399618 0.60789048805176 0.68806703521885 6.422086900004467 -0.1812485175615859 56.89664348245337 0.14830140077680332
Cyclist 0 1 0 105.30393635098676 420.7021878069804 135.67539463542488 456.5696753533169 1.5203215292783 1.1099049757978 2.1574480764391 -22.87240896152066 -0.3061663421745944 49.087077554548465 1.2239391955289034
Pedestrian 0 2 0 290.86589959586433 424.8565555812315 307.11617247160723 454.2993027962736 1.4302948157496 0.58854263862581 0.64012982351699 -16.355585065478166 -0.39779246738209434 54.55500593177483 3.0990518000614897
