Car 0 1 0 368.5678651745184 424.1369455883964 401.8312595241133 453.4370619433504 1.5411400581933 1.6093539231132 4.018914956959 -14.234626219876867 -0.6119860058898341 64.56722904753971 1.4573053831644036
Cyclist 0 0 0 837.5384789437442 427.483803889804 850.9769109778779 456.1274527103831 1.4193767555465 0.67112058275785 1.8080374158797 11.235663496621543 -0.3635435816808817 57.8669895449735 -1.3364071681785565
Car 0 1 0 487.1454444965069 426.6579026131736 514.5377622896334 455.2840065700335 1.4995148821083 1.5220836327961 4.1365561929874 -7.521761023273508 -0.5134356326873037 65.13060480295414 1.5038210154915035
Pedestrian 0 0 0 125.02816438091548 442.4914205658969 229.33587059068788 625.1030732882881 1.5735681927028 0.56440698476509 0.66675961958182 -3.9585924871629175 1.4115387498558607 9.839065264080311 0.04448574262280336
Car 0 0 0 370.4643898713816 426.2600896952405 492.9633758214413 474.7151669339373 1.662432631327 1.7951098115185 4.457570473452 -7.636341017891639 0.33524327005090837 43.21849868993781 -0.7262375738606266
Cyclist 0 0 0 937.1841592906626 427.3786671731913 967.7817016771576 465.971801017133 1.670649734841 0.63766527946498 2.1891808729257 14.86405045430246 0.1040256246848481 50.775470165992374 -1.6044151535774216
Pedestrian 0 1 0 130.44191990187392 438.4981866351707 230.96083408230112 615.8813282600282 1.6938975805546 0.67944964901972 0.73627510046865 -4.390272963711218 1.4745942173337672 10.980071355541046 -0.06666982164199653
Pedestrian 0 0 0 660.6450341660867 423.6873953438842 674.9306212596339 459.1239618405803 1.7956549399618 0.61862173700453 0.6183841090799 1.9905220061102378 -0.17348681120082232 57.303293948110955 -0.12791842027599665
Car 0 0 0 422.4281304839553 424.1739903095137 454.2986990755926 453.04253770005687 1.5178045646331 1.536788599107 4.2588223655948 -11.187083777617397 -0.6430319325478545 65.02707283815461 1.5038210154915035
Cyclist 0 1 0 105.58390180121114 420.5754700053932 155.64926272194418 456.28424842086014 1.5203215292783 1.1099049757978 2.1574480764391 -22.41840812928597 -0.31219041761354327 49.13269482962082 1.7174585314791901
Pedestrian 0 1 0 148.43235430185536 425.9444596268021 166.61556001665565 460.7662729591053 1.6706006203333 0.68090812428387 0.62053282447003 -23.087382536044693 -0.078654926429909 53.50504251397577 3.0605060492572895
Pedestrian 0 2 0 341.4298301280694 424.4768639697205 357.25120424312865 458.6848009249776 1.6582230762739 0.58854263862581 0.64012982351699 -13.797775450486519 -0.18162086332956492 54.448675982155564 3.0990518000614897
Pedestrian 0 1 0 125.62819583616596 442.5871254173243 201.57329915240476 623.0797851173036 1.659885578784 0.48009390060158 0.50875818583628 -4.337877890697573 1.4867762466735233 10.426841830165662 -0.07322456839409663
