Car 0 1 0 368.5678651745184 424.1369455883964 401.8312595241133 453.4370619433504 1.5411400581933 1.6093539231132 4.018914956959 -14.234626219876867 -0.6119860058898341 64.56722904753971 1.4573053831644036
Cyclist 0 0 0 837.9404565770222 423.4927180526176 855.0273730540348 451.21295348630815 1.5720621795034 0.73898077118312 1.8080374158797 12.859685130187476 -0.6933845972972233 65.67399327122517 -1.4898991295886275
Car 0 0 0 422.45294241137685 425.5367383500986 454.3205991792109 454.4950840854231 1.5178045646331 1.536788599107 4.2588223655948 -11.186485674634538 -0.5605242022754489 65.03201598321078 1.5038210154915035
Pedestrian 0 2 0 394.3407392857424 440.6188172230505 476.4155660242965 607.7005559153721 1.6837047998157 0.63417486926696 0.7524996972132 -1.9852722530518299 1.4733890767195477 11.779814223817489 -0.2747622031144965
Pedestrian 0 2 0 401.1800808068684 442.6567672019374 510.1816409553406 615.0289033123594 1.6609115051475 0.49027527940394 1.0094406472707 -1.6825278000649868 1.4817018610077126 11.251826621726078 -0.25726023102899664
Pedestrian 0 0 0 423.2181460304317 443.8917462482871 506.14057267432383 624.7805485847919 1.6634829908524 0.53940651778532 0.7200364329125 -1.5108112041465775 1.5037168396989238 10.701928505950978 -0.20085696624699656
Car 0 0 0 564.4259579024191 424.2375961269186 645.9332767880975 464.7194354089704 1.7286896432457 1.9396740416941 4.8755845024675 -1.0886775444336843 -0.03421975720155104 53.803809090794175 -1.0904432953277965
Cyclist 0 0 0 852.82854179159 424.3836511987183 870.2304781983398 457.2533916541819 1.7305548685674 0.77211382589835 2.1891808729257 12.85521736406281 -0.3307568718330162 61.35260687870515 -1.4095600818545266
Pedestrian 0 0 0 714.3451338716709 423.43790762544273 730.6907869563639 459.0337752977913 1.7956549399618 0.61862173700453 0.70423410070221 4.793607715604331 -0.17904044908258698 57.05682809292389 -0.12791842027599665
Car 0 1 0 487.1454444965069 426.6579026131736 514.5377622896334 455.2840065700335 1.4995148821083 1.5220836327961 4.1365561929874 -7.521761023273508 -0.5134356326873037 65.13060480295414 1.5038210154915035
Cyclist 0 1 0 105.30393635098676 420.7021878069804 135.67539463542488 456.5696753533169 1.5203215292783 1.1099049757978 2.1574480764391 -22.87240896152066 -0.3061663421745944 49.087077554548465 1.2239391955289034
Pedestrian 0 2 0 311.98182678678194 424.6621428886506 328.0969952767581 458.7368616093209 1.6582230762739 0.58854263862581 0.64012982351699 -15.303917281957645 -0.1791847853751588 54.59025224404062 3.0990518000614897
