Car 0 1 0 369.376599009676 424.2304998631944 402.7165444929237 453.65576707182805 1.5411400581933 1.6093539231132 4.018914956959 -14.128918820297436 -0.5977199651840996 64.31631980481241 1.4573053831644036
Car 0 0 0 644.8932642395324 425.3571318373499 673.4258232374011 448.4674343875559 1.4931624130452 1.7899435026138 4.1107209389287 2.089734130246949 -1.0805650360897932 79.74965523817413 -1.5718492802420039
Cyclist 0 0 0 764.6379691182661 427.50317710575854 797.7950020734837 466.9128553052422 1.6289751790829 0.56933030011995 1.7490561810717 6.622815790031406 0.15240469045287952 48.19290430928128 -0.8258863443375066
Pedestrian 0 1 0 203.034761227231 426.1176614132687 218.62075406095383 460.3554248949434 1.6411764705882 0.56930675170348 0.55914560916844 -20.400862508380563 -0.09574863780636109 53.465299729115365 3.0605060492572895
Pedestrian 0 0 0 190.1486735235256 426.7032175004826 206.5448675891865 461.5404011540068 1.6411764705882 0.56849947858901 0.57749048171101 -20.6539041288418 -0.03778505212243412 52.528315394031814 3.0605060492572895
Car 0 1 0 487.1454444965069 426.6579026131736 514.5377622896334 455.2840065700335 1.4995148821083 1.5220836327961 4.1365561929874 -7.521761023273508 -0.5134356326873037 65.13060480295414 1.5038210154915035
Car 0 0 0 422.3139014064238 424.2053502270463 454.22784175457633 453.1108017078979 1.5178045646331 1.536788599107 4.2588223655948 -11.179299339598245 -0.6385456024965163 64.95124818679918 1.5038210154915035
Cyclist 0 0 0 1178.95250507767 427.667342849955 1240.499446511974 493.22544378746136 1.9717795833311 0.63766527946498 1.8434694668978 18.46167435456142 0.9010743875582428 34.69369942619565 -1.8027430823748865
Pedestrian 0 1 0 209.51118671776004 425.7229173826024 226.3894270827765 459.62705373827714 1.6411764705882 0.61712306510531 0.62300508836281 -20.282224794554786 -0.13429720941071652 54.094371459727824 3.0605060492572895
Cyclist 0 1 0 105.19395288964084 422.1623180244078 160.74923995969078 458.13282801368666 1.5203215292783 1.1099049757978 2.5187047594831 -22.388199232243963 -0.24167859555615095 49.31947231203893 1.7551089519323897
Pedestrian 0 0 0 586.7667778623525 424.4713113544028 599.6777500394813 455.3605806302236 1.560914316882 0.55415011413927 0.60643266134314 -1.8492981253515681 -0.36203757933332187 57.128985135862564 -0.0810866043324967
Pedestrian 0 1 0 161.1877518625866 421.17778839797023 178.1707570834812 455.1850940972097 1.6411764705882 0.62674029723885 0.59087663382354 -22.563667962154227 -0.3501280514134145 53.70873402372387 3.0605060492572895
Pedestrian 0 2 0 386.9293765172037 424.0758630114516 402.2141143632301 458.3220171731621 1.6582230762739 0.58854263862581 0.64012982351699 -11.55195000919589 -0.1999771466611826 54.48332994281746 3.0990518000614897
