Car 0 1 0 368.5678651745184 424.1369455883964 401.8312595241133 453.4370619433504 1.5411400581933 1.6093539231132 4.018914956959 -14.234626219876867 -0.6119860058898341 64.56722904753971 1.4573053831644036
Cyclist 0 0 0 845.0260603403947 427.36652652791616 858.9734958373948 457.3777893611359 1.5720621795034 0.73898077118312 1.8080374158797 12.242876829610728 -0.3124740416653064 60.89131579811626 -1.3364071681785565
Pedestrian 0 1 0 135.42516997103957 423.55047012538 152.4871396107801 457.8496323174912 1.6411764705882 0.71083646994198 0.60874543546808 -23.711742207728822 -0.22203064674897793 53.37248413280137 2.95152124473419
Car 0 0 0 422.4281304839553 424.1739903095137 454.2986990755926 453.04253770005687 1.5178045646331 1.536788599107 4.2588223655948 -11.187083777617397 -0.6430319325478545 65.02707283815461 1.5038210154915035
Pedestrian 0 2 0 234.35920017373175 445.9012345304965 326.70553064967896 605.792924644982 1.5727292024111 0.66940057299399 0.86661725858867 -3.5611973656193534 1.4253566351565508 11.525942100903801 -0.2747622031144965
Pedestrian 0 2 0 237.63052405050277 444.3789386006461 319.06610761417244 619.3374128355713 1.6379440582125 0.60404608815871 0.71187686719363 -3.3707454334939793 1.4814084184900922 10.876148282162834 -0.25726023102899664
Pedestrian 0 0 0 247.03198580016576 443.63608093765816 323.5660758965946 625.0999264523568 1.6371146356847 0.39854503807017 0.5614865487459 -3.0987578025124396 1.4762725680617363 10.227044051777057 -0.016995007574096554
Car 0 0 0 457.6077654548577 427.2967607963319 566.3759986322308 472.55367738007897 1.662432631327 1.9453016874675 4.4420155982644 -4.843466382744001 0.27654241517217654 46.55121679163161 -0.8510644847303765
Cyclist 0 0 0 899.2256670939871 427.8166139168268 929.7208119463238 465.0746869315103 1.7305548685674 0.7204028465009 2.1891808729257 14.0448328186849 0.07295480840720342 54.47018756103624 -1.6516592561759587
Pedestrian 0 0 0 -470.09662485385695 453.6810578860375 -300.3057008528465 677.4458271632279 1.7399999145508 0.57200968439245 0.64733814669398 -8.160478360729865 1.686664079291792 8.925162937240936 0.18148123194200338
Pedestrian 0 0 0 681.9035538031911 423.5621969858626 696.3457129455757 459.0169712650361 1.7956549399618 0.61862173700453 0.6183841090799 3.088899376497097 -0.17922066535814696 57.266099780329974 -0.12791842027599665
Cyclist 0 1 0 105.30393635098676 420.7021878069804 135.67539463542488 456.5696753533169 1.5203215292783 1.1099049757978 2.1574480764391 -22.87240896152066 -0.3061663421745944 49.087077554548465 1.2239391955289034
Pedestrian 0 2 0 330.7967598456579 424.5122192762462 346.7060634429421 458.63151450168505 1.6582230762739 0.58854263862581 0.64012982351699 -14.357647611808993 -0.18448120974857252 54.56416140409412 3.0990518000614897
Pedestrian 0 1 0 149.22370588273355 422.9393120608565 165.72445618611715 456.5378890037538 1.6411764705882 0.71083646994198 0.60874543546808 -23.525237658188942 -0.29135203436507356 54.506983079330084 2.95152124473419
Car 0 1 0 487.1454444965069 426.6579026131736 514.5377622896334 455.2840065700335 1.4995148821083 1.5220836327961 4.1365561929874 -7.521761023273508 -0.5134356326873037 65.13060480295414 1.5038210154915035
