Car 0 1 0 369.376599009676 424.2304998631944 402.7165444929237 453.65576707182805 1.5411400581933 1.6093539231132 4.018914956959 -14.128918820297436 -0.5977199651840996 64.31631980481241 1.4573053831644036
Car 0 0 0 614.168728582734 426.3811954762631 669.7347745483562 462.791919390304 1.6590417682556 1.8127608662467 4.7006566407001 0.7109592136966287 -0.11079470084713819 57.191113072642096 -1.2929148902973364
Cyclist 0 0 0 564.9385588364411 430.4078360025911 612.2690803143113 477.60295150912793 1.4910288040503 0.56933030011995 1.7378688991045 -1.3166191111751955 0.4574506302708917 37.28466541438991 -0.8540601630706766
Pedestrian 0 1 0 264.6933995456942 425.3535389072426 280.1409702737637 459.42734915598857 1.6411764705882 0.55949870178843 0.59468537012075 -17.476864048397886 -0.14244101934002903 53.89086371882898 3.0605060492572895
Pedestrian 0 0 0 252.81106883197003 425.782314031948 269.71390489652055 460.3625408252418 1.6411764705882 0.62539040825744 0.63436631652993 -17.795783637025 -0.09781147600570214 53.18452594844843 3.0605060492572895
Car 0 1 0 419.4630557905044 424.487834088088 451.6126359482346 453.34375507318 1.5085901903556 1.5344931835592 4.2459127997797 -11.300095352032079 -0.6231889293343473 64.72208518985515 1.5038210154915035
Pedestrian 0 1 0 272.89375938859246 425.0699267836515 288.8626358435643 458.8896569037028 1.6411764705882 0.5484667157 0.63281313827785 -17.189480330708644 -0.16987892531124968 54.31406612913247 3.0605060492572895
Pedestrian 0 0 0 503.4723575432357 421.8148805762716 517.1552344897609 454.2735376918207 1.6411764705882 0.63292690531029 0.67612047083904 -6.121465631689807 -0.4194412924543696 57.14040061320016 -0.0810866043324967
Pedestrian 0 1 0 221.11749759141716 424.4971182448859 237.41207318844877 458.7675648282057 1.6411764705882 0.62674029723885 0.59087663382354 -19.50580032045307 -0.17505599974449035 53.53269494165081 3.0605060492572895
Cyclist 0 1 0 132.2447108703904 420.0268059965538 191.91576530913025 461.83472473056656 1.8736381970431 1.3138204531365 2.5454941901296 -22.14906982227726 -0.08417018039826576 51.91908478445091 1.879851468138689
Car 0 1 0 487.1454444965069 426.6579026131736 514.5377622896334 455.2840065700335 1.4995148821083 1.5220836327961 4.1365561929874 -7.521761023273508 -0.5134356326873037 65.13060480295414 1.5038210154915035
Pedestrian 0 2 0 440.43847431277794 423.5262482676964 454.02155535761744 457.6626308607495 1.6582230762739 0.58854263862581 0.59058020144238 -8.982116204544884 -0.23347689775381458 54.73154441893287 3.0990518000614897
