Car 0 1 0 368.1651485171712 424.24405020364617 401.584224720784 453.673561292611 1.5411400581933 1.6093539231132 4.018914956959 -14.195499739388563 -0.5966427464751114 64.30639565883834 1.4573053831644036
Cyclist 0 0 0 815.3605329783645 428.889205941623 830.8449559877461 461.8679084389111 1.4930892470928 0.56933030011995 1.7490561810717 9.264916155799702 -0.06579741181377075 52.905066181390936 -1.2724847487413564
Car 0 1 0 487.1454444965069 426.6579026131736 514.5377622896334 455.2840065700335 1.4995148821083 1.5220836327961 4.1365561929874 -7.521761023273508 -0.5134356326873037 65.13060480295414 1.5038210154915035
Car 0 1 0 448.04684045847335 409.9654456405253 480.1508014163044 441.0629454192102 2.0764844081516 2.0184656633199 5.1146855738468 -11.839136017005618 -1.6165777961446872 79.50069937858356 1.5038210154915035
Car 0 0 0 422.3139014064238 424.2053502270463 454.22784175457633 453.1108017078979 1.5178045646331 1.536788599107 4.2588223655948 -11.179299339598245 -0.6385456024965163 64.95124818679918 1.5038210154915035
Pedestrian 0 1 0 -46.22445000747666 443.472717415159 67.10527412741214 618.6663929513358 1.5830874499685 0.72005386075056 0.65511148818376 -5.7937812979126555 1.4243484412744523 10.36080919069823 -0.0329231152460967
Car 0 0 0 158.98062516045582 426.8519506039987 310.70582067922174 479.9254727037682 1.6301945901337 1.8260014748937 4.8203018092682 -13.759916377446656 0.4711305605583228 38.4450851389338 -0.48530940837489656
Cyclist 0 0 0 1024.5878862394534 433.9213971581518 1067.1066196886627 479.5452197510442 1.6947843249263 0.63766527946498 2.0262823400793 16.53670939817151 0.6096595942510826 43.63335145455494 -1.7125845371088466
Pedestrian 0 0 0 626.8855440130828 421.1186028757076 639.6178677228245 454.05016787194967 1.6639999028863 0.61862173700453 0.54877297292827 0.209137065926512 -0.4312849632736768 57.11607539698175 -0.12791842027599665
Cyclist 0 1 0 107.83959675444464 420.55979963247216 157.83369622917013 456.28169744101626 1.5203215292783 1.1099049757978 2.1574480764391 -22.31005858504591 -0.3122474753919373 49.12053729002557 1.7174585314791901
Pedestrian 0 2 0 363.4653469946116 424.26829831520695 379.0203606712521 458.4785420421015 1.6582230762739 0.58854263862581 0.64012982351699 -12.715574581907633 -0.1920987253667539 54.492622993034 3.0990518000614897
Pedestrian 0 1 0 183.46666852838356 425.8905669675337 201.82544236741688 459.6934015025985 1.6411764705882 0.61712306510531 0.68185338785307 -21.60580754409776 -0.1313568063273066 54.20544105716996 3.0605060492572895
Pedestrian 0 1 0 175.9078595670976 426.3726924091254 191.8137031443661 460.5750302722471 1.6411764705882 0.56930675170348 0.55914560916844 -21.74032353538588 -0.08466465851666224 53.44236352052832 3.0605060492572895
