Car 0 1 0 370.1974325932607 424.05386021839 403.27324898827953 453.267434424904 1.5411400581933 1.6093539231132 4.018914956959 -14.183432410317018 -0.622981005340635 64.74455581237181 1.4573053831644036
Car 0 0 0 422.45294241137685 425.5367383500986 454.3205991792109 454.4950840854231 1.5178045646331 1.536788599107 4.2588223655948 -11.186485674634538 -0.5605242022754489 65.03201598321078 1.5038210154915035
Pedestrian 0 2 0 995.3490524584838 440.4802100602943 1069.923872049079 588.3608714611838 1.7011996937513 0.48315707065625 0.66752837833622 4.882810481068744 1.4542502655921588 13.16480009684604 -0.21052166698479668
Pedestrian 0 2 0 1011.5421840718284 439.4740043173542 1107.41242872167 596.6221710903876 1.7345977080146 0.44368962771832 0.95164942445727 5.02964540898961 1.486899279510477 12.698160931435467 -0.2731076454582966
Pedestrian 0 0 0 1077.8868634728458 438.176225913976 1155.1152169803204 610.8420800607197 1.8018218709389 0.51706569394905 0.53855370756727 5.346807090645982 1.5527719520524184 11.905933688300403 -0.2441412103200966
Pedestrian 0 0 0 849.1069703160981 423.1047643888742 862.3684869930185 458.7510180313636 1.7908728605782 0.61640852595494 0.65545445816297 11.550656564148097 -0.1907131190965176 56.46927721356399 0.23993685022460332
Pedestrian 0 0 0 503.3714249583357 450.7198896568793 592.2901318509344 623.8318165213426 1.6377714155292 0.39550824506122 0.81374945400506 -0.7237144265204227 1.5397467925641086 10.927424897318074 -0.14642601956479662
Car 0 0 0 486.7099681870178 421.3435369437271 606.352106388019 468.3532669225812 1.8651171574745 1.9814423192966 5.6114666567941 -3.643171073430014 0.0976930261733682 50.194433472920956 -0.8221174817400466
Cyclist 0 0 0 1191.628588866677 435.1364004408063 1264.1348375872078 493.3239664849272 1.7053825133861 0.63317386989208 2.4602833543499 19.136257122353157 0.8837071813394102 34.869273044287446 -1.7177935010616365
Car 0 0 0 486.3135389898539 427.1221411890001 513.7467525829043 454.8493785821012 1.4452840350895 1.5220836327961 4.191283620333 -7.573219949339097 -0.5397731123449274 65.16142120047485 1.5038210154915035
Cyclist 0 1 0 105.30393635098676 420.7021878069804 135.67539463542488 456.5696753533169 1.5203215292783 1.1099049757978 2.1574480764391 -22.87240896152066 -0.3061663421745944 49.087077554548465 1.2239391955289034
Pedestrian 0 2 0 223.14339932469028 423.41947640768166 240.0170953674707 458.66471725005306 1.7060032876314 0.58854263862581 0.60954341364544 -19.557713693096062 -0.17969411370972158 53.994005559765256 3.11972681335799
