Car 0 1 0 370.1974325932607 424.05386021839 403.27324898827953 453.267434424904 1.5411400581933 1.6093539231132 4.018914956959 -14.183432410317018 -0.622981005340635 64.74455581237181 1.4573053831644036
Car 0 0 0 422.45294241137685 425.5367383500986 454.3205991792109 454.4950840854231 1.5178045646331 1.536788599107 4.2588223655948 -11.186485674634538 -0.5605242022754489 65.03201598321078 1.5038210154915035
Pedestrian 0 2 0 1193.6205813273114 441.0357227075685 1260.3197205922356 584.5717755398593 1.7195776928585 0.4174835996283 0.56387809509769 7.450141509664007 1.4679285474396162 13.50081121971039 -0.21052166698479668
Pedestrian 0 2 0 1221.0681914234442 436.1181005657664 1296.1562240943058 589.87274136266 1.773241317745 0.55938614125538 0.49979236741077 7.5986064095012 1.4718864482706184 13.071131767910378 -0.2787485493724966
Pedestrian 0 0 0 901.9695593810708 423.36780028222273 915.9592857946196 459.4378816262941 1.7892520138867 0.49224083565345 0.65545445816297 14.043262464920144 -0.1509832981081057 55.50453769244191 0.23993685022460332
Pedestrian 0 0 0 701.475224799975 442.0543048069423 797.7054374732961 615.5192237000965 1.7448102621136 0.50980682018811 0.89182686040063 1.332095171748511 1.5485260522916962 11.683277828308823 -0.14819169736159665
Car 0 0 0 665.3845934710663 420.7622921794369 722.822136009168 458.1392980820731 1.9598496156579 2.0169669911154 5.6114666567941 3.860091067664516 -0.3974765008721179 65.18250990576077 -1.2258581271409765
Cyclist 0 0 0 1035.767175280269 427.9779704575691 1088.7122034200213 476.0566680723993 1.7885938488402 0.68661912109312 2.3871276194027 17.229073064039497 0.4631109003896182 43.7263997651567 -1.8009617179522066
Car 0 1 0 488.1816558835049 425.7637223821364 515.7421499432087 454.462477415821 1.5045516559422 1.5344931835592 4.1582319703126 -7.4491386226730985 -0.5604280769877708 65.07614918652054 1.5038210154915035
Cyclist 0 1 0 106.6386051547612 420.6819796505857 136.9352360318258 456.5361078033507 1.5203215292783 1.1099049757978 2.1574480764391 -22.821825157740026 -0.30774708430315667 49.107341764100724 1.2239391955289034
Pedestrian 0 2 0 200.01703544777783 423.5948457172346 220.03395819981083 458.8643846814208 1.7060032876314 0.58854263862581 0.77267093311222 -20.640357256695285 -0.1715025362235635 53.98827321647151 3.0659743034182894
