Car 0 1 0 370.1974325932607 424.05386021839 403.27324898827953 453.267434424904 1.5411400581933 1.6093539231132 4.018914956959 -14.183432410317018 -0.622981005340635 64.74455581237181 1.4573053831644036
Car 0 0 0 422.45294241137685 425.5367383500986 454.3205991792109 454.4950840854231 1.5178045646331 1.536788599107 4.2588223655948 -11.186485674634538 -0.5605242022754489 65.03201598321078 1.5038210154915035
Pedestrian 0 0 0 836.7938353268569 442.2332322587225 927.0653613544893 603.0619193549777 1.6951590405032 0.48608134265573 0.84877810246107 2.8242658772899794 1.4895526201232343 12.115839034964887 -0.041462265690896505
Car 0 0 0 693.9176883289585 421.9614497357893 725.4457356950614 449.6541106960176 1.7258396744995 1.9541043667824 4.7395456919422 5.537142634638617 -0.971672307735943 76.37772531235692 -1.4214427931214666
Cyclist 0 0 0 949.9127238175338 428.27119831745273 992.2778610139352 466.2327895945306 1.6395317771558 0.60978546100717 1.9612903112477 15.566042094789147 0.1241653013368797 50.230445101578184 -2.0603900263321764
Car 0 1 0 488.1816558835049 425.7637223821364 515.7421499432087 454.462477415821 1.5045516559422 1.5344931835592 4.1582319703126 -7.4491386226730985 -0.5604280769877708 65.07614918652054 1.5038210154915035
Cyclist 0 0 0 187.3874384544967 429.6338031948985 267.98572369922294 490.6925024398525 1.6094195387042 0.58925015143018 2.0459853753301 -11.217747619894759 0.7328216310844693 30.826192629910647 -0.6218242128830866
Pedestrian 0 0 0 934.3843762797586 428.63237340041366 949.29216899135 456.24054138861857 1.3418025157467 0.49224083565345 0.55120847260106 15.494623027771494 -0.3096990639515352 54.719986433371524 -0.13006559960279662
Cyclist 0 1 0 106.6386051547612 420.6819796505857 136.9352360318258 456.5361078033507 1.5203215292783 1.1099049757978 2.1574480764391 -22.821825157740026 -0.30774708430315667 49.107341764100724 1.2239391955289034
Pedestrian 0 2 0 186.47462050231087 423.7743562077598 204.69449337590555 459.03665367305206 1.7060032876314 0.58854263862581 0.67144341152533 -21.339278464509004 -0.16187642373275604 53.91216760105981 3.0765842164963897
