Car 0 1 0 370.1974325932607 424.05386021839 403.27324898827953 453.267434424904 1.5411400581933 1.6093539231132 4.018914956959 -14.183432410317018 -0.622981005340635 64.74455581237181 1.4573053831644036
Car 0 0 0 422.45294241137685 425.5367383500986 454.3205991792109 454.4950840854231 1.5178045646331 1.536788599107 4.2588223655948 -11.186485674634538 -0.5605242022754489 65.03201598321078 1.5038210154915035
Pedestrian 0 0 0 919.4128090556396 423.43605476424426 933.6843230294436 459.6871625559212 1.7892520138867 0.49224083565345 0.65545445816297 14.852130178399168 -0.1381655335235393 55.19272219246459 0.23993685022460332
Pedestrian 0 0 0 766.0543184352852 443.2771191256886 855.4054013984285 605.6337368766046 1.6884454905276 0.45715134879907 0.87563230236313 2.0111927432219847 1.4969174048439482 11.922559183972607 0.019914335680903505
Car 0 0 0 687.0375003608973 420.4828198420915 728.1483792364634 454.1317366366093 1.9598496156579 2.0169669911154 4.7395456919422 5.019160166718637 -0.6356370607174424 70.83152814019311 -1.3377652376682065
Cyclist 0 0 0 993.3256577579292 430.2036447351774 1028.0546501334102 469.5857696228301 1.6012539229829 0.64897834439498 1.5481635035219 16.304687377619192 0.2614064577946431 47.050248069911206 -1.8009617179522066
Car 0 1 0 488.1816558835049 425.7637223821364 515.7421499432087 454.462477415821 1.5045516559422 1.5344931835592 4.1582319703126 -7.4491386226730985 -0.5604280769877708 65.07614918652054 1.5038210154915035
Cyclist 0 0 0 13.035526862716893 430.2253853901709 108.97013487611856 497.0070445382987 1.6094195387042 0.58925015143018 2.1353132541373 -14.594573857116778 0.8247399986773674 28.064851860411473 -0.6218242128830866
Cyclist 0 1 0 106.6386051547612 420.6819796505857 136.9352360318258 456.5361078033507 1.5203215292783 1.1099049757978 2.1574480764391 -22.821825157740026 -0.30774708430315667 49.107341764100724 1.2239391955289034
Pedestrian 0 2 0 194.53175366366168 423.681797435617 212.55657115502865 458.9362179407421 1.7060032876314 0.58854263862581 0.67144341152533 -20.954110054215153 -0.16714913562592693 53.953572154422346 3.0659743034182894
