Car 0 1 0 370.1974325932607 424.05386021839 403.27324898827953 453.267434424904 1.5411400581933 1.6093539231132 4.018914956959 -14.183432410317018 -0.622981005340635 64.74455581237181 1.4573053831644036
Car 0 0 0 422.45294241137685 425.5367383500986 454.3205991792109 454.4950840854231 1.5178045646331 1.536788599107 4.2588223655948 -11.186485674634538 -0.5605242022754489 65.03201598321078 1.5038210154915035
Pedestrian 0 2 0 827.1664018548026 444.5160811741971 907.0551726715104 597.9532126424857 1.7056286709316 0.47766884106449 0.77121666672941 2.81310087202382 1.515330081046733 12.81497211509685 -0.1477287583636966
Pedestrian 0 2 0 840.5745519126596 442.892031736545 931.919976507158 601.8439582356266 1.6864793739728 0.53116481390431 0.83102324722012 2.921520374938815 1.4877722047031052 12.32170533385646 -0.21262475236449663
Pedestrian 0 0 0 879.2579802982145 442.45082679083527 979.7746726402509 610.5302107807619 1.6838373543996 0.53011365511595 0.86339399935336 3.2169313134059188 1.4918061945545222 11.622529171083041 -0.1737535157362966
Pedestrian 0 0 0 313.66923258040623 445.8089624957316 395.2630357483473 629.5548667677382 1.6421765371277 0.45021891492842 0.689433964449 -2.4670579639265875 1.5048303737199011 10.296239073289858 -0.1901690353312966
Car 0 0 0 486.3135389898539 427.1221411890001 513.7467525829043 454.8493785821012 1.4452840350895 1.5220836327961 4.191283620333 -7.573219949339097 -0.5397731123449274 65.16142120047485 1.5038210154915035
Car 0 0 0 199.8251083817524 420.8709308451864 344.1364649991212 476.41340882794833 1.8414340429287 1.7809839936536 4.8421277520099 -13.190527505157355 0.37818430192009 40.79981600527269 -0.5439805908114965
Pedestrian 0 0 0 811.9194247760496 423.0832631230219 828.9484175694299 460.8003189544564 1.9029674294897 0.56240019527794 0.83741562925824 9.77866637057072 -0.08538431035161312 56.684854996898316 0.23993685022460332
Cyclist 0 1 0 105.30393635098676 420.7021878069804 135.67539463542488 456.5696753533169 1.5203215292783 1.1099049757978 2.1574480764391 -22.87240896152066 -0.3061663421745944 49.087077554548465 1.2239391955289034
Pedestrian 0 2 0 245.14821979698712 422.4734726781164 262.1331493047571 457.5862027190642 1.7060032876314 0.58854263862581 0.64012982351699 -18.544886515527633 -0.23422724560658462 54.2702307429634 3.0990518000614897
