Car 0 1 0 370.1974325932607 424.05386021839 403.27324898827953 453.267434424904 1.5411400581933 1.6093539231132 4.018914956959 -14.183432410317018 -0.622981005340635 64.74455581237181 1.4573053831644036
Car 0 0 0 422.45294241137685 425.5367383500986 454.3205991792109 454.4950840854231 1.5178045646331 1.536788599107 4.2588223655948 -11.186485674634538 -0.5605242022754489 65.03201598321078 1.5038210154915035
Pedestrian 0 2 0 1155.7674883956272 441.6218574239461 1222.8703661798331 585.9137601467247 1.7195776928585 0.34538044397866 0.6410084485623 6.934213245573222 1.4765458397774804 13.419402735221151 -0.21052166698479668
Pedestrian 0 2 0 1184.0696694485391 436.51577091274095 1266.6099449034157 592.3180959133309 1.7783200591387 0.45553577112098 0.7329329666614 7.129200949516202 1.4853879084111175 12.951885677560519 -0.2787485493724966
Pedestrian 0 0 0 1243.3664216684892 438.5584211176446 1320.630667847167 600.0334614540474 1.742628067365 0.49122388659975 0.51112911658181 7.357947019424501 1.4884652854311238 12.191194669759406 -0.19341842492359662
Pedestrian 0 0 0 893.9153165204877 423.2991743177481 907.7573969403144 459.2387248389154 1.7892520138867 0.49224083565345 0.65545445816297 13.684166143028413 -0.16134062350790343 55.72086448209414 0.23993685022460332
Pedestrian 0 0 0 660.2231815437053 442.76258632149865 748.6677714963976 611.7793622832025 1.6844116616545 0.50980682018811 0.80837914509195 0.854249242896783 1.4973660102638964 11.585057642288737 -0.1629759284762966
Car 0 0 0 641.388824095251 420.4635777807262 715.622383439893 460.34097302486833 1.9598496156579 2.0169669911154 5.6114666567941 2.790741462919208 -0.2700178769105548 61.37039716000512 -1.0827220802008266
Cyclist 0 0 0 1061.1097673381578 433.3828750960652 1112.7017124636318 478.82428825113954 1.6149621955178 0.63317386989208 2.4211420419134 17.62580068065715 0.5476358228162391 42.26756476681021 -1.7177935010616365
Car 0 1 0 488.1816558835049 425.7637223821364 515.7421499432087 454.462477415821 1.5045516559422 1.5344931835592 4.1582319703126 -7.4491386226730985 -0.5604280769877708 65.07614918652054 1.5038210154915035
Cyclist 0 1 0 106.6386051547612 420.6819796505857 136.9352360318258 456.5361078033507 1.5203215292783 1.1099049757978 2.1574480764391 -22.821825157740026 -0.30774708430315667 49.107341764100724 1.2239391955289034
Pedestrian 0 2 0 208.1293381584284 423.57685117823206 224.23339942279125 458.8683054856676 1.7060032876314 0.58854263862581 0.60954341364544 -20.311244562870982 -0.17082465672057404 53.93713709012588 3.0118272613129897
