Car 0 1 0 370.1974325932607 424.05386021839 403.27324898827953 453.267434424904 1.5411400581933 1.6093539231132 4.018914956959 -14.183432410317018 -0.622981005340635 64.74455581237181 1.4573053831644036
Car 0 0 0 422.45294241137685 425.5367383500986 454.3205991792109 454.4950840854231 1.5178045646331 1.536788599107 4.2588223655948 -11.186485674634538 -0.5605242022754489 65.03201598321078 1.5038210154915035
Pedestrian 0 2 0 756.9150705471324 444.0940103233992 844.5980951460035 594.885199870725 1.6500100208293 0.54847042420123 0.87548893648713 2.0191123646223783 1.4587140318401892 12.675536605052772 -0.06809346851289666
Pedestrian 0 2 0 777.9629951091947 441.5781619878503 868.7264058842251 603.2886722831624 1.688126715663 0.55188795579232 0.86330473304948 2.1696560490247263 1.4780128279152425 12.060404491130567 -0.02264201344119665
Pedestrian 0 0 0 811.5793014083006 442.6844286197996 902.9836446089108 613.3395680427401 1.6957887499975 0.49095167521988 0.80693197979438 2.4196174403899278 1.5072758766235317 11.460791926664557 -0.0711085136838967
Car 0 0 0 633.4131976859918 425.5797140394236 659.9557602620305 448.8093017758335 1.5096865541087 1.8631949446032 4.3636019047331 1.2359185381060502 -1.0710051425869005 80.56735783203922 -1.5195656670547346
Pedestrian 0 0 0 797.3317982580859 423.0705442254406 811.0042723955384 460.6995920928727 1.9029674294897 0.60789048805176 0.66682703135643 8.967015225504195 -0.08977536697447422 56.856354418914755 0.14830140077680332
Pedestrian 0 0 0 245.79721152192823 442.0205491072021 321.494853896802 629.369976640972 1.6532375858563 0.45021891492842 0.59265504374993 -3.0738351448076435 1.4821414807493523 10.107261748246538 -0.1901690353312966
Car 0 0 0 486.3135389898539 427.1221411890001 513.7467525829043 454.8493785821012 1.4452840350895 1.5220836327961 4.191283620333 -7.573219949339097 -0.5397731123449274 65.16142120047485 1.5038210154915035
Car 0 0 0 43.600936927408384 419.34943853199246 195.44930074989588 478.3958511541125 1.8414340429287 1.7809839936536 4.7290794643461 -17.6408489823112 0.42037945657493503 37.873705412428784 -0.48181404443039666
Pedestrian 0 2 0 255.94419844885985 422.3885038290277 272.81663177099773 457.5392984288583 1.7060032876314 0.58854263862581 0.64012982351699 -17.994355836554995 -0.2364860614663984 54.24132117290417 3.0990518000614897
