Car 0 1 0 370.1974325932607 424.05386021839 403.27324898827953 453.267434424904 1.5411400581933 1.6093539231132 4.018914956959 -14.183432410317018 -0.622981005340635 64.74455581237181 1.4573053831644036
Car 0 0 0 422.45294241137685 425.5367383500986 454.3205991792109 454.4950840854231 1.5178045646331 1.536788599107 4.2588223655948 -11.186485674634538 -0.5605242022754489 65.03201598321078 1.5038210154915035
Pedestrian 0 2 0 1133.3715383800366 441.72338796565055 1209.4421996355022 580.8959464078631 1.6428002965523 0.39710950794317 0.73331810563501 6.689034358610047 1.4038486063574345 13.378633711497574 -0.21052166698479668
Pedestrian 0 2 0 1159.78893554532 440.5538124536156 1238.4082911007952 593.0964891909696 1.7368019398531 0.4395938938518 0.67048586049028 6.7702505676416775 1.4925905666624162 12.875095535727958 -0.1517241555048967
Pedestrian 0 0 0 1215.907315967156 434.2994142380263 1302.7070091578307 610.0651088114852 1.8867886290092 0.60578171576569 0.54000405375881 7.096554948629758 1.5863380569269834 12.194889634058834 -0.19341842492359662
Pedestrian 0 0 0 887.9057607344337 423.3012665728604 901.6632837840392 459.2092056261782 1.7892520138867 0.49224083565345 0.65545445816297 13.391026214367683 -0.16286439074221523 55.78176705352066 0.23993685022460332
Pedestrian 0 0 0 635.7901064838227 443.08914537076186 726.9293004415617 612.9444592987048 1.6844116616545 0.50980682018811 0.8385784453215 0.6124529645879428 1.5020157628768112 11.536703631131504 -0.1629759284762966
Car 0 0 0 632.0445714464972 420.92693330274847 708.1418712144614 461.5639209728304 1.9598496156579 2.0169669911154 5.6114666567941 2.2918101948526406 -0.2051003303368495 60.34720664594831 -1.0827220802008266
Cyclist 0 0 0 1077.689584897405 434.1188614683561 1131.3003788053977 480.56204651284 1.6149621955178 0.63317386989208 2.4211420419134 17.935916645281566 0.5982920041785954 41.38452340136494 -1.7177935010616365
Car 0 1 0 488.1816558835049 425.7637223821364 515.7421499432087 454.462477415821 1.5045516559422 1.5344931835592 4.1582319703126 -7.4491386226730985 -0.5604280769877708 65.07614918652054 1.5038210154915035
Cyclist 0 1 0 106.6386051547612 420.6819796505857 136.9352360318258 456.5361078033507 1.5203215292783 1.1099049757978 2.1574480764391 -22.821825157740026 -0.30774708430315667 49.107341764100724 1.2239391955289034
Pedestrian 0 2 0 210.34034932769677 423.6160795837656 227.41289360828893 458.9564498720748 1.7060032876314 0.58854263862581 0.60954341364544 -20.129502988326678 -0.16479027041320746 53.81442516649693 3.11972681335799
