Car 0 1 0 370.1974325932607 424.05386021839 403.27324898827953 453.267434424904 1.5411400581933 1.6093539231132 4.018914956959 -14.183432410317018 -0.622981005340635 64.74455581237181 1.4573053831644036
Car 0 0 0 422.45294241137685 425.5367383500986 454.3205991792109 454.4950840854231 1.5178045646331 1.536788599107 4.2588223655948 -11.186485674634538 -0.5605242022754489 65.03201598321078 1.5038210154915035
Pedestrian 0 2 0 685.3016401970815 444.3767979179819 745.1280589648693 597.2480918277508 1.6611238327919 0.52583636803651 0.5850065935962 1.0387765404693994 1.4737443441985447 12.543278024767694 -0.06809346851289666
Pedestrian 0 2 0 693.7924873517906 442.9238184344719 792.0313152276576 606.3261579980807 1.691529749368 0.55188795579232 0.97408606484135 1.2895905146555307 1.4986855956974467 11.99023912975187 -0.02264201344119665
Pedestrian 0 0 0 727.5436519695534 437.1767359513968 806.4029601074612 613.7987086865635 1.7395164601042 0.382998940905 0.72615225462816 1.4639907993727812 1.49568328808649 11.263994562579887 -0.049953114432696566
Car 0 0 0 635.6488520463427 423.8791956096628 665.8759075855535 450.9658269951516 1.5656956958408 1.8743967729497 4.3636019047331 1.3614179617339264 -0.8277861535216376 71.43506427712727 -1.5195656670547346
Pedestrian 0 0 0 777.5845766254936 423.0253344699984 793.356620552185 460.4689306396138 1.9029674294897 0.60789048805176 0.79042019395993 8.048422145416929 -0.1017038957286455 57.16660377949938 0.14830140077680332
Pedestrian 0 0 0 119.42970237905296 443.56794557221247 229.21927149746205 630.3353801263863 1.6117747496145 0.5110561752535 0.8239209563211 -4.021965542249383 1.4609424910354363 9.939568955213767 -0.21709706589919664
Car 0 0 0 486.3135389898539 427.1221411890001 513.7467525829043 454.8493785821012 1.4452840350895 1.5220836327961 4.191283620333 -7.573219949339097 -0.5397731123449274 65.16142120047485 1.5038210154915035
Cyclist 0 1 0 806.3362165807955 423.0063979166496 823.0726987835388 445.0747189849707 1.4247999016384 0.72795720752672 1.7150266084845 12.483766386113333 -1.1906583049527049 74.819056856488 -1.6126146411651117
Cyclist 0 1 0 105.30393635098676 420.7021878069804 135.67539463542488 456.5696753533169 1.5203215292783 1.1099049757978 2.1574480764391 -22.87240896152066 -0.3061663421745944 49.087077554548465 1.2239391955289034
Pedestrian 0 2 0 269.561057838206 428.0333424317784 286.0885814834226 457.54615875158754 1.4302948157496 0.58854263862581 0.64012982351699 -17.381022630117002 -0.23696120372768642 54.424458008512 3.0990518000614897
