Pedestrian 0 2 0 879.1951327243432 439.7918631642325 946.7010433607288 590.1710887186453 1.6936079266086 0.47766884106449 0.6086278393753 3.3731327589481936 1.4440339079982933 12.914549344334377 -0.1477287583636966
Pedestrian 0 2 0 899.9370025841442 436.1155851586981 992.6428995906462 606.8820691512743 1.8200334445825 0.62788816989682 0.77479802936382 3.6043138397108674 1.543576038502317 12.361158796387672 -0.21262475236449663
Pedestrian 0 0 0 941.8839526047004 438.3924138691373 1017.5128706332246 611.3033488195974 1.7446964722704 0.55048021283444 0.50357121210429 3.761281087536322 1.5066469347720541 11.64549394569872 -0.46206745847009656
Pedestrian 0 0 0 822.1753884250359 422.9847120038866 840.2401812808394 460.6477287271851 1.9029674294897 0.56240019527794 0.8942784952255 10.344563945108787 -0.09355698422635453 56.75279610450665 0.23993685022460332
Pedestrian 0 0 0 354.7558630538716 444.6545661735978 464.7230290781333 627.7229807195758 1.6421765371277 0.45021891492842 0.96422670767626 -1.9792076025254772 1.4946188826154596 10.407654162802205 -0.1901690353312966
Car 0 0 0 486.3135389898539 427.1221411890001 513.7467525829043 454.8493785821012 1.4452840350895 1.5220836327961 4.191283620333 -7.573219949339097 -0.5397731123449274 65.16142120047485 1.5038210154915035
Car 0 0 0 300.8951008879875 420.83973365802507 440.8956302981316 473.6978015067912 1.8414340429287 1.9814423192966 5.0157537996818 -10.083103772444764 0.2884749101405906 43.43300386126511 -0.6441872590825466
Car 0 1 0 370.1974325932607 424.05386021839 403.27324898827953 453.267434424904 1.5411400581933 1.6093539231132 4.018914956959 -14.183432410317018 -0.622981005340635 64.74455581237181 1.4573053831644036
Car 0 0 0 422.45294241137685 425.5367383500986 454.3205991792109 454.4950840854231 1.5178045646331 1.536788599107 4.2588223655948 -11.186485674634538 -0.5605242022754489 65.03201598321078 1.5038210154915035
Cyclist 0 1 0 105.30393635098676 420.7021878069804 135.67539463542488 456.5696753533169 1.5203215292783 1.1099049757978 2.1574480764391 -22.87240896152066 -0.3061663421745944 49.087077554548465 1.2239391955289034
Pedestrian 0 2 0 240.0682842552957 422.55887176729215 254.2357082718617 457.6438809315054 1.7060032876314 0.58854263862581 0.49739324388854 -18.863872976051518 -0.23043794962467723 54.245578584546706 3.0990518000614897
