Car 0 1 0 370.1974325932607 424.05386021839 403.27324898827953 453.267434424904 1.5411400581933 1.6093539231132 4.018914956959 -14.183432410317018 -0.622981005340635 64.74455581237181 1.4573053831644036
Car 0 0 0 422.45294241137685 425.5367383500986 454.3205991792109 454.4950840854231 1.5178045646331 1.536788599107 4.2588223655948 -11.186485674634538 -0.5605242022754489 65.03201598321078 1.5038210154915035
Pedestrian 0 2 0 753.7434406732926 443.96430524611264 799.2644525700786 595.0265881795325 1.6611238327919 0.45698929094186 0.41429701112049 1.7373723663705327 1.4652451141789107 12.600613768868419 -0.06809346851289666
Pedestrian 0 2 0 761.2470091301511 437.96223313747214 849.2539616835646 605.5475381475378 1.7503910376596 0.55188795579232 0.84068660727537 1.9711192788131742 1.5005197656086797 12.050235767336735 -0.02264201344119665
Pedestrian 0 0 0 801.3016619964922 437.05943510304667 867.020337013393 613.682477071039 1.758856757036 0.49095167521988 0.54117546236811 2.1769781192036928 1.5105763411935411 11.435061316649959 -0.0711085136838967
Car 0 0 0 633.5698508442446 425.08055980230745 661.1150162902802 449.0172330611637 1.5096865541087 1.8743967729497 4.3636019047331 1.2470245532731112 -1.0282140104583395 78.16595262720783 -1.5195656670547346
Pedestrian 0 0 0 792.4508509519094 423.0860527955029 806.0532052446097 460.7007763291229 1.9029674294897 0.60789048805176 0.66682703135643 8.718424952925998 -0.08966913747014518 56.88465984645788 0.14830140077680332
Pedestrian 0 0 0 189.5819323871733 444.6862628013412 300.63668298356254 627.5673935087234 1.5960088781966 0.57612287532636 0.87781076371267 -3.435297262851001 1.4543522529854422 10.136356003864393 -0.1901690353312966
Car 0 0 0 486.3135389898539 427.1221411890001 513.7467525829043 454.8493785821012 1.4452840350895 1.5220836327961 4.191283620333 -7.573219949339097 -0.5397731123449274 65.16142120047485 1.5038210154915035
Car 0 0 0 -25.798841412002844 418.3224608790411 133.20489214925675 478.61475575827 1.8414340429287 1.7809839936536 4.7290794643461 -19.320030503810642 0.4212452944733943 36.77429266995789 -0.41212925023209657
Cyclist 0 1 0 105.30393635098676 420.7021878069804 135.67539463542488 456.5696753533169 1.5203215292783 1.1099049757978 2.1574480764391 -22.87240896152066 -0.3061663421745944 49.087077554548465 1.2239391955289034
Pedestrian 0 2 0 261.5728991147789 422.32868959078746 278.32610961073345 455.5205430890499 1.6097980362427 0.58854263862581 0.64012982351699 -17.720765021901464 -0.33577490916961256 54.25676551438204 3.0990518000614897
