Car 0 1 0 370.1974325932607 424.05386021839 403.27324898827953 453.267434424904 1.5411400581933 1.6093539231132 4.018914956959 -14.183432410317018 -0.622981005340635 64.74455581237181 1.4573053831644036
Car 0 0 0 422.45294241137685 425.5367383500986 454.3205991792109 454.4950840854231 1.5178045646331 1.536788599107 4.2588223655948 -11.186485674634538 -0.5605242022754489 65.03201598321078 1.5038210154915035
Pedestrian 0 2 0 1053.8439846990875 444.8848120248223 1127.1498231238238 589.1362709301139 1.6765391152095 0.5101256843089 0.62055284342731 5.640395024945223 1.4806971960531576 13.289603998065036 -0.21052166698479668
Pedestrian 0 2 0 1077.7838500527776 440.7813295136635 1164.91807073771 596.2754671733062 1.7409543057544 0.47949564510794 0.79662178874181 5.813325820046979 1.5046147094791085 12.822185367053423 -0.2731076454582966
Pedestrian 0 0 0 1142.8620863000765 433.1894143639436 1219.0303325824434 607.5442563062452 1.8409419797216 0.49679283313659 0.51896904152775 6.095153452114467 1.5333415162782917 11.971600608167938 -0.2441412103200966
Pedestrian 0 0 0 571.4849788266563 444.3258868005087 650.0660662746662 615.8919476721054 1.6550907368207 0.49622603122935 0.70430005102751 -0.11219178770488059 1.4901151451773285 11.190849911866092 -0.14642601956479662
Car 0 0 0 561.9016095930334 420.7645132775108 659.770569427464 466.2351617647755 1.9598496156579 2.0169669911154 5.6114666567941 -0.8054123873333423 0.015246719842340495 54.22222470548386 -0.9745956220296266
Cyclist 0 0 0 1140.301948498287 434.5133139945533 1190.242660287697 484.7805473094487 1.6346492760563 0.63317386989208 1.7682670128364 18.581261886662247 0.7075154095611179 37.87729840448153 -1.7177935010616365
Car 0 1 0 488.1816558835049 425.7637223821364 515.7421499432087 454.462477415821 1.5045516559422 1.5344931835592 4.1582319703126 -7.4491386226730985 -0.5604280769877708 65.07614918652054 1.5038210154915035
Pedestrian 0 0 0 863.4289156808964 426.9851448450098 876.7852807294622 458.9069853525037 1.5982247980383 0.49224083565345 0.65545445816297 12.225152159319478 -0.17872168127209317 56.18751274435511 0.23993685022460332
Cyclist 0 1 0 105.30393635098676 420.7021878069804 135.67539463542488 456.5696753533169 1.5203215292783 1.1099049757978 2.1574480764391 -22.87240896152066 -0.3061663421745944 49.087077554548465 1.2239391955289034
Pedestrian 0 2 0 217.42750520980235 423.51410015577534 234.3946792029322 458.81204748463074 1.7060032876314 0.58854263862581 0.60954341364544 -19.807531285715356 -0.1721510079169779 53.898328188773576 3.11972681335799
