Car 0 1 0 370.1974325932607 424.05386021839 403.27324898827953 453.267434424904 1.5411400581933 1.6093539231132 4.018914956959 -14.183432410317018 -0.622981005340635 64.74455581237181 1.4573053831644036
Car 0 0 0 422.45294241137685 425.5367383500986 454.3205991792109 454.4950840854231 1.5178045646331 1.536788599107 4.2588223655948 -11.186485674634538 -0.5605242022754489 65.03201598321078 1.5038210154915035
Pedestrian 0 2 0 753.5897793922729 439.9520895935534 823.1293062735849 594.9823945155562 1.70083287264 0.54847042420123 0.66841127017429 1.876895342522313 1.4606225896722822 12.6608880125078 -0.06809346851289666
Pedestrian 0 2 0 764.4947488792125 441.5543334556871 871.5246461058248 603.5777973565752 1.688126715663 0.55188795579232 1.0449001708123 2.1092268998868544 1.4786584287388942 12.056940274322098 -0.02264201344119665
Pedestrian 0 0 0 805.1929414717451 436.95790101614864 877.1008072675415 613.552924421067 1.758856757036 0.49095167521988 0.60424346940665 2.2501405008300264 1.5095811609925929 11.44281979825185 -0.0711085136838967
Car 0 0 0 633.7977160128287 424.6628192309173 660.9336483288246 448.2210954016342 1.5096865541087 1.8743967729497 4.3636019047331 1.2654686255813983 -1.0969592742170546 79.31117002660264 -1.5195656670547346
Pedestrian 0 0 0 794.2253687785184 423.08039991660985 807.8532252436192 460.70034563230894 1.9029674294897 0.60789048805176 0.66682703135643 8.808821415681061 -0.08970776638082115 56.87436696371518 0.14830140077680332
Pedestrian 0 0 0 207.8855780375885 448.2863243787233 312.96972795362825 631.0061289321322 1.5960088781966 0.45021891492842 0.83965829193955 -3.2709193305151727 1.4862667690926397 10.06225173302578 -0.1901690353312966
Car 0 0 0 486.3135389898539 427.1221411890001 513.7467525829043 454.8493785821012 1.4452840350895 1.5220836327961 4.191283620333 -7.573219949339097 -0.5397731123449274 65.16142120047485 1.5038210154915035
Car 0 0 0 9.483668323836014 417.8254334432786 164.9066349209653 477.4396036238771 1.8414340429287 1.7809839936536 4.7290794643461 -18.4027102184897 0.3883019786224925 37.21316754584058 -0.41212925023209657
Cyclist 0 1 0 105.30393635098676 420.7021878069804 135.67539463542488 456.5696753533169 1.5203215292783 1.1099049757978 2.1574480764391 -22.87240896152066 -0.3061663421745944 49.087077554548465 1.2239391955289034
Pedestrian 0 2 0 258.0300936039717 422.3663259458113 274.87658662345336 457.5156251080001 1.7060032876314 0.58854263862581 0.64012982351699 -17.892711386763338 -0.2376935136715766 54.24917653790692 3.0990518000614897
