Car 0 1 0 370.1974325932607 424.05386021839 403.27324898827953 453.267434424904 1.5411400581933 1.6093539231132 4.018914956959 -14.183432410317018 -0.622981005340635 64.74455581237181 1.4573053831644036
Car 0 0 0 422.45294241137685 425.5367383500986 454.3205991792109 454.4950840854231 1.5178045646331 1.536788599107 4.2588223655948 -11.186485674634538 -0.5605242022754489 65.03201598321078 1.5038210154915035
Pedestrian 0 2 0 838.6541561377596 444.4543450227144 911.219598930074 597.4062145140958 1.7056286709316 0.47766884106449 0.67947758627862 2.908319164440182 1.51358908676623 12.832510530071348 -0.1477287583636966
Pedestrian 0 2 0 858.8395230823251 436.6707810956148 942.9652528429272 602.6109182853347 1.7570309077288 0.62566861918488 0.68401732789479 3.0758666559308336 1.488532533972819 12.290339085618674 -0.21262475236449663
Pedestrian 0 0 0 892.3700274580332 442.381680322666 984.1608730338472 611.7021381729711 1.7039633568335 0.53011365511595 0.76156121076092 3.316104749212132 1.5099247909764546 11.64464695714431 -0.1737535157362966
Pedestrian 0 0 0 815.968831496244 423.0803370800557 832.9856161271912 460.82117622472913 1.9029674294897 0.56240019527794 0.83741562925824 9.979090170561882 -0.08434248974118388 56.643215071383686 0.23993685022460332
Pedestrian 0 0 0 343.69669117086 445.5215427162789 412.4970994507146 628.2185677513509 1.6421765371277 0.45021891492842 0.58147967246686 -2.2613955566692985 1.5005255294307684 10.343208179653002 -0.1901690353312966
Car 0 0 0 486.3135389898539 427.1221411890001 513.7467525829043 454.8493785821012 1.4452840350895 1.5220836327961 4.191283620333 -7.573219949339097 -0.5397731123449274 65.16142120047485 1.5038210154915035
Car 0 0 0 218.97922383584063 420.322809990967 367.0545094596605 475.7002474349842 1.8414340429287 1.8910323481845 5.0157537996818 -12.538389711533352 0.3423306028085383 41.3193551514413 -0.6441872590825466
Cyclist 0 1 0 105.30393635098676 420.7021878069804 135.67539463542488 456.5696753533169 1.5203215292783 1.1099049757978 2.1574480764391 -22.87240896152066 -0.3061663421745944 49.087077554548465 1.2239391955289034
Pedestrian 0 2 0 243.5213522553322 422.490831617167 260.52649639705936 457.60467328559776 1.7060032876314 0.58854263862581 0.64012982351699 -18.62425774257831 -0.23328438091181805 54.26409671439104 3.0990518000614897
