Car 0 1 0 370.1974325932607 424.05386021839 403.27324898827953 453.267434424904 1.5411400581933 1.6093539231132 4.018914956959 -14.183432410317018 -0.622981005340635 64.74455581237181 1.4573053831644036
Car 0 0 0 422.45294241137685 425.5367383500986 454.3205991792109 454.4950840854231 1.5178045646331 1.536788599107 4.2588223655948 -11.186485674634538 -0.5605242022754489 65.03201598321078 1.5038210154915035
Pedestrian 0 2 0 1103.6071233025227 442.2833721232629 1159.1028808031251 586.379143009404 1.7049081079374 0.39516098409549 0.4425342634232 6.174845706678426 1.471594484422105 13.348627971491972 -0.21052166698479668
Pedestrian 0 2 0 1121.7865722075176 435.4140103799093 1195.5167488137324 595.3174539974507 1.8033803776729 0.5437870801984 0.52573573779388 6.2608244279267 1.5008723437810312 12.830504644988288 -0.2731076454582966
Pedestrian 0 0 0 1173.8826721114474 442.9581722606046 1256.6683479286148 600.7470635136901 1.6680408907774 0.57599911198122 0.5365290121548 6.529716561325052 1.4688502030205515 12.06689720228156 -0.19341842492359662
Pedestrian 0 0 0 607.4041063727383 441.9552794145511 680.0101985058621 610.2260105576256 1.6486353955181 0.47055196585952 0.64853517714946 0.22074964448702272 1.4558199724624208 11.331206329444546 -0.15071158526789663
Car 0 0 0 596.6643881550185 420.894450517389 683.9360892526778 464.31796730229513 1.9598496156579 2.0169669911154 5.6114666567941 0.6493990622078524 -0.06962657448310179 56.67221005562963 -1.0331291100961266
Cyclist 0 0 0 1108.3657132447272 432.7907139962652 1160.704331839825 481.35488509368287 1.6346492760563 0.63317386989208 2.1064293286792 18.268051831925323 0.6080820614276906 39.57486935127196 -1.7177935010616365
Car 0 1 0 488.1816558835049 425.7637223821364 515.7421499432087 454.462477415821 1.5045516559422 1.5344931835592 4.1582319703126 -7.4491386226730985 -0.5604280769877708 65.07614918652054 1.5038210154915035
Pedestrian 0 0 0 875.6826150115976 423.267950297393 889.2502517663675 459.0639304694992 1.7892520138867 0.49224083565345 0.65545445816297 12.8094978497915 -0.17045914784473912 55.978896422201466 0.23993685022460332
Cyclist 0 1 0 106.6386051547612 420.6819796505857 136.9352360318258 456.5361078033507 1.5203215292783 1.1099049757978 2.1574480764391 -22.821825157740026 -0.30774708430315667 49.107341764100724 1.2239391955289034
Pedestrian 0 2 0 210.76889477140725 423.582803235217 227.81592962838016 458.8805025786059 1.7060032876314 0.58854263862581 0.60954341364544 -20.133247517598004 -0.1686863581481146 53.87990908117486 3.11972681335799
