Car 0 1 0 370.1974325932607 424.05386021839 403.27324898827953 453.267434424904 1.5411400581933 1.6093539231132 4.018914956959 -14.183432410317018 -0.622981005340635 64.74455581237181 1.4573053831644036
Car 0 0 0 422.45294241137685 425.5367383500986 454.3205991792109 454.4950840854231 1.5178045646331 1.536788599107 4.2588223655948 -11.186485674634538 -0.5605242022754489 65.03201598321078 1.5038210154915035
Pedestrian 0 2 0 1174.6348813385662 441.1734771597871 1247.5670747043062 584.9552410718103 1.7195776928585 0.36593363145923 0.70897639894145 7.242653604058547 1.4703262288961536 13.485896053689675 -0.21052166698479668
Pedestrian 0 2 0 1201.584887631354 436.2652678594711 1290.7526191402146 591.6425035433521 1.773241317745 0.54878884128944 0.7329329666614 7.408737602444991 1.477277392076351 13.004123259609521 -0.2787485493724966
Pedestrian 0 0 0 899.504071313178 423.29736261446334 913.4247963808804 459.2661876749182 1.7892520138867 0.49224083565345 0.65545445816297 13.956367505356667 -0.15992569679032428 55.66431209434082 0.23993685022460332
Pedestrian 0 0 0 704.3452186829037 442.24624820804 784.1573196584764 615.3846437080075 1.7448102621136 0.50980682018811 0.71456124049548 1.2757072667446197 1.5495586770993863 11.672864694910318 -0.14819169736159665
Car 0 0 0 660.23353591465 421.1696432108561 718.9033729511431 459.1899815295735 1.9598496156579 2.0169669911154 5.6114666567941 3.5431759308944604 -0.33597452320354126 64.19430643494827 -1.2258581271409765
Cyclist 0 0 0 1050.5212866802394 428.5078805702016 1096.5179501979285 476.8937983983295 1.7885938488402 0.68661912109312 2.0594094308251 17.443571367307243 0.4986065816687332 43.1079765260469 -1.7177935010616365
Car 0 1 0 488.1816558835049 425.7637223821364 515.7421499432087 454.462477415821 1.5045516559422 1.5344931835592 4.1582319703126 -7.4491386226730985 -0.5604280769877708 65.07614918652054 1.5038210154915035
Cyclist 0 1 0 106.6386051547612 420.6819796505857 136.9352360318258 456.5361078033507 1.5203215292783 1.1099049757978 2.1574480764391 -22.821825157740026 -0.30774708430315667 49.107341764100724 1.2239391955289034
Pedestrian 0 2 0 204.12895404287295 423.5795483154084 220.2597160146988 458.8135439621527 1.7060032876314 0.58854263862581 0.60954341364544 -20.540850442478035 -0.1736800792842418 54.012579322733956 3.0118272613129897
