Car 0 1 0 370.1974325932607 424.05386021839 403.27324898827953 453.267434424904 1.5411400581933 1.6093539231132 4.018914956959 -14.183432410317018 -0.622981005340635 64.74455581237181 1.4573053831644036
Car 0 0 0 422.45294241137685 425.5367383500986 454.3205991792109 454.4950840854231 1.5178045646331 1.536788599107 4.2588223655948 -11.186485674634538 -0.5605242022754489 65.03201598321078 1.5038210154915035
Pedestrian 0 0 0 832.3476762181665 442.2762517208683 922.4873381237647 603.1800351636684 1.6951590405032 0.48608134265573 0.84877810246107 2.7737624939193095 1.4901492817999584 12.111990694704378 -0.041462265690896505
Car 0 0 0 694.740671664755 420.8024480814551 726.3183442027466 449.651226322846 1.8075869299499 1.9541043667824 4.7395456919422 5.595271799366728 -0.9717628823859565 76.3722037006631 -1.4200506047743167
Cyclist 0 0 0 962.222765045128 428.46147621837287 997.2122401464557 466.9892099189203 1.6395317771558 0.64897834439498 2.0217010757813 15.816621586902393 0.15001001587339607 49.768743523112335 -1.7105939859582666
Cyclist 0 0 0 157.82995558941735 426.906689663761 240.25208213134655 488.737679526871 1.6094195387042 0.58925015143018 2.0459853753301 -11.84777262154832 0.6687550040269556 30.336093856899456 -0.6218242128830866
Car 0 1 0 488.1816558835049 425.7637223821364 515.7421499432087 454.462477415821 1.5045516559422 1.5344931835592 4.1582319703126 -7.4491386226730985 -0.5604280769877708 65.07614918652054 1.5038210154915035
Pedestrian 0 0 0 934.8207344287694 428.5682621950265 949.7048856883198 456.126038916782 1.3418025157467 0.49224083565345 0.55120847260106 15.543391902657264 -0.31588569576173003 54.81734861275008 -0.13006559960279662
Cyclist 0 1 0 106.6386051547612 420.6819796505857 136.9352360318258 456.5361078033507 1.5203215292783 1.1099049757978 2.1574480764391 -22.821825157740026 -0.30774708430315667 49.107341764100724 1.2239391955289034
Pedestrian 0 2 0 188.7897051272629 423.74826741199325 206.97897034730704 459.00760274066295 1.7060032876314 0.58854263862581 0.67144341152533 -21.227693344229202 -0.1633530972553003 53.92331384024231 3.0765842164963897
