Car 0 1 0 370.1974325932607 424.05386021839 403.27324898827953 453.267434424904 1.5411400581933 1.6093539231132 4.018914956959 -14.183432410317018 -0.622981005340635 64.74455581237181 1.4573053831644036
Car 0 0 0 422.45294241137685 425.5367383500986 454.3205991792109 454.4950840854231 1.5178045646331 1.536788599107 4.2588223655948 -11.186485674634538 -0.5605242022754489 65.03201598321078 1.5038210154915035
Pedestrian 0 2 0 818.6917648472609 440.5549280662016 887.6681875005389 592.1193649914255 1.6875676045141 0.39698648863396 0.67036372619126 2.63958922913634 1.449864527929014 12.74817099832761 -0.1477287583636966
Pedestrian 0 2 0 830.6431219982179 437.5516540739249 929.6148872164742 603.2360592071258 1.7492011564048 0.54161844430965 0.91465229046285 2.8392864375639695 1.4918673828466826 12.263301426380457 -0.21262475236449663
Pedestrian 0 0 0 867.4711895965008 436.80453879967433 967.9581377764993 611.2153755950447 1.7464608775944 0.53011365511595 0.86339399935336 3.0842005742370024 1.4944478101698158 11.594497071417617 -0.1737535157362966
Pedestrian 0 0 0 281.14654852095777 445.9534527994374 386.6131651517028 630.9885221919166 1.6421765371277 0.45021891492842 0.89552852186945 -2.6440232911015613 1.5085345420616443 10.25582379572273 -0.1901690353312966
Car 0 0 0 486.3135389898539 427.1221411890001 513.7467525829043 454.8493785821012 1.4452840350895 1.5220836327961 4.191283620333 -7.573219949339097 -0.5397731123449274 65.16142120047485 1.5038210154915035
Car 0 0 0 169.55541102138972 421.4382676265732 316.39769117394104 477.8241538904287 1.8414340429287 1.7809839936536 4.8421277520099 -14.074560592953965 0.4207161633235016 40.19686803288984 -0.5439805908114965
Cyclist 0 1 0 105.30393635098676 420.7021878069804 135.67539463542488 456.5696753533169 1.5203215292783 1.1099049757978 2.1574480764391 -22.87240896152066 -0.3061663421745944 49.087077554548465 1.2239391955289034
Pedestrian 0 0 0 807.6502016442762 423.0864380501454 824.6919323768257 460.77833216607 1.9029674294897 0.56240019527794 0.83741562925824 9.56710791502385 -0.08648400988479202 56.728808251607425 0.23993685022460332
Pedestrian 0 2 0 246.7750668962605 422.45612160312623 263.73978389817273 457.56773344331066 1.7060032876314 0.58854263862581 0.64012982351699 -18.46551528856078 -0.23517011030040597 54.27636477152844 3.0990518000614897
