Car 0 1 0 370.1974325932607 424.05386021839 403.27324898827953 453.267434424904 1.5411400581933 1.6093539231132 4.018914956959 -14.183432410317018 -0.622981005340635 64.74455581237181 1.4573053831644036
Car 0 0 0 422.45294241137685 425.5367383500986 454.3205991792109 454.4950840854231 1.5178045646331 1.536788599107 4.2588223655948 -11.186485674634538 -0.5605242022754489 65.03201598321078 1.5038210154915035
Pedestrian 0 0 0 827.7570602911766 436.2101915862581 895.6635366844561 604.1204376838818 1.769169814556 0.45715134879907 0.62674578030266 2.5840161410888527 1.4968987309706594 12.022292124666837 0.019914335680903505
Cyclist 0 0 0 966.6427187286135 428.8998654179858 1005.2860054099312 466.80543525527895 1.6012539229829 0.64897834439498 1.8352474098184 15.918478012765148 0.14562017578290687 49.18962125101955 -1.8950112349111266
Car 0 1 0 488.1816558835049 425.7637223821364 515.7421499432087 454.462477415821 1.5045516559422 1.5344931835592 4.1582319703126 -7.4491386226730985 -0.5604280769877708 65.07614918652054 1.5038210154915035
Cyclist 0 0 0 133.3551970032703 427.56987579435486 217.63667432110003 490.4320913142844 1.6094195387042 0.58925015143018 2.0459853753301 -12.303909959200121 0.7025333824801951 29.827479190629678 -0.6218242128830866
Car 0 0 0 693.8963792565374 421.6420507520368 727.0333904490628 451.5141557276912 1.8075869299499 1.9084822428123 4.7395456919422 5.416234519667475 -0.8231967317341022 73.91410169207488 -1.4029751571247766
Pedestrian 0 0 0 930.254806509138 428.0021491645919 945.9208390223728 459.9386757271532 1.5646993585671 0.49224083565345 0.65545445816297 15.357785325389312 -0.12489838458118095 54.91009351631385 0.08929524129660349
Cyclist 0 1 0 106.6386051547612 420.6819796505857 136.9352360318258 456.5361078033507 1.5203215292783 1.1099049757978 2.1574480764391 -22.821825157740026 -0.30774708430315667 49.107341764100724 1.2239391955289034
Pedestrian 0 2 0 188.8332111208084 423.7472312764653 206.93489250893344 459.0108474501983 1.7060032876314 0.58854263862581 0.67144341152533 -21.227693344229202 -0.1633530972553003 53.92331384024231 3.0659743034182894
