Car 0 1 0 370.1974325932607 424.05386021839 403.27324898827953 453.267434424904 1.5411400581933 1.6093539231132 4.018914956959 -14.183432410317018 -0.622981005340635 64.74455581237181 1.4573053831644036
Car 0 0 0 422.45294241137685 425.5367383500986 454.3205991792109 454.4950840854231 1.5178045646331 1.536788599107 4.2588223655948 -11.186485674634538 -0.5605242022754489 65.03201598321078 1.5038210154915035
Pedestrian 0 0 0 805.403556404038 443.15968760090624 872.5511547319729 605.1133881685447 1.6884454905276 0.45715134879907 0.62336878977463 2.3189104006944565 1.4944142130595175 11.92710801328582 0.019914335680903505
Car 0 0 0 692.6741796275093 422.0065089437286 726.3308866427308 452.3280294560792 1.8075869299499 1.9084822428123 4.7395456919422 5.281356919549226 -0.7617768834986942 72.90524317588228 -1.4029751571247766
Cyclist 0 0 0 979.1591491938176 429.39220307780766 1019.0476832248856 468.1645310494324 1.6012539229829 0.64897834439498 1.8352474098184 16.151837011365625 0.1992057668035465 48.10695394054999 -1.8950112349111266
Car 0 1 0 488.1816558835049 425.7637223821364 515.7421499432087 454.462477415821 1.5045516559422 1.5344931835592 4.1582319703126 -7.4491386226730985 -0.5604280769877708 65.07614918652054 1.5038210154915035
Cyclist 0 0 0 78.03882341969745 428.75153058155024 169.29902608432474 493.4541125589541 1.6094195387042 0.58925015143018 2.1353132541373 -13.371927985376232 0.7595120030169431 29.005657288334547 -0.6218242128830866
Pedestrian 0 0 0 922.329986283032 423.4797774803199 936.6645422427412 459.8010248521167 1.7892520138867 0.49224083565345 0.65545445816297 14.970835687090807 -0.13232343887848938 55.08084698831367 0.23993685022460332
Cyclist 0 1 0 106.6386051547612 420.6819796505857 136.9352360318258 456.5361078033507 1.5203215292783 1.1099049757978 2.1574480764391 -22.821825157740026 -0.30774708430315667 49.107341764100724 1.2239391955289034
Pedestrian 0 2 0 191.99935831016268 423.71086988762136 210.05831472128625 458.9693824422798 1.7060032876314 0.58854263862581 0.67144341152533 -21.07570262752149 -0.16546200746165737 53.94012401479068 3.0659743034182894
