Car 0 1 0 370.1974325932607 424.05386021839 403.27324898827953 453.267434424904 1.5411400581933 1.6093539231132 4.018914956959 -14.183432410317018 -0.622981005340635 64.74455581237181 1.4573053831644036
Car 0 0 0 422.45294241137685 425.5367383500986 454.3205991792109 454.4950840854231 1.5178045646331 1.536788599107 4.2588223655948 -11.186485674634538 -0.5605242022754489 65.03201598321078 1.5038210154915035
Pedestrian 0 2 0 1233.2059859681926 442.4533976121609 1317.5809770297706 584.7519350011573 1.7164003565502 0.57101925759226 0.67497059531485 8.156088024277071 1.4816768429663922 13.669878820364803 -0.0879726966555967
Pedestrian 0 0 0 915.9380869687366 423.43682312627885 930.1604170843434 459.6699042976104 1.7892520138867 0.49224083565345 0.65545445816297 14.684621647735325 -0.13903625765741787 55.22752366185101 0.23993685022460332
Pedestrian 0 0 0 759.6361201742554 443.42833051059847 833.4472195864427 605.7153530260906 1.6884454905276 0.45715134879907 0.71418365430649 1.8598561903665756 1.498148482770667 11.920322054803027 0.019914335680903505
Car 0 0 0 684.2566618806932 420.8617312496282 726.4425231898119 455.0515912793328 1.9598496156579 2.0169669911154 4.7395456919422 4.808361530329358 -0.5727200541883233 69.80686625375529 -1.3331124362666866
Cyclist 0 0 0 1003.4380932777968 433.0928890041125 1038.96615621479 470.9497276017971 1.5087320937262 0.64897834439498 1.5481635035219 16.50342596191135 0.3129334338696944 46.3208603489854 -1.8009617179522066
Car 0 1 0 488.1816558835049 425.7637223821364 515.7421499432087 454.462477415821 1.5045516559422 1.5344931835592 4.1582319703126 -7.4491386226730985 -0.5604280769877708 65.07614918652054 1.5038210154915035
Cyclist 0 0 0 -20.536494748760447 436.16506732726646 82.18153576329553 499.43028652113134 1.4762665454463 0.58925015143018 2.2280428975797 -15.067933174209552 0.8637957113545943 27.47023532799641 -0.6218242128830866
Cyclist 0 1 0 106.6386051547612 420.6819796505857 136.9352360318258 456.5361078033507 1.5203215292783 1.1099049757978 2.1574480764391 -22.821825157740026 -0.30774708430315667 49.107341764100724 1.2239391955289034
Pedestrian 0 2 0 196.21976123935087 423.6383900962654 216.28831555100143 458.91411201516775 1.7060032876314 0.58854263862581 0.77267093311222 -20.82274611718233 -0.1689718439699044 53.968101006965114 3.0659743034182894
