Car 0 1 0 370.1974325932607 424.05386021839 403.27324898827953 453.267434424904 1.5411400581933 1.6093539231132 4.018914956959 -14.183432410317018 -0.622981005340635 64.74455581237181 1.4573053831644036
Pedestrian 0 2 0 957.1780927683104 444.9777948824077 1022.1733761711567 587.9404270676561 1.6185879326246 0.59455410381138 0.47488577396987 4.323092126464198 1.4295129357915517 13.049564059028302 -0.21052166698479668
Pedestrian 0 2 0 967.977121048794 440.23972581173535 1055.894504898137 597.1253694182712 1.7040463828882 0.55680664386372 0.75046896236948 4.41993021966449 1.469215718499119 12.556226602221228 -0.2731076454582966
Pedestrian 0 0 0 1019.9367880046768 438.20435089575074 1120.075208155004 606.7288825437046 1.7303056008707 0.559461612565 0.81809772382565 4.812197002921482 1.4864326378887784 11.855740121033774 -0.2441412103200966
Pedestrian 0 0 0 841.6211540497991 423.1465665404525 854.9272541925421 458.7994202803747 1.7908728605782 0.61640852595494 0.65545445816297 11.16866515241043 -0.18812268126329096 56.472258992545186 0.23993685022460332
Pedestrian 0 0 0 429.4455958707297 448.6912036851561 536.5678639483385 623.5348482001253 1.6030391284952 0.48923902387376 0.95895468760175 -1.3340975026836472 1.4915568479301167 10.705967813247973 -0.1901690353312966
Car 0 0 0 431.7933709315013 421.89856486139024 553.0506507263227 471.0229985063539 1.8651171574745 1.9814423192966 5.0157537996818 -5.7873719064002005 0.211210060362366 47.569071250525646 -0.7654997344970066
Cyclist 0 0 0 1238.4288715781136 436.5590509780436 1327.2377637858467 492.1795430433547 1.5105235322624 0.63317386989208 2.6901004759329 19.718926661481 0.7849651205605195 32.86137622888104 -1.7545864214626865
Car 0 0 0 422.45294241137685 425.5367383500986 454.3205991792109 454.4950840854231 1.5178045646331 1.536788599107 4.2588223655948 -11.186485674634538 -0.5605242022754489 65.03201598321078 1.5038210154915035
Cyclist 0 1 0 105.30393635098676 420.7021878069804 135.67539463542488 456.5696753533169 1.5203215292783 1.1099049757978 2.1574480764391 -22.87240896152066 -0.3061663421745944 49.087077554548465 1.2239391955289034
Pedestrian 0 2 0 229.60192494792 422.6638802281324 245.77353506088215 457.8246776374166 1.7060032876314 0.58854263862581 0.60954341364544 -19.312381005429444 -0.22241596914629186 54.165948974816835 3.0537093949372895
Car 0 0 0 486.3135389898539 427.1221411890001 513.7467525829043 454.8493785821012 1.4452840350895 1.5220836327961 4.191283620333 -7.573219949339097 -0.5397731123449274 65.16142120047485 1.5038210154915035
