Car 0 1 0 370.1974325932607 424.05386021839 403.27324898827953 453.267434424904 1.5411400581933 1.6093539231132 4.018914956959 -14.183432410317018 -0.622981005340635 64.74455581237181 1.4573053831644036
Car 0 0 0 422.45294241137685 425.5367383500986 454.3205991792109 454.4950840854231 1.5178045646331 1.536788599107 4.2588223655948 -11.186485674634538 -0.5605242022754489 65.03201598321078 1.5038210154915035
Pedestrian 0 2 0 1044.3991216257634 440.4203471216064 1111.288166768161 588.279870122414 1.7175981698219 0.46961695043464 0.55852736099433 5.45737820477557 1.4669601305233853 13.222368663291924 -0.21052166698479668
Pedestrian 0 2 0 1067.1505317373353 441.2413092223719 1146.854184547052 592.8850393530757 1.6904419468156 0.46296765561316 0.70140491896498 5.608891780559479 1.4601453992800526 12.744520800120718 -0.2731076454582966
Pedestrian 0 0 0 1114.8187678932877 440.72217774876657 1189.8901908425717 602.4615710942164 1.6961242267887 0.49679283313659 0.51896904152775 5.764094922026358 1.4735443068389134 11.944140472548932 -0.2441412103200966
Pedestrian 0 0 0 860.0054566264585 426.9308383918477 873.3032407291505 458.7824424083671 1.5982247980383 0.49224083565345 0.65545445816297 12.076246875739313 -0.18532971258196826 56.31582650628611 0.23993685022460332
Pedestrian 0 0 0 539.8058750807556 442.66319860502034 617.7923260353463 619.3278177320555 1.6853060726712 0.39550824506122 0.70430005102751 -0.4217119963283744 1.5049355888950706 10.980928014470964 -0.14642601956479662
Car 0 0 0 535.9670559959251 419.9685154284725 640.734790446043 466.8185292855696 1.9598496156579 1.9814423192966 5.6114666567941 -1.8381718943071963 0.037016565314137245 52.57289144509915 -0.9347892098393966
Cyclist 0 0 0 1172.496322754527 435.6639645595778 1236.6363612518965 490.1512777966519 1.654423713052 0.63317386989208 2.2359580962165 18.940405556571253 0.8215310901557811 35.93077130377072 -1.7177935010616365
Car 0 1 0 488.1816558835049 425.7637223821364 515.7421499432087 454.462477415821 1.5045516559422 1.5344931835592 4.1582319703126 -7.4491386226730985 -0.5604280769877708 65.07614918652054 1.5038210154915035
Cyclist 0 1 0 105.30393635098676 420.7021878069804 135.67539463542488 456.5696753533169 1.5203215292783 1.1099049757978 2.1574480764391 -22.87240896152066 -0.3061663421745944 49.087077554548465 1.2239391955289034
Pedestrian 0 2 0 217.94821480863027 423.47300989733577 234.8840678708721 458.7181231628468 1.7060032876314 0.58854263862581 0.60954341364544 -19.81217949912643 -0.17698735607906135 53.97961563196057 3.11972681335799
