Car 0 1 0 370.1974325932607 424.05386021839 403.27324898827953 453.267434424904 1.5411400581933 1.6093539231132 4.018914956959 -14.183432410317018 -0.622981005340635 64.74455581237181 1.4573053831644036
Car 0 0 0 422.45294241137685 425.5367383500986 454.3205991792109 454.4950840854231 1.5178045646331 1.536788599107 4.2588223655948 -11.186485674634538 -0.5605242022754489 65.03201598321078 1.5038210154915035
Pedestrian 0 0 0 921.1513236625706 423.4356871700374 935.4474500083608 459.6957985608814 1.7892520138867 0.49224083565345 0.65545445816297 14.935884443730103 -0.13773017145656116 55.17532145777085 0.23993685022460332
Pedestrian 0 0 0 778.8806312047618 443.18571555483766 868.744026265717 605.4678604648198 1.6884454905276 0.45715134879907 0.87563230236313 2.1524401925535708 1.4957683987789796 11.92464717119808 0.019914335680903505
Car 0 0 0 691.274485931223 422.4231484175372 725.5278255069483 453.2624287514046 1.8075869299499 1.9084822428123 4.7395456919422 5.1314929194178065 -0.6935326076815473 71.78428926900114 -1.4029751571247766
Cyclist 0 0 0 988.8242753265544 429.97633283927536 1023.1872549358023 469.0785078883591 1.6012539229829 0.64897834439498 1.5481635035219 16.214355223549404 0.2421772868293819 47.38213814868959 -1.8009617179522066
Car 0 1 0 488.1816558835049 425.7637223821364 515.7421499432087 454.462477415821 1.5045516559422 1.5344931835592 4.1582319703126 -7.4491386226730985 -0.5604280769877708 65.07614918652054 1.5038210154915035
Cyclist 0 0 0 43.63858808062753 429.5331016243312 137.32956433553733 495.3340977716853 1.6094195387042 0.58925015143018 2.1353132541373 -14.02872122226181 0.7945518353965044 28.500265942756144 -0.6218242128830866
Cyclist 0 1 0 106.6386051547612 420.6819796505857 136.9352360318258 456.5361078033507 1.5203215292783 1.1099049757978 2.1574480764391 -22.821825157740026 -0.30774708430315667 49.107341764100724 1.2239391955289034
Pedestrian 0 2 0 194.53175366366168 423.681797435617 212.55657115502865 458.9362179407421 1.7060032876314 0.58854263862581 0.67144341152533 -20.954110054215153 -0.16714913562592693 53.953572154422346 3.0659743034182894
