Car 0 1 0 370.1974325932607 424.05386021839 403.27324898827953 453.267434424904 1.5411400581933 1.6093539231132 4.018914956959 -14.183432410317018 -0.622981005340635 64.74455581237181 1.4573053831644036
Car 0 0 0 422.45294241137685 425.5367383500986 454.3205991792109 454.4950840854231 1.5178045646331 1.536788599107 4.2588223655948 -11.186485674634538 -0.5605242022754489 65.03201598321078 1.5038210154915035
Pedestrian 0 2 0 1097.2639085207002 441.7353849506858 1175.1513735512406 586.6543589560928 1.7049081079374 0.48686130828731 0.69690316981692 6.2598867273379035 1.4675062521481994 13.406576296163532 -0.21052166698479668
Pedestrian 0 2 0 1122.6250347041027 440.7077268643385 1214.1913811393251 590.8855507507352 1.6867610303981 0.53300966224426 0.78346446436188 6.373150427304408 1.448458931926774 12.822990062339644 -0.1517241555048967
Pedestrian 0 0 0 1192.1709405553854 435.2126880827515 1267.5295735513646 603.8899006078316 1.7997773506918 0.45206250759997 0.53369504722053 6.681368550337219 1.51139896568488 12.04098272349349 -0.19341842492359662
Pedestrian 0 0 0 879.3136757338829 423.2664571757947 892.9323331360025 459.0817035689759 1.7892520138867 0.49224083565345 0.65545445816297 12.987475663621607 -0.16953400345243472 55.94191986097744 0.23993685022460332
Pedestrian 0 0 0 629.1141292060383 436.286485339136 686.7698886488321 614.1835482786746 1.7689866461766 0.36483323520694 0.5111008273011 0.36885225511749153 1.5135778356420013 11.373192215128745 -0.1629759284762966
Car 0 0 0 607.4724776347531 420.3754134990251 688.5503149758862 462.83277843080594 1.9598496156579 2.0169669911154 5.6114666567941 1.058458710473472 -0.14097157483534448 57.81355739144123 -1.0827220802008266
Cyclist 0 0 0 1099.1823981772568 428.2749381723409 1150.399565379838 480.14959448172806 1.7857113784087 0.63317386989208 2.1064293286792 18.16315764800409 0.5747817897751825 40.14338660165831 -1.7177935010616365
Car 0 1 0 488.1816558835049 425.7637223821364 515.7421499432087 454.462477415821 1.5045516559422 1.5344931835592 4.1582319703126 -7.4491386226730985 -0.5604280769877708 65.07614918652054 1.5038210154915035
Cyclist 0 1 0 106.6386051547612 420.6819796505857 136.9352360318258 456.5361078033507 1.5203215292783 1.1099049757978 2.1574480764391 -22.821825157740026 -0.30774708430315667 49.107341764100724 1.2239391955289034
Pedestrian 0 2 0 210.34034932769677 423.6160795837656 227.41289360828893 458.9564498720748 1.7060032876314 0.58854263862581 0.60954341364544 -20.129502988326678 -0.16479027041320746 53.81442516649693 3.11972681335799
