Car 0 1 0 370.1974325932607 424.05386021839 403.27324898827953 453.267434424904 1.5411400581933 1.6093539231132 4.018914956959 -14.183432410317018 -0.622981005340635 64.74455581237181 1.4573053831644036
Car 0 0 0 422.45294241137685 425.5367383500986 454.3205991792109 454.4950840854231 1.5178045646331 1.536788599107 4.2588223655948 -11.186485674634538 -0.5605242022754489 65.03201598321078 1.5038210154915035
Pedestrian 0 2 0 724.6544442394656 443.4605493211524 787.2532945087218 594.6733764938117 1.6611238327919 0.55561814792259 0.60291495039903 1.512834103793465 1.4611153403587702 12.696713467863662 -0.06809346851289666
Pedestrian 0 2 0 757.1096325018146 438.23297752763847 816.6642513867642 600.9065433373543 1.6996048796971 0.55188795579232 0.53732510636394 1.7728702070457192 1.451939921654689 12.035854686805672 -0.02264201344119665
Pedestrian 0 0 0 787.6288933507377 437.3278189095178 854.3883570519802 616.0507239589886 1.758856757036 0.56453101676483 0.54117546236811 2.025690667378802 1.5165419061514032 11.353793417269497 -0.049953114432696566
Car 0 0 0 635.3405887813735 425.4784311497992 663.2873562216568 449.7876034839893 1.5096865541087 1.8743967729497 4.3636019047331 1.3638198889223165 -0.963435104314571 77.07057547762608 -1.5195656670547346
Pedestrian 0 0 0 788.2699532888146 423.0755435955153 804.0218167551359 460.6623968960017 1.9029674294897 0.60789048805176 0.77904762076648 8.565891364369719 -0.09165746714625991 56.936303710796096 0.14830140077680332
Pedestrian 0 0 0 185.0941563491869 444.89748009214793 288.3559460779271 627.7566602860541 1.5960088781966 0.57612287532636 0.80150582016643 -3.509671393450376 1.4559090229155551 10.11937046675325 -0.1901690353312966
Car 0 0 0 486.3135389898539 427.1221411890001 513.7467525829043 454.8493785821012 1.4452840350895 1.5220836327961 4.191283620333 -7.573219949339097 -0.5397731123449274 65.16142120047485 1.5038210154915035
Car 0 0 0 -70.31527593455178 418.9512942794843 94.17115293663583 480.1372993697181 1.8414340429287 1.7809839936536 4.7290794643461 -20.43168039551262 0.46262736900124446 36.21807697903271 -0.41212925023209657
Cyclist 0 1 0 105.30393635098676 420.7021878069804 135.67539463542488 456.5696753533169 1.5203215292783 1.1099049757978 2.1574480764391 -22.87240896152066 -0.3061663421745944 49.087077554548465 1.2239391955289034
Pedestrian 0 2 0 262.41109988850104 428.1099147695181 279.0253221776807 457.62731784027073 1.4302948157496 0.58854263862581 0.64012982351699 -17.730414847614664 -0.23281071243813267 54.39745600886205 3.0990518000614897
