Car 0 1 0 370.1974325932607 424.05386021839 403.27324898827953 453.267434424904 1.5411400581933 1.6093539231132 4.018914956959 -14.183432410317018 -0.622981005340635 64.74455581237181 1.4573053831644036
Car 0 0 0 422.45294241137685 425.5367383500986 454.3205991792109 454.4950840854231 1.5178045646331 1.536788599107 4.2588223655948 -11.186485674634538 -0.5605242022754489 65.03201598321078 1.5038210154915035
Pedestrian 0 2 0 693.8993690851438 444.1453305177709 766.3467924968019 597.0114796526119 1.6611238327919 0.52583636803651 0.72398823306459 1.2066368143181236 1.4714916529550588 12.56056791538546 -0.06809346851289666
Pedestrian 0 2 0 703.9122719339987 444.6252327581915 802.4678388184947 602.341897563485 1.6313592213456 0.55188795579232 0.97408606484135 1.4003080294814347 1.4571371477742894 11.994184829466008 -0.02264201344119665
Pedestrian 0 0 0 732.3418589542619 441.3963484024141 840.4523570787032 614.5992391900825 1.6875376979951 0.56453101676483 0.98604606517354 1.662539846236395 1.4908147949959447 11.321232401677113 -0.049953114432696566
Car 0 0 0 634.6845089963797 424.1854268829098 663.9563246835984 451.12519636319786 1.6105030092264 1.8743967729497 4.3636019047331 1.3091778360147885 -0.8401568928785965 73.70831700267124 -1.5195656670547346
Pedestrian 0 0 0 782.0697547352014 423.0955071494803 797.7305370074426 460.6639247053932 1.9029674294897 0.60789048805176 0.77904762076648 8.249503744724908 -0.09152226595884719 56.972328800395 0.14830140077680332
Pedestrian 0 0 0 170.99022208125933 439.1055168086712 247.08887936046784 627.046272256826 1.647713674717 0.55044464628497 0.55473552055318 -3.7554816357898275 1.4512610647466921 10.068921117240382 -0.21709706589919664
Car 0 0 0 486.3135389898539 427.1221411890001 513.7467525829043 454.8493785821012 1.4452840350895 1.5220836327961 4.191283620333 -7.573219949339097 -0.5397731123449274 65.16142120047485 1.5038210154915035
Car 0 0 0 -137.94952562924334 422.99510464868206 37.063077028026896 481.0880840611663 1.6924240351143 1.7809839936536 4.7290794643461 -22.048969805233014 0.48031826933043464 35.40656495749945 -0.41212925023209657
Cyclist 0 1 0 806.5696131298257 422.624923562476 823.0833316794294 444.38436109241184 1.4247999016384 0.72795720752672 1.7150266084845 12.661214277090156 -1.25300663882964 75.83826216824866 -1.6126146411651117
Cyclist 0 1 0 105.30393635098676 420.7021878069804 135.67539463542488 456.5696753533169 1.5203215292783 1.1099049757978 2.1574480764391 -22.87240896152066 -0.3061663421745944 49.087077554548465 1.2239391955289034
Pedestrian 0 2 0 263.80624377730936 428.09496191576005 280.40355043808296 457.6114796359588 1.4302948157496 0.58854263862581 0.64012982351699 -17.662240756367733 -0.2336205643973932 54.40272469172288 3.0990518000614897
