Car 0 1 0 370.1974325932607 424.05386021839 403.27324898827953 453.267434424904 1.5411400581933 1.6093539231132 4.018914956959 -14.183432410317018 -0.622981005340635 64.74455581237181 1.4573053831644036
Car 0 0 0 422.45294241137685 425.5367383500986 454.3205991792109 454.4950840854231 1.5178045646331 1.536788599107 4.2588223655948 -11.186485674634538 -0.5605242022754489 65.03201598321078 1.5038210154915035
Pedestrian 0 2 0 1030.9760302618242 440.6229965867824 1098.3904176818478 587.4560342727533 1.6973111226811 0.48297115866037 0.55852736099433 5.279292031233439 1.4504498255593583 13.180261594336713 -0.21052166698479668
Pedestrian 0 2 0 1051.1651750338506 441.4737329829823 1129.082303082556 593.091480563679 1.6904419468156 0.41245529667436 0.7216098625405 5.4025788802406565 1.4627111677535958 12.726657868771067 -0.2731076454582966
Pedestrian 0 0 0 1093.772042238371 440.82829527812027 1181.3422913703278 608.9279729465844 1.7483674672191 0.51706569394905 0.66867189255271 5.580188299850553 1.529553972370747 11.905112390273482 -0.2441412103200966
Pedestrian 0 0 0 858.5042570115387 423.1311166341589 871.8313478783631 458.8670858979954 1.7908728605782 0.61640852595494 0.65545445816297 11.998976347222037 -0.1845541591878716 56.312230956734076 0.23993685022460332
Pedestrian 0 0 0 510.45351634375805 450.3206773085887 617.7923260353467 620.5390871732711 1.6084083139722 0.39550824506122 0.99638163091508 -0.565348009657452 1.5075502936125613 10.95466459251188 -0.14642601956479662
Car 0 0 0 519.5866581722496 420.41498518801865 629.6694962946972 468.0447504787606 1.9598496156579 1.9814423192966 5.6114666567941 -2.4483676579885123 0.08927843409213534 51.774403482990294 -0.8937114992966966
Cyclist 0 0 0 1172.496322754527 435.6639645595778 1236.6363612518965 490.1512777966519 1.654423713052 0.63317386989208 2.2359580962165 18.940405556571253 0.8215310901557811 35.93077130377072 -1.7177935010616365
Car 0 1 0 488.1816558835049 425.7637223821364 515.7421499432087 454.462477415821 1.5045516559422 1.5344931835592 4.1582319703126 -7.4491386226730985 -0.5604280769877708 65.07614918652054 1.5038210154915035
Cyclist 0 1 0 105.30393635098676 420.7021878069804 135.67539463542488 456.5696753533169 1.5203215292783 1.1099049757978 2.1574480764391 -22.87240896152066 -0.3061663421745944 49.087077554548465 1.2239391955289034
Pedestrian 0 2 0 221.27304798064864 423.4387423927193 238.16911665604783 458.6839436013259 1.7060032876314 0.58854263862581 0.60954341364544 -19.649321383260517 -0.1787196809627524 53.98882518575586 3.11972681335799
