Car 0 1 0 370.1974325932607 424.05386021839 403.27324898827953 453.267434424904 1.5411400581933 1.6093539231132 4.018914956959 -14.183432410317018 -0.622981005340635 64.74455581237181 1.4573053831644036
Car 0 0 0 422.45294241137685 425.5367383500986 454.3205991792109 454.4950840854231 1.5178045646331 1.536788599107 4.2588223655948 -11.186485674634538 -0.5605242022754489 65.03201598321078 1.5038210154915035
Pedestrian 0 2 0 1118.254968901989 441.9875245219469 1195.5512633450542 580.2539473622144 1.6233967086558 0.39710950794317 0.75127732775744 6.482569374049579 1.3890645693013073 13.325919618140878 -0.21052166698479668
Pedestrian 0 2 0 1141.9130372040336 440.2766575655282 1236.869488071605 593.786882772443 1.7368019398531 0.53300966224426 0.82617880781106 6.664686624254295 1.4917040079812485 12.902666230044511 -0.1517241555048967
Pedestrian 0 0 0 1208.295403121333 434.5037225598979 1289.9710173497165 610.5925625705544 1.8867886290092 0.60578171576569 0.47483882655001 6.963554516868686 1.5891491940309017 12.16406062914252 -0.19341842492359662
Pedestrian 0 0 0 884.6598281537831 423.264363073969 898.3536041034444 459.1078802188728 1.7892520138867 0.49224083565345 0.65545445816297 13.249207742783623 -0.16817349699322146 55.88754256506073 0.23993685022460332
Pedestrian 0 0 0 635.7901064838227 443.08914537076186 726.9293004415617 612.9444592987048 1.6844116616545 0.50980682018811 0.8385784453215 0.6124529645879428 1.5020157628768112 11.536703631131504 -0.1629759284762966
Car 0 0 0 624.0990959527928 421.3202778972076 701.7934323488888 462.6043233681578 1.9598496156579 2.0169669911154 5.6114666567941 1.8809256211507133 -0.15163882139382623 59.50457916378434 -1.0827220802008266
Cyclist 0 0 0 1083.254549860225 434.44458630320736 1137.6637558256082 481.3242387303658 1.6149621955178 0.63317386989208 2.4211420419134 18.004062634603226 0.6199259963752407 41.01517813334844 -1.7177935010616365
Car 0 1 0 488.1816558835049 425.7637223821364 515.7421499432087 454.462477415821 1.5045516559422 1.5344931835592 4.1582319703126 -7.4491386226730985 -0.5604280769877708 65.07614918652054 1.5038210154915035
Cyclist 0 1 0 106.6386051547612 420.6819796505857 136.9352360318258 456.5361078033507 1.5203215292783 1.1099049757978 2.1574480764391 -22.821825157740026 -0.30774708430315667 49.107341764100724 1.2239391955289034
Pedestrian 0 2 0 210.34034932769677 423.6160795837656 227.41289360828893 458.9564498720748 1.7060032876314 0.58854263862581 0.60954341364544 -20.129502988326678 -0.16479027041320746 53.81442516649693 3.11972681335799
