Car 0 1 0 370.1974325932607 424.05386021839 403.27324898827953 453.267434424904 1.5411400581933 1.6093539231132 4.018914956959 -14.183432410317018 -0.622981005340635 64.74455581237181 1.4573053831644036
Car 0 0 0 422.45294241137685 425.5367383500986 454.3205991792109 454.4950840854231 1.5178045646331 1.536788599107 4.2588223655948 -11.186485674634538 -0.5605242022754489 65.03201598321078 1.5038210154915035
Pedestrian 0 2 0 867.1806294372893 440.0649899551718 927.1010279574424 590.7383783288791 1.6936079266086 0.47766884106449 0.51753530764247 3.1790621427283168 1.4475823420678855 12.878803156124658 -0.1477287583636966
Pedestrian 0 2 0 895.8770830058486 436.0761745495061 973.6730999908152 605.8034061660579 1.8200334445825 0.66051899148992 0.57901309980526 3.4894071347804614 1.5411121765694145 12.416187201933235 -0.21262475236449663
Pedestrian 0 0 0 927.6845935592164 438.1067401107186 1011.6983899686098 611.5431860491344 1.7446964722704 0.55048021283444 0.64954514330924 3.6699497603213778 1.504749225496579 11.688219980361431 -0.5571984981557967
Pedestrian 0 0 0 817.4580719771748 422.98802320776 835.5357729974721 460.6235728935211 1.9029674294897 0.56240019527794 0.8942784952255 10.110736178451441 -0.09477244160516021 56.80137601760671 0.23993685022460332
Pedestrian 0 0 0 350.3362412474057 444.7947266594362 456.2540923493202 627.921266384594 1.6421765371277 0.45021891492842 0.92497060150094 -2.0366017626903905 1.4958202345100617 10.39454650521316 -0.1901690353312966
Car 0 0 0 486.3135389898539 427.1221411890001 513.7467525829043 454.8493785821012 1.4452840350895 1.5220836327961 4.191283620333 -7.573219949339097 -0.5397731123449274 65.16142120047485 1.5038210154915035
Car 0 0 0 277.75847362346764 421.3166674881817 420.1801948930462 474.934498557087 1.8414340429287 1.9814423192966 5.0157537996818 -10.806016124413597 0.3286115160187609 42.85054082538662 -0.6441872590825466
Cyclist 0 1 0 105.30393635098676 420.7021878069804 135.67539463542488 456.5696753533169 1.5203215292783 1.1099049757978 2.1574480764391 -22.87240896152066 -0.3061663421745944 49.087077554548465 1.2239391955289034
Pedestrian 0 2 0 243.81847524719035 422.5187998751484 257.939369095803 457.6012998244341 1.7060032876314 0.58854263862581 0.49739324388854 -18.6809129663363 -0.23261136359505485 54.25971824155873 3.0990518000614897
