Car 0 1 0 370.1974325932607 424.05386021839 403.27324898827953 453.267434424904 1.5411400581933 1.6093539231132 4.018914956959 -14.183432410317018 -0.622981005340635 64.74455581237181 1.4573053831644036
Car 0 0 0 422.45294241137685 425.5367383500986 454.3205991792109 454.4950840854231 1.5178045646331 1.536788599107 4.2588223655948 -11.186485674634538 -0.5605242022754489 65.03201598321078 1.5038210154915035
Pedestrian 0 2 0 1055.3290740140033 440.2453751681029 1123.3112168833763 584.6903497311114 1.6765391152095 0.5101256843089 0.54183792327449 5.603257379429605 1.4239765482717082 13.235593865072586 -0.21052166698479668
Pedestrian 0 2 0 1076.9444498952305 440.7624371296977 1159.9541503881485 596.1444352082608 1.7409543057544 0.52111302638695 0.70140491896498 5.782980109943683 1.5041057635294373 12.834352068694999 -0.2731076454582966
Pedestrian 0 0 0 1129.785899486348 440.4132696232912 1204.9765418881834 601.2600303979375 1.6961242267887 0.49679283313659 0.51896904152775 5.958962600957616 1.4687944101492825 11.999844213805742 -0.2441412103200966
Pedestrian 0 0 0 539.8058750807556 442.66319860502034 617.7923260353463 619.3278177320555 1.6853060726712 0.39550824506122 0.70430005102751 -0.4217119963283744 1.5049355888950706 10.980928014470964 -0.14642601956479662
Car 0 0 0 549.2664704494142 419.5414875152613 651.6701375912216 465.6055816053045 1.9598496156579 1.9814423192966 5.6114666567941 -1.2883726055599916 -0.014929192076694922 53.373410849938026 -0.9347892098393966
Cyclist 0 0 0 1159.609486927131 435.55348686318206 1211.87956382493 487.2876025474605 1.6346492760563 0.63317386989208 1.7682670128364 18.774599299523285 0.7688933442393641 36.829426632689454 -1.7177935010616365
Car 0 1 0 488.1816558835049 425.7637223821364 515.7421499432087 454.462477415821 1.5045516559422 1.5344931835592 4.1582319703126 -7.4491386226730985 -0.5604280769877708 65.07614918652054 1.5038210154915035
Pedestrian 0 0 0 862.2887164145528 426.9308547635593 875.6069455340441 458.7934803829555 1.5982247980383 0.49224083565345 0.65545445816297 12.188465397296332 -0.18474639079766128 56.29251205521204 0.23993685022460332
Cyclist 0 1 0 105.30393635098676 420.7021878069804 135.67539463542488 456.5696753533169 1.5203215292783 1.1099049757978 2.1574480764391 -22.87240896152066 -0.3061663421745944 49.087077554548465 1.2239391955289034
Pedestrian 0 2 0 214.09805335019064 423.54844179033216 231.1051485766535 458.846275583712 1.7060032876314 0.58854263862581 0.60954341364544 -19.970389401581265 -0.17041868303328642 53.88911863497828 3.11972681335799
