Car 0 1 0 370.1974325932607 424.05386021839 403.27324898827953 453.267434424904 1.5411400581933 1.6093539231132 4.018914956959 -14.183432410317018 -0.622981005340635 64.74455581237181 1.4573053831644036
Car 0 0 0 422.45294241137685 425.5367383500986 454.3205991792109 454.4950840854231 1.5178045646331 1.536788599107 4.2588223655948 -11.186485674634538 -0.5605242022754489 65.03201598321078 1.5038210154915035
Pedestrian 0 2 0 1199.3006929344965 443.1154635597301 1271.1118031366384 589.7210951710579 1.7593943465316 0.49969634955059 0.56603846790504 7.5984086496597305 1.533916862367427 13.584333219633676 -0.21052166698479668
Pedestrian 0 2 0 1235.7917705989537 436.0998443847627 1311.6033257112929 590.0491246068725 1.773241317745 0.55938614125538 0.49979236741077 7.7695321231122145 1.4719975311028768 13.048596246173316 -0.2787485493724966
Pedestrian 0 0 0 702.4322233122823 442.0406489737544 798.6702798677426 615.4743707191251 1.7448102621136 0.50980682018811 0.89182686040063 1.3423475181128668 1.548338302326629 11.685171125290912 -0.14819169736159665
Car 0 0 0 670.7966838673482 420.3875657699384 725.2225740931267 457.1388693727885 1.9598496156579 2.0169669911154 5.6114666567941 4.1451393182332135 -0.4572365328711793 66.14549378704297 -1.2483681428279865
Cyclist 0 0 0 1029.6204772374872 432.9096524538426 1071.695550837804 474.3706315068288 1.5746034529479 0.64897834439498 1.8200964266882 17.027143112503197 0.4244180622378382 44.39666704088373 -1.8009617179522066
Car 0 1 0 488.1816558835049 425.7637223821364 515.7421499432087 454.462477415821 1.5045516559422 1.5344931835592 4.1582319703126 -7.4491386226730985 -0.5604280769877708 65.07614918652054 1.5038210154915035
Pedestrian 0 0 0 906.5032971691272 423.3665152843952 920.5569943894376 459.46027626392674 1.7892520138867 0.49224083565345 0.65545445816297 14.263117411416205 -0.14984047268234665 55.45886076387154 0.23993685022460332
Cyclist 0 1 0 106.6386051547612 420.6819796505857 136.9352360318258 456.5361078033507 1.5203215292783 1.1099049757978 2.1574480764391 -22.821825157740026 -0.30774708430315667 49.107341764100724 1.2239391955289034
Pedestrian 0 2 0 201.7043849852767 423.5755044795432 221.69838539377983 458.84228857786377 1.7060032876314 0.58854263862581 0.77267093311222 -20.55929554138445 -0.17262728832999716 53.99723864286809 3.0659743034182894
