Car 0 1 0 370.1974325932607 424.05386021839 403.27324898827953 453.267434424904 1.5411400581933 1.6093539231132 4.018914956959 -14.183432410317018 -0.622981005340635 64.74455581237181 1.4573053831644036
Pedestrian 0 2 0 942.0822220346666 439.44023900048046 1008.19262198029 593.8922086927823 1.7520806393868 0.43749152089368 0.58167050914926 4.1253293011461185 1.4962301353185843 12.966487171364797 -0.2568695136786967
Pedestrian 0 2 0 955.4445583639258 440.7310744536535 1037.9921947922508 598.8597766809793 1.7040463828882 0.57717419394798 0.65881498699025 4.210871115992631 1.4766243611875367 12.457861997576202 -0.2731076454582966
Pedestrian 0 0 0 1004.7463934066532 438.9955658997715 1067.5940666216788 606.295202720301 1.7303056008707 0.48707666917816 0.3837880635046 4.426771980964357 1.49205531413816 11.808525298614972 -0.3710479441819965
Pedestrian 0 0 0 834.2884647451294 422.27471810661206 847.590644559797 458.6325061603569 1.834731990329 0.53965504889103 0.65545445816297 10.82117776186482 -0.1947278114735686 56.62455205928463 0.23993685022460332
Pedestrian 0 0 0 425.66868463314256 443.42653602953857 518.8626546215165 621.6783595105752 1.6323042102042 0.45021891492842 0.82238430629306 -1.423643272864939 1.468404459412381 10.613884933191 -0.1901690353312966
Car 0 0 0 386.8274889623517 421.37375198085374 514.9584792223703 471.4158505962126 1.8414340429287 1.9814423192966 5.0157537996818 -7.335667555258228 0.21777466649077326 46.06275124630899 -0.7263774454448266
Car 0 0 0 486.3135389898539 427.1221411890001 513.7467525829043 454.8493785821012 1.4452840350895 1.5220836327961 4.191283620333 -7.573219949339097 -0.5397731123449274 65.16142120047485 1.5038210154915035
Cyclist 0 1 0 105.30393635098676 420.7021878069804 135.67539463542488 456.5696753533169 1.5203215292783 1.1099049757978 2.1574480764391 -22.87240896152066 -0.3061663421745944 49.087077554548465 1.2239391955289034
Pedestrian 0 2 0 233.61055257661025 422.61728284685273 249.7278186058272 457.7698286017924 1.7060032876314 0.58854263862581 0.60954341364544 -19.12013654496795 -0.2252263707180025 54.189597410278125 3.0537093949372895
Car 0 0 0 422.45294241137685 425.5367383500986 454.3205991792109 454.4950840854231 1.5178045646331 1.536788599107 4.2588223655948 -11.186485674634538 -0.5605242022754489 65.03201598321078 1.5038210154915035
