Car 0 1 0 370.1974325932607 424.05386021839 403.27324898827953 453.267434424904 1.5411400581933 1.6093539231132 4.018914956959 -14.183432410317018 -0.622981005340635 64.74455581237181 1.4573053831644036
Pedestrian 0 2 0 1074.7082893732393 442.6168796498864 1141.4277962817632 588.4024248263942 1.7065972709677 0.39516309013043 0.60571857924543 5.849824136453753 1.4805025526576767 13.267512675979711 -0.21052166698479668
Pedestrian 0 2 0 1090.1933313269258 440.91099449155126 1164.9180707376872 595.4258203419278 1.7409543057544 0.43787826382894 0.65096095426529 5.889034609159389 1.503932145688559 12.824417762460003 -0.2731076454582966
Pedestrian 0 0 0 1149.183519619939 432.9843833857767 1234.5419071843166 610.008181541262 1.8629457692609 0.55373232297786 0.58576940853783 6.219109967552887 1.5540590353132935 11.978740050426161 -0.2441412103200966
Pedestrian 0 0 0 869.6972347785363 423.2272175940446 883.1604837099787 458.9375501217026 1.7892520138867 0.49224083565345 0.65545445816297 12.533753093602256 -0.17711754636530128 56.12339800390222 0.23993685022460332
Pedestrian 0 0 0 572.8906658740998 450.5648498472184 669.0532647997122 619.6007778720264 1.6226725293917 0.56252345882584 0.87477915056136 -0.012131696772319539 1.5240985528473916 11.245003533875988 -0.14642601956479662
Car 0 0 0 572.3957828628652 421.8024876069624 667.16351610943 466.79529075013687 1.9598496156579 2.0169669911154 5.6114666567941 -0.3766623711083664 0.04359091531604756 54.90661069752602 -0.9917767975191766
Cyclist 0 0 0 1140.301948498287 434.5133139945533 1190.242660287697 484.7805473094487 1.6346492760563 0.63317386989208 1.7682670128364 18.581261886662247 0.7075154095611179 37.87729840448153 -1.7177935010616365
Car 0 1 0 488.1816558835049 425.7637223821364 515.7421499432087 454.462477415821 1.5045516559422 1.5344931835592 4.1582319703126 -7.4491386226730985 -0.5604280769877708 65.07614918652054 1.5038210154915035
Car 0 0 0 422.45294241137685 425.5367383500986 454.3205991792109 454.4950840854231 1.5178045646331 1.536788599107 4.2588223655948 -11.186485674634538 -0.5605242022754489 65.03201598321078 1.5038210154915035
Cyclist 0 1 0 106.6386051547612 420.6819796505857 136.9352360318258 456.5361078033507 1.5203215292783 1.1099049757978 2.1574480764391 -22.821825157740026 -0.30774708430315667 49.107341764100724 1.2239391955289034
Pedestrian 0 2 0 213.0576600301119 423.5591776568514 230.07723430717368 458.856971644307 1.7060032876314 0.58854263862581 0.60954341364544 -20.021282563044423 -0.16987733150449352 53.8862406494027 3.11972681335799
