Car 0 1 0 370.1974325932607 424.05386021839 403.27324898827953 453.267434424904 1.5411400581933 1.6093539231132 4.018914956959 -14.183432410317018 -0.622981005340635 64.74455581237181 1.4573053831644036
Car 0 0 0 422.45294241137685 425.5367383500986 454.3205991792109 454.4950840854231 1.5178045646331 1.536788599107 4.2588223655948 -11.186485674634538 -0.5605242022754489 65.03201598321078 1.5038210154915035
Pedestrian 0 2 0 705.0531643727851 443.9826383587471 781.3106064290073 596.7020699475224 1.6611238327919 0.52583636803651 0.76369727291271 1.3547488206551528 1.4695039842108493 12.57582370122396 -0.06809346851289666
Pedestrian 0 2 0 742.5946444708812 438.3362963774129 804.3147392016571 601.2082729770581 1.6996048796971 0.55188795579232 0.56779680114144 1.6258401392328554 1.453510732004377 12.027425906330478 -0.02264201344119665
Pedestrian 0 0 0 751.4617707121515 441.3316156458667 847.1553344713752 617.0769036109585 1.7177930439718 0.56453101676483 0.85258899771486 1.797240468388692 1.5193576532066697 11.334436548219486 -0.049953114432696566
Car 0 0 0 634.6845089963797 424.1854268829098 663.9563246835984 451.12519636319786 1.6105030092264 1.8743967729497 4.3636019047331 1.3091778360147885 -0.8401568928785965 73.70831700267124 -1.5195656670547346
Pedestrian 0 0 0 784.5049099453051 423.0876417839698 800.201484552679 460.66332435214224 1.9029674294897 0.60789048805176 0.77904762076648 8.373798881014078 -0.0915753807110721 56.958176086624434 0.14830140077680332
Pedestrian 0 0 0 182.26695296178912 440.0808074454884 264.24123321175887 628.1195658587487 1.6451684115821 0.57612287532636 0.61381822710039 -3.628250962364444 1.458593381081461 10.088912696356966 -0.21709706589919664
Car 0 0 0 486.3135389898539 427.1221411890001 513.7467525829043 454.8493785821012 1.4452840350895 1.5220836327961 4.191283620333 -7.573219949339097 -0.5397731123449274 65.16142120047485 1.5038210154915035
Car 0 0 0 -105.34595030943352 423.73156513981945 64.18907877733102 481.2462306364013 1.6924240351143 1.7809839936536 4.7290794643461 -21.311848714243094 0.4921185210382698 35.83232801186652 -0.41212925023209657
Cyclist 0 1 0 803.5283612324504 422.4858149449958 819.8817016517675 444.1196135267117 1.4247999016384 0.72795720752672 1.7150266084845 12.516961084086272 -1.277734695773388 76.26846015593755 -1.6126146411651117
Cyclist 0 1 0 105.30393635098676 420.7021878069804 135.67539463542488 456.5696753533169 1.5203215292783 1.1099049757978 2.1574480764391 -22.87240896152066 -0.3061663421745944 49.087077554548465 1.2239391955289034
Pedestrian 0 2 0 264.5038102684588 428.0874876307508 281.0926589555544 457.6035609431424 1.4302948157496 0.58854263862581 0.64012982351699 -17.628153710934424 -0.23402549037481313 54.40535903313858 3.0990518000614897
