Car 0 1 0 370.1974325932607 424.05386021839 403.27324898827953 453.267434424904 1.5411400581933 1.6093539231132 4.018914956959 -14.183432410317018 -0.622981005340635 64.74455581237181 1.4573053831644036
Car 0 0 0 422.45294241137685 425.5367383500986 454.3205991792109 454.4950840854231 1.5178045646331 1.536788599107 4.2588223655948 -11.186485674634538 -0.5605242022754489 65.03201598321078 1.5038210154915035
Pedestrian 0 2 0 1214.1685148011773 442.5170867608029 1310.1575279860035 582.73438174004 1.6861695398613 0.54024644185988 0.86986509495327 7.980458933924443 1.4533690077598453 13.658114200065592 -0.10444241043779656
Pedestrian 0 0 0 913.9270329739616 423.40493083805984 928.1051476515688 459.5873899171773 1.7892520138867 0.49224083565345 0.65545445816297 14.603142798858439 -0.14328796493727655 55.30834891124956 0.23993685022460332
Pedestrian 0 0 0 760.7984162043144 436.566326231685 819.1083915979998 606.4198125645094 1.7621631504723 0.50980682018811 0.49303067447253 1.7922287161895083 1.498062085066673 11.929946829985518 -0.1045266648705967
Car 0 0 0 681.2639140357825 421.2929433317834 724.3127391907578 456.1003796936539 1.9598496156579 2.0169669911154 4.7395456919422 4.574773852168294 -0.5030012091155613 68.67143010932496 -1.3331124362666866
Cyclist 0 0 0 1010.0030804126086 431.8935412390052 1046.0960414950528 471.6930322979827 1.5746034529479 0.64897834439498 1.5481635035219 16.62926663560619 0.3397213683959719 45.85850813856943 -1.8009617179522066
Car 0 1 0 488.1816558835049 425.7637223821364 515.7421499432087 454.462477415821 1.5045516559422 1.5344931835592 4.1582319703126 -7.4491386226730985 -0.5604280769877708 65.07614918652054 1.5038210154915035
Cyclist 0 1 0 106.6386051547612 420.6819796505857 136.9352360318258 456.5361078033507 1.5203215292783 1.1099049757978 2.1574480764391 -22.821825157740026 -0.30774708430315667 49.107341764100724 1.2239391955289034
Pedestrian 0 2 0 200.22796512555487 423.592427659643 220.2420217592305 458.86162250182457 1.7060032876314 0.58854263862581 0.77267093311222 -20.63022454262972 -0.17164313023204034 53.989393894732444 3.0659743034182894
