Car 0 1 0 370.1974325932607 424.05386021839 403.27324898827953 453.267434424904 1.5411400581933 1.6093539231132 4.018914956959 -14.183432410317018 -0.622981005340635 64.74455581237181 1.4573053831644036
Car 0 0 0 422.45294241137685 425.5367383500986 454.3205991792109 454.4950840854231 1.5178045646331 1.536788599107 4.2588223655948 -11.186485674634538 -0.5605242022754489 65.03201598321078 1.5038210154915035
Pedestrian 0 2 0 1158.5363757211076 441.4234030100637 1234.5142810807556 586.0087458819372 1.7195776928585 0.36593363145923 0.75405097970546 7.031406259694983 1.4750199218871363 13.433112307451616 -0.21052166698479668
Pedestrian 0 2 0 1186.1607857383456 443.18672124836047 1278.5988151178994 596.4201295044304 1.7337770266515 0.60059610249414 0.7329329666614 7.223665742652516 1.5239354952861108 12.973909137334774 -0.2787485493724966
Pedestrian 0 0 0 695.8336087725723 442.67803975803537 754.3363337812626 610.0552159667583 1.6844116616545 0.50980682018811 0.48303327206891 1.0729508942168102 1.4931603683004784 11.628793228963856 -0.1629759284762966
Car 0 0 0 656.1307331005553 421.4934549413993 715.7882349747376 460.02705773072336 1.9598496156579 2.0169669911154 5.6114666567941 3.2978222766208525 -0.2883600888794683 63.42924568335126 -1.2258581271409765
Cyclist 0 0 0 1050.5212866802394 428.5078805702016 1096.5179501979285 476.8937983983295 1.7885938488402 0.68661912109312 2.0594094308251 17.443571367307243 0.4986065816687332 43.1079765260469 -1.7177935010616365
Car 0 1 0 488.1816558835049 425.7637223821364 515.7421499432087 454.462477415821 1.5045516559422 1.5344931835592 4.1582319703126 -7.4491386226730985 -0.5604280769877708 65.07614918652054 1.5038210154915035
Pedestrian 0 0 0 893.9153165204877 423.2991743177481 907.7573969403144 459.2387248389154 1.7892520138867 0.49224083565345 0.65545445816297 13.684166143028413 -0.16134062350790343 55.72086448209414 0.23993685022460332
Cyclist 0 1 0 106.6386051547612 420.6819796505857 136.9352360318258 456.5361078033507 1.5203215292783 1.1099049757978 2.1574480764391 -22.821825157740026 -0.30774708430315667 49.107341764100724 1.2239391955289034
Pedestrian 0 2 0 203.8153258632231 423.61374639453743 219.9709495135723 458.8936768283186 1.7060032876314 0.58854263862581 0.60954341364544 -20.52913392806895 -0.16955450239008377 53.942300350618 3.0118272613129897
