Car 0 1 0 370.1974325932607 424.05386021839 403.27324898827953 453.267434424904 1.5411400581933 1.6093539231132 4.018914956959 -14.183432410317018 -0.622981005340635 64.74455581237181 1.4573053831644036
Car 0 0 0 422.45294241137685 425.5367383500986 454.3205991792109 454.4950840854231 1.5178045646331 1.536788599107 4.2588223655948 -11.186485674634538 -0.5605242022754489 65.03201598321078 1.5038210154915035
Pedestrian 0 2 0 1202.5548122030482 442.8694490550146 1283.594721381544 584.3916067830146 1.6963070629386 0.49969634955059 0.70766472571614 7.712841190078454 1.4683914306530237 13.609267423748244 -0.21052166698479668
Pedestrian 0 2 0 1230.4086982126687 435.8926226907886 1320.9875506277922 592.3159017271279 1.7944359176769 0.55938614125538 0.7329329666614 7.79992309273244 1.49234816361659 13.05964959220074 -0.2787485493724966
Pedestrian 0 0 0 909.9611323372378 423.3655895897666 924.063627110565 459.4773604361274 1.7892520138867 0.49224083565345 0.65545445816297 14.430625942080047 -0.1489697485484681 55.42405929448511 0.23993685022460332
Pedestrian 0 0 0 710.8140809625788 441.404649322792 806.0152603804385 604.6157300214143 1.6613911468641 0.50980682018811 0.89182686040063 1.4412395133363156 1.4553978070866496 11.82959673966442 -0.14819169736159665
Car 0 0 0 676.7688444968362 420.0115608293238 726.6303778435375 456.18703892806326 1.9598496156579 2.0169669911154 5.6114666567941 4.420685960449608 -0.515004563803674 67.07637820561689 -1.2902178906860866
Cyclist 0 0 0 1022.5436729570116 432.54301146255926 1063.930950975623 473.5583904398071 1.5746034529479 0.64897834439498 1.8200964266882 16.89879586189133 0.3970965480953077 44.86822868529834 -1.8009617179522066
Car 0 1 0 488.1816558835049 425.7637223821364 515.7421499432087 454.462477415821 1.5045516559422 1.5344931835592 4.1582319703126 -7.4491386226730985 -0.5604280769877708 65.07614918652054 1.5038210154915035
Cyclist 0 1 0 106.6386051547612 420.6819796505857 136.9352360318258 456.5361078033507 1.5203215292783 1.1099049757978 2.1574480764391 -22.821825157740026 -0.30774708430315667 49.107341764100724 1.2239391955289034
Pedestrian 0 2 0 201.7043849852767 423.5755044795432 221.69838539377983 458.84228857786377 1.7060032876314 0.58854263862581 0.77267093311222 -20.55929554138445 -0.17262728832999716 53.99723864286809 3.0659743034182894
