Car 0 1 0 370.1974325932607 424.05386021839 403.27324898827953 453.267434424904 1.5411400581933 1.6093539231132 4.018914956959 -14.183432410317018 -0.622981005340635 64.74455581237181 1.4573053831644036
Car 0 0 0 422.45294241137685 425.5367383500986 454.3205991792109 454.4950840854231 1.5178045646331 1.536788599107 4.2588223655948 -11.186485674634538 -0.5605242022754489 65.03201598321078 1.5038210154915035
Pedestrian 0 2 0 793.9067039441833 443.64154467120727 854.1790537365729 592.350338157769 1.6500100208293 0.54847042420123 0.55008117513837 2.309111952356214 1.4494863382035887 12.794470057325215 -0.06809346851289666
Pedestrian 0 2 0 820.5806569288145 438.4966125961092 889.5946408223601 602.3242702526604 1.7183926219568 0.60323551320568 0.59629743450002 2.5269963343707893 1.4726571810484694 12.106560394324932 -0.02264201344119665
Pedestrian 0 0 0 847.7603927155077 437.8028472806383 929.8301238851204 612.9555733629169 1.7464608775944 0.48051442135406 0.69639793750045 2.7451679496253507 1.5056724185050079 11.448165303560224 -0.0711085136838967
Pedestrian 0 0 0 804.260437950119 423.04874457752646 818.0323105769882 460.69791330321885 1.9029674294897 0.60789048805176 0.66682703135643 9.319617594321596 -0.0899260437266042 56.81620578116528 0.14830140077680332
Pedestrian 0 0 0 271.2730417353385 441.3679809568632 367.6763171447196 628.9259396025445 1.6532375858563 0.45021891492842 0.80013777222921 -2.749418895262143 1.4771695168357406 10.150997168334685 -0.1901690353312966
Car 0 0 0 486.3135389898539 427.1221411890001 513.7467525829043 454.8493785821012 1.4452840350895 1.5220836327961 4.191283620333 -7.573219949339097 -0.5397731123449274 65.16142120047485 1.5038210154915035
Car 0 0 0 106.25754869573586 418.1963852370171 258.41946257653456 475.8750719209962 1.8414340429287 1.7809839936536 4.8421277520099 -15.855866811537231 0.339992495686378 38.99949326106048 -0.5439805908114965
Pedestrian 0 2 0 251.73518813850364 422.4032678642604 268.63828817035784 457.5114289251582 1.7060032876314 0.58854263862581 0.64012982351699 -18.22351294204929 -0.2380448985209998 54.29506738408977 3.0990518000614897
