Car 0 1 0 370.1974325932607 424.05386021839 403.27324898827953 453.267434424904 1.5411400581933 1.6093539231132 4.018914956959 -14.183432410317018 -0.622981005340635 64.74455581237181 1.4573053831644036
Car 0 0 0 422.45294241137685 425.5367383500986 454.3205991792109 454.4950840854231 1.5178045646331 1.536788599107 4.2588223655948 -11.186485674634538 -0.5605242022754489 65.03201598321078 1.5038210154915035
Pedestrian 0 2 0 988.252482273852 440.68305264763154 1056.8913214914776 595.5988934445254 1.7866176120923 0.45265678294656 0.60652780291684 4.756928693175023 1.5413835056765677 13.15399425041064 -0.21052166698479668
Pedestrian 0 2 0 1014.8945846684746 439.625984598173 1091.306674662189 596.0696323821285 1.7345977080146 0.50588776865303 0.63029236296127 4.956006662855719 1.4868816199611536 12.707365718717163 -0.2731076454582966
Pedestrian 0 0 0 1062.7533998642396 438.4243741755601 1142.2547261375637 608.1525277327099 1.7597550590709 0.51706569394905 0.5708580194403 5.169234274696295 1.5151024475988535 11.852745066907843 -0.2441412103200966
Pedestrian 0 0 0 849.1069703160981 423.1047643888742 862.3684869930185 458.7510180313636 1.7908728605782 0.61640852595494 0.65545445816297 11.550656564148097 -0.1907131190965176 56.46927721356399 0.23993685022460332
Pedestrian 0 0 0 493.5855639823942 443.3528297130584 560.0863920741926 619.30609950518 1.6509397902151 0.47443942721915 0.5840315723516 -0.9225440616161199 1.4807137505552068 10.83715689968779 -0.14642601956479662
Car 0 0 0 473.7767442916027 420.6319105683575 592.5449045547294 468.1889075977153 1.8651171574745 1.9814423192966 5.386144735867 -4.180176316503495 0.09234563166888632 49.358610298014035 -0.8221174817400466
Cyclist 0 0 0 1206.910225483503 435.5785775628549 1287.2251483760822 495.2004668109449 1.7053825133861 0.63317386989208 2.6901004759329 19.436924348495182 0.9152288155032349 34.30675575688981 -1.7177935010616365
Cyclist 0 1 0 105.30393635098676 420.7021878069804 135.67539463542488 456.5696753533169 1.5203215292783 1.1099049757978 2.1574480764391 -22.87240896152066 -0.3061663421745944 49.087077554548465 1.2239391955289034
Pedestrian 0 2 0 222.16042131819745 423.4287589947893 238.47490180648657 458.70031435161496 1.7060032876314 0.58854263862581 0.60954341364544 -19.61842247015925 -0.17880661847544266 53.98653763276821 3.0537093949372895
Car 0 0 0 486.3135389898539 427.1221411890001 513.7467525829043 454.8493785821012 1.4452840350895 1.5220836327961 4.191283620333 -7.573219949339097 -0.5397731123449274 65.16142120047485 1.5038210154915035
