Car 0 1 0 370.1974325932607 424.05386021839 403.27324898827953 453.267434424904 1.5411400581933 1.6093539231132 4.018914956959 -14.183432410317018 -0.622981005340635 64.74455581237181 1.4573053831644036
Car 0 0 0 422.45294241137685 425.5367383500986 454.3205991792109 454.4950840854231 1.5178045646331 1.536788599107 4.2588223655948 -11.186485674634538 -0.5605242022754489 65.03201598321078 1.5038210154915035
Pedestrian 0 2 0 771.0180255346927 444.02922559158463 850.5904135580058 594.470384682624 1.6500100208293 0.54847042420123 0.77688052395721 2.136809210498424 1.4571345357033083 12.687659578192337 -0.06809346851289666
Pedestrian 0 2 0 801.6539177138054 438.8072223741067 873.4884134769754 602.7704198295203 1.7183926219568 0.55188795579232 0.64764499191338 2.3285635081553613 1.4763151242743378 12.069514165830874 -0.02264201344119665
Pedestrian 0 0 0 831.1807433826325 442.53972190308 916.4339819124582 612.679134310154 1.6957887499975 0.49095167521988 0.73599100115867 2.5959648649153646 1.5048771375245955 11.479492633480671 -0.0711085136838967
Car 0 0 0 633.6414342052084 425.15787553349935 659.7930002597617 448.0229692993348 1.5096865541087 1.8631949446032 4.3636019047331 1.2547817938758288 -1.1413127987038039 81.73860289960271 -1.5195656670547346
Pedestrian 0 0 0 800.4395207244933 423.0607352829392 814.1565983557942 460.6988387769373 1.9029674294897 0.60789048805176 0.66682703135643 9.1252090353263 -0.08984296756817836 56.8383418741153 0.14830140077680332
Pedestrian 0 0 0 269.5541585854666 441.8752383191254 337.38679444054753 629.0005369940703 1.6532375858563 0.45021891492842 0.53337426418442 -2.8938707563256796 1.4801931261450267 10.118007304425578 -0.1901690353312966
Car 0 0 0 486.3135389898539 427.1221411890001 513.7467525829043 454.8493785821012 1.4452840350895 1.5220836327961 4.191283620333 -7.573219949339097 -0.5397731123449274 65.16142120047485 1.5038210154915035
Car 0 0 0 75.75366144195743 418.77189076907774 228.64620219457012 477.1232906325973 1.8414340429287 1.7809839936536 4.8421277520099 -16.70725853990657 0.38189186350977455 38.40315295194255 -0.48181404443039666
Pedestrian 0 2 0 256.1046595297625 422.3739189705657 272.9658293001844 457.5050365015824 1.7060032876314 0.58854263862581 0.64012982351699 -17.99672982914565 -0.23829258942558873 54.27176175041154 3.0990518000614897
