Car 0 1 0 370.1974325932607 424.05386021839 403.27324898827953 453.267434424904 1.5411400581933 1.6093539231132 4.018914956959 -14.183432410317018 -0.622981005340635 64.74455581237181 1.4573053831644036
Car 0 0 0 422.45294241137685 425.5367383500986 454.3205991792109 454.4950840854231 1.5178045646331 1.536788599107 4.2588223655948 -11.186485674634538 -0.5605242022754489 65.03201598321078 1.5038210154915035
Pedestrian 0 0 0 823.0166106740315 436.2872154711514 883.8132008507753 604.1869618407036 1.769169814556 0.45715134879907 0.55273500624985 2.494158713747192 1.4976296944640783 12.020963809279035 0.019914335680903505
Car 0 0 0 693.8963792565374 421.6420507520368 727.0333904490628 451.5141557276912 1.8075869299499 1.9084822428123 4.7395456919422 5.416234519667475 -0.8231967317341022 73.91410169207488 -1.4029751571247766
Cyclist 0 0 0 975.0899644512028 429.04052641468144 1014.4299534920252 467.38527495718273 1.6012539229829 0.64897834439498 1.8352474098184 16.130550822823594 0.1683069819599603 48.625270940859146 -1.8950112349111266
Car 0 1 0 488.1816558835049 425.7637223821364 515.7421499432087 454.462477415821 1.5045516559422 1.5344931835592 4.1582319703126 -7.4491386226730985 -0.5604280769877708 65.07614918652054 1.5038210154915035
Cyclist 0 0 0 101.19526308909668 428.3054639727293 187.53963494493604 492.1888927178029 1.6094195387042 0.58925015143018 2.0459853753301 -12.952590764903363 0.7371404177284091 29.328330224358456 -0.6218242128830866
Pedestrian 0 0 0 927.2658098928756 423.4331983975951 942.896247304719 459.77202498476976 1.7892520138867 0.49224083565345 0.65545445816297 15.248438612902138 -0.1334288789150778 55.06570927387572 0.08929524129660349
Cyclist 0 1 0 106.6386051547612 420.6819796505857 136.9352360318258 456.5361078033507 1.5203215292783 1.1099049757978 2.1574480764391 -22.821825157740026 -0.30774708430315667 49.107341764100724 1.2239391955289034
Pedestrian 0 2 0 191.99935831016268 423.71086988762136 210.05831472128625 458.9693824422798 1.7060032876314 0.58854263862581 0.67144341152533 -21.07570262752149 -0.16546200746165737 53.94012401479068 3.0659743034182894
