Car 0 1 0 370.1974325932607 424.05386021839 403.27324898827953 453.267434424904 1.5411400581933 1.6093539231132 4.018914956959 -14.183432410317018 -0.622981005340635 64.74455581237181 1.4573053831644036
Car 0 0 0 422.45294241137685 425.5367383500986 454.3205991792109 454.4950840854231 1.5178045646331 1.536788599107 4.2588223655948 -11.186485674634538 -0.5605242022754489 65.03201598321078 1.5038210154915035
Pedestrian 0 0 0 850.1060704572385 442.1046494238103 940.7679713802048 602.7059570459246 1.6951590405032 0.48608134265573 0.84877810246107 2.9757760274021168 1.4877626350931215 12.127384055745413 -0.041462265690896505
Car 0 0 0 693.6518211086857 421.33787286348064 724.6587593434922 448.3633328141878 1.7258396744995 2.1084331922965 4.7395456919422 5.613146657044717 -1.0823025432428233 78.21509355050497 -1.4588184259454966
Cyclist 0 0 0 944.095835803792 429.8518681937999 986.047175746098 467.6383108413149 1.6395317771558 0.60978546100717 1.9612903112477 15.38460132740271 0.18857270299036394 50.54933299713857 -2.0603900263321764
Car 0 1 0 488.1816558835049 425.7637223821364 515.7421499432087 454.462477415821 1.5045516559422 1.5344931835592 4.1582319703126 -7.4491386226730985 -0.5604280769877708 65.07614918652054 1.5038210154915035
Cyclist 0 0 0 213.40529855425305 428.9992468265184 292.42002076558697 489.2303802872894 1.6094195387042 0.58925015143018 2.0459853753301 -10.646521238753424 0.7023467791494342 31.265741719612894 -0.6218242128830866
Pedestrian 0 0 0 938.9284827753172 428.68924898013233 953.9040759664892 456.3591007790285 1.3418025157467 0.49224083565345 0.55120847260106 15.68709957837211 -0.30328502364676063 54.58963866882416 -0.13006559960279662
Cyclist 0 1 0 106.6386051547612 420.6819796505857 136.9352360318258 456.5361078033507 1.5203215292783 1.1099049757978 2.1574480764391 -22.821825157740026 -0.30774708430315667 49.107341764100724 1.2239391955289034
Pedestrian 0 2 0 184.79193591187305 423.74841830628094 203.00008009075916 458.9462581041601 1.7060032876314 0.58854263862581 0.67144341152533 -21.461487551682037 -0.16653922106214225 54.00478268479937 3.0765842164963897
