Pedestrian 0 2 0 912.1723852364404 439.31777673250986 975.4408471975167 588.4388118162557 1.6914303665128 0.55678630616211 0.51170390770103 3.7684334139720703 1.4342938309337157 13.029294097134201 -0.1477287583636966
Pedestrian 0 2 0 921.6067153627524 437.5314966705941 1010.4323932247588 601.5978089049354 1.7589293405923 0.57277312274467 0.75545704969559 3.8374819740512716 1.4966282835969054 12.389043095668832 -0.20324307508629658
Pedestrian 0 0 0 953.189241528034 445.4337272915824 1046.7965274023063 610.6709628229954 1.6612827972961 0.55048021283444 0.75631727122813 4.001417256226602 1.5008570962448515 11.713078360885815 -0.3710479441819965
Pedestrian 0 0 0 830.163598900722 422.27258684122313 843.4789722490061 458.6004064749752 1.834731990329 0.53965504889103 0.65545445816297 10.619434905991056 -0.19644622184904165 56.677644760868716 0.23993685022460332
Pedestrian 0 0 0 401.1531055137718 445.2678860097696 481.2036751699387 624.938311456931 1.6323625105839 0.45021891492842 0.6955689522207 -1.7026798834052963 1.4870350876307783 10.500778827864202 -0.1901690353312966
Car 0 0 0 486.3135389898539 427.1221411890001 513.7467525829043 454.8493785821012 1.4452840350895 1.5220836327961 4.191283620333 -7.573219949339097 -0.5397731123449274 65.16142120047485 1.5038210154915035
Car 0 0 0 348.8463076297457 419.7970091986048 481.85167127379975 471.1004689149885 1.8414340429287 1.9814423192966 5.0157537996818 -8.57558558675219 0.19588953930180059 44.795971405321396 -0.7263774454448266
Cyclist 0 1 0 105.30393635098676 420.7021878069804 135.67539463542488 456.5696753533169 1.5203215292783 1.1099049757978 2.1574480764391 -22.87240896152066 -0.3061663421745944 49.087077554548465 1.2239391955289034
Pedestrian 0 2 0 235.9381826946268 422.5913936165213 252.429346167904 457.7231846079418 1.7060032876314 0.58854263862581 0.60954341364544 -18.998718990841553 -0.22700136118650083 54.20453326427122 3.0990518000614897
Car 0 1 0 370.1974325932607 424.05386021839 403.27324898827953 453.267434424904 1.5411400581933 1.6093539231132 4.018914956959 -14.183432410317018 -0.622981005340635 64.74455581237181 1.4573053831644036
Car 0 0 0 422.45294241137685 425.5367383500986 454.3205991792109 454.4950840854231 1.5178045646331 1.536788599107 4.2588223655948 -11.186485674634538 -0.5605242022754489 65.03201598321078 1.5038210154915035
