Car 0 1 0 370.1974325932607 424.05386021839 403.27324898827953 453.267434424904 1.5411400581933 1.6093539231132 4.018914956959 -14.183432410317018 -0.622981005340635 64.74455581237181 1.4573053831644036
Car 0 0 0 422.45294241137685 425.5367383500986 454.3205991792109 454.4950840854231 1.5178045646331 1.536788599107 4.2588223655948 -11.186485674634538 -0.5605242022754489 65.03201598321078 1.5038210154915035
Pedestrian 0 2 0 1013.4937495463972 447.26604724982974 1078.861827848421 587.4462754237417 1.6198655931921 0.40182297009708 0.59348384398795 5.0497741131323854 1.4530478562994331 13.164667887774293 -0.21052166698479668
Pedestrian 0 2 0 1029.398929220912 446.3803510687253 1120.5386412037922 594.566923231032 1.6319253676998 0.48317259918868 0.85294199578137 5.213770042184699 1.465451231172629 12.703767795821097 -0.2731076454582966
Pedestrian 0 0 0 1081.9446187711649 437.9392328841559 1167.392788011567 608.504018545878 1.7802856630236 0.51706569394905 0.64739309534974 5.450095039246955 1.5287534127385125 11.934215607165395 -0.2441412103200966
Pedestrian 0 0 0 855.7213350156237 423.1325623659054 869.0333595462783 458.8536485645728 1.7908728605782 0.61640852595494 0.65545445816297 11.862752375242978 -0.18526226342319546 56.340532765434524 0.23993685022460332
Pedestrian 0 0 0 499.7384605856921 450.4873093258375 607.1275072821584 620.9747906756602 1.6084083139722 0.39550824506122 0.99638163091508 -0.6693413550053644 1.509443355696147 10.935649715625935 -0.14642601956479662
Car 0 0 0 503.8429990419983 420.875481513027 616.5258542005174 467.1533475154195 1.8651171574745 1.9814423192966 5.6114666567941 -3.0703775979259 0.04654793688504791 50.97880645701648 -0.8937114992966966
Cyclist 0 0 0 1185.482765634736 434.82337912030704 1249.351460531922 491.6165603421819 1.7053825133861 0.63317386989208 2.1339397218762 19.051289409644525 0.8567328743842572 35.32979057343091 -1.7177935010616365
Car 0 1 0 488.1816558835049 425.7637223821364 515.7421499432087 454.462477415821 1.5045516559422 1.5344931835592 4.1582319703126 -7.4491386226730985 -0.5604280769877708 65.07614918652054 1.5038210154915035
Cyclist 0 1 0 105.30393635098676 420.7021878069804 135.67539463542488 456.5696753533169 1.5203215292783 1.1099049757978 2.1574480764391 -22.87240896152066 -0.3061663421745944 49.087077554548465 1.2239391955289034
Pedestrian 0 2 0 223.14339932469028 423.41947640768166 240.0170953674707 458.66471725005306 1.7060032876314 0.58854263862581 0.60954341364544 -19.557713693096062 -0.17969411370972158 53.994005559765256 3.11972681335799
