Car 0 1 0 370.1974325932607 424.05386021839 403.27324898827953 453.267434424904 1.5411400581933 1.6093539231132 4.018914956959 -14.183432410317018 -0.622981005340635 64.74455581237181 1.4573053831644036
Car 0 0 0 422.45294241137685 425.5367383500986 454.3205991792109 454.4950840854231 1.5178045646331 1.536788599107 4.2588223655948 -11.186485674634538 -0.5605242022754489 65.03201598321078 1.5038210154915035
Pedestrian 0 2 0 693.8993690851438 444.1453305177709 766.3467924968019 597.0114796526119 1.6611238327919 0.52583636803651 0.72398823306459 1.2066368143181236 1.4714916529550588 12.56056791538546 -0.06809346851289666
Pedestrian 0 2 0 703.9122719339987 444.6252327581915 802.4678388184947 602.341897563485 1.6313592213456 0.55188795579232 0.97408606484135 1.4003080294814347 1.4571371477742894 11.994184829466008 -0.02264201344119665
Pedestrian 0 0 0 733.7238607217097 441.7130319936547 839.0775760823662 613.6136201974487 1.6875376979951 0.43342451753273 0.98604606517354 1.6638257503823681 1.4917069296518144 11.30618590850835 -0.049953114432696566
Car 0 0 0 636.2429938401057 423.0268535583471 665.5124087465457 449.2053784121069 1.5656956958408 1.8743967729497 4.3636019047331 1.409087009641728 -0.9637844197558801 73.69928681720656 -1.5195656670547346
Pedestrian 0 0 0 778.0867499973217 423.1005276100739 796.1585410735768 460.6649075073214 1.9029674294897 0.60789048805176 0.90414592589447 8.108259271668993 -0.09146190828593995 56.988411429680994 0.14830140077680332
Pedestrian 0 0 0 143.22474458077704 439.5602291304416 237.7111075046004 629.2083729369622 1.647713674717 0.5110561752535 0.70244228692122 -3.88853193745992 1.4579218729821033 9.973842060901205 -0.21709706589919664
Cyclist 0 1 0 804.1466417633837 422.7787436942187 820.6906744112466 444.65291596155697 1.4247999016384 0.72795720752672 1.7150266084845 12.434114002311114 -1.2288015627798803 75.46172586860341 -1.6126146411651117
Car 0 0 0 486.3135389898539 427.1221411890001 513.7467525829043 454.8493785821012 1.4452840350895 1.5220836327961 4.191283620333 -7.573219949339097 -0.5397731123449274 65.16142120047485 1.5038210154915035
Cyclist 0 1 0 105.30393635098676 420.7021878069804 135.67539463542488 456.5696753533169 1.5203215292783 1.1099049757978 2.1574480764391 -22.87240896152066 -0.3061663421745944 49.087077554548465 1.2239391955289034
Pedestrian 0 2 0 267.6428142922732 428.0538712196508 284.1936003100016 457.5679302537391 1.4302948157496 0.58854263862581 0.64012982351699 -17.474762005470353 -0.23584765728496654 54.41721356958704 3.0990518000614897
