Car 0 1 0 370.1974325932607 424.05386021839 403.27324898827953 453.267434424904 1.5411400581933 1.6093539231132 4.018914956959 -14.183432410317018 -0.622981005340635 64.74455581237181 1.4573053831644036
Car 0 0 0 422.45294241137685 425.5367383500986 454.3205991792109 454.4950840854231 1.5178045646331 1.536788599107 4.2588223655948 -11.186485674634538 -0.5605242022754489 65.03201598321078 1.5038210154915035
Pedestrian 0 2 0 1108.5020383569229 441.800593673025 1187.7026056422455 586.7511621123514 1.7049081079374 0.4461056086465 0.74271987048228 6.395801920133613 1.4682555781572122 13.377623802906983 -0.21052166698479668
Pedestrian 0 2 0 1119.090605537131 440.22291789036126 1212.1036196097964 593.1802602115781 1.7368019398531 0.53300966224426 0.81579927798967 6.405736900093517 1.4901853650557855 12.959346376975535 -0.1517241555048967
Pedestrian 0 0 0 1209.046100583093 435.2385738080028 1274.9548933466576 605.5906155573571 1.8320450069882 0.37261623951959 0.47483882655001 6.829624775960366 1.54159757025176 12.058559320655354 -0.19341842492359662
Pedestrian 0 0 0 882.3065899814352 423.2652696519795 895.967300698466 459.0963566808569 1.7892520138867 0.49224083565345 0.65545445816297 13.134045627951974 -0.16877211983527948 55.911468575264195 0.23993685022460332
Pedestrian 0 0 0 632.0281458263764 443.8861614688647 701.3637902728299 613.9737031348143 1.6844116616545 0.449408219729 0.61711691030477 0.45854574669089093 1.5092735952185572 11.434183068121783 -0.1629759284762966
Car 0 0 0 615.308675290321 420.0112075686468 694.7883400731961 461.8330804266953 1.9598496156579 2.0169669911154 5.6114666567941 1.4399943860538431 -0.19061440456816064 58.59599719630792 -1.0827220802008266
Cyclist 0 0 0 1092.890283049776 430.5075693330023 1148.7920536897643 482.6458071050851 1.7857113784087 0.63317386989208 2.4211420419134 18.11938661653146 0.6565373677848299 40.390132295167874 -1.7177935010616365
Car 0 1 0 488.1816558835049 425.7637223821364 515.7421499432087 454.462477415821 1.5045516559422 1.5344931835592 4.1582319703126 -7.4491386226730985 -0.5604280769877708 65.07614918652054 1.5038210154915035
Cyclist 0 1 0 106.6386051547612 420.6819796505857 136.9352360318258 456.5361078033507 1.5203215292783 1.1099049757978 2.1574480764391 -22.821825157740026 -0.30774708430315667 49.107341764100724 1.2239391955289034
Pedestrian 0 2 0 210.34034932769677 423.6160795837656 227.41289360828893 458.9564498720748 1.7060032876314 0.58854263862581 0.60954341364544 -20.129502988326678 -0.16479027041320746 53.81442516649693 3.11972681335799
