Car 0 1 0 370.1974325932607 424.05386021839 403.27324898827953 453.267434424904 1.5411400581933 1.6093539231132 4.018914956959 -14.183432410317018 -0.622981005340635 64.74455581237181 1.4573053831644036
Car 0 0 0 422.45294241137685 425.5367383500986 454.3205991792109 454.4950840854231 1.5178045646331 1.536788599107 4.2588223655948 -11.186485674634538 -0.5605242022754489 65.03201598321078 1.5038210154915035
Pedestrian 0 2 0 1202.554812203015 442.7382550080068 1290.2494586132989 584.3916067830036 1.6963070629386 0.49969634955059 0.80903995648935 7.762005512219379 1.4672990513147501 13.621551966835948 -0.21052166698479668
Pedestrian 0 2 0 1239.401090369871 435.8874054846945 1327.7643385440072 594.5635287406952 1.8266078090585 0.50480498899198 0.75484430793431 7.900599728745903 1.5235019161780055 13.06543912054337 -0.2787485493724966
Pedestrian 0 0 0 910.1773490988652 423.3655332516373 924.2828954089348 459.4784288146992 1.7892520138867 0.49224083565345 0.65545445816297 14.441095225246315 -0.1489153282900427 55.42188420264752 0.23993685022460332
Pedestrian 0 0 0 751.1347066819517 436.78077395159465 810.7160201671697 602.7704957303774 1.7110354343277 0.50980682018811 0.49303067447253 1.6879323031867497 1.4508801521983499 11.875153405212663 -0.14819169736159665
Car 0 0 0 681.4003727631733 421.6788019670987 725.0764091038577 457.0641871621126 1.9598496156579 2.0169669911154 4.7395456919422 4.536142225834515 -0.44094272452494093 67.64026649037652 -1.3331124362666866
Cyclist 0 0 0 1012.1125141959428 432.0027638354997 1052.4969424624012 472.36244652277065 1.5746034529479 0.64897834439498 1.8200964266882 16.704848905410913 0.3558107045021237 45.58081072574757 -1.8009617179522066
Car 0 1 0 488.1816558835049 425.7637223821364 515.7421499432087 454.462477415821 1.5045516559422 1.5344931835592 4.1582319703126 -7.4491386226730985 -0.5604280769877708 65.07614918652054 1.5038210154915035
Cyclist 0 1 0 106.6386051547612 420.6819796505857 136.9352360318258 456.5361078033507 1.5203215292783 1.1099049757978 2.1574480764391 -22.821825157740026 -0.30774708430315667 49.107341764100724 1.2239391955289034
Pedestrian 0 2 0 200.22796512555487 423.592427659643 220.2420217592305 458.86162250182457 1.7060032876314 0.58854263862581 0.77267093311222 -20.63022454262972 -0.17164313023204034 53.989393894732444 3.0659743034182894
