Car 0 1 0 370.1974325932607 424.05386021839 403.27324898827953 453.267434424904 1.5411400581933 1.6093539231132 4.018914956959 -14.183432410317018 -0.622981005340635 64.74455581237181 1.4573053831644036
Car 0 0 0 422.45294241137685 425.5367383500986 454.3205991792109 454.4950840854231 1.5178045646331 1.536788599107 4.2588223655948 -11.186485674634538 -0.5605242022754489 65.03201598321078 1.5038210154915035
Pedestrian 0 0 0 1036.8349622979067 437.346933299824 1129.7675880948 595.3066861470722 1.7378335451729 0.55996259403587 0.80286731086741 5.247810935953478 1.4658507455207324 12.566432383017329 -0.04248922259889665
Cyclist 0 0 0 851.7109031321223 427.178930935162 881.7277910842262 457.0556317491253 1.5415495686863 0.60978546100717 2.0027811007563 12.919968584924822 -0.3330260649793165 60.30490649858021 -1.9027594816070466
Cyclist 0 0 0 537.2081012894201 428.4339529323244 608.8102759357905 479.5760329977548 1.6712947051647 0.60946789008068 2.6441447768306 -1.918099704620077 0.5292803682705337 38.966362064923324 -0.6498591942181666
Cyclist 0 0 0 78.64356013969518 419.26220539336464 164.9904888656116 485.3313363992408 1.8212792921644 0.68300180826723 2.1588090903692 -14.469674462424951 0.6202664103842532 31.266705999196805 -0.20619386217049662
Car 0 2 0 444.9245559282642 410.17367188714746 477.2174956911725 441.2738944071114 2.0764844081516 2.0184656633199 5.1146855738468 -12.060520576897995 -1.6024035607499887 79.52238158873328 1.5038210154915035
Car 0 1 0 488.1816558835049 425.7637223821364 515.7421499432087 454.462477415821 1.5045516559422 1.5344931835592 4.1582319703126 -7.4491386226730985 -0.5604280769877708 65.07614918652054 1.5038210154915035
Cyclist 0 1 0 106.6386051547612 420.6819796505857 136.9352360318258 456.5361078033507 1.5203215292783 1.1099049757978 2.1574480764391 -22.821825157740026 -0.30774708430315667 49.107341764100724 1.2239391955289034
Pedestrian 0 2 0 163.8667968592075 423.9362242332736 182.31548980336797 459.0888453314142 1.7060032876314 0.58854263862581 0.67144341152533 -22.51760214872915 -0.1593385910127555 54.0123806533264 3.0765842164963897
