Car 0 1 0 370.1974325932607 424.05386021839 403.27324898827953 453.267434424904 1.5411400581933 1.6093539231132 4.018914956959 -14.183432410317018 -0.622981005340635 64.74455581237181 1.4573053831644036
Car 0 0 0 422.45294241137685 425.5367383500986 454.3205991792109 454.4950840854231 1.5178045646331 1.536788599107 4.2588223655948 -11.186485674634538 -0.5605242022754489 65.03201598321078 1.5038210154915035
Pedestrian 0 2 0 1152.5506012288552 441.9179567069856 1217.1325352458107 587.8153839833868 1.7311600850212 0.34538044397866 0.59962519739069 6.844407860528685 1.4927561005391088 13.353375362659527 -0.21052166698479668
Pedestrian 0 2 0 1181.3079754724515 436.7876804595898 1252.0773171292 592.1317235310764 1.7783200591387 0.4252768313655 0.58414584288435 7.013340709762256 1.4875229392783371 12.930267874709026 -0.2787485493724966
Pedestrian 0 0 0 1220.0225913345846 442.9148461658349 1316.2398154829052 609.7806814498163 1.785305664528 0.60578171576569 0.6680368452479 7.213816262006691 1.5838595865602203 12.222070369930874 -0.19341842492359662
Pedestrian 0 0 0 890.2655298582421 423.3004269957187 904.0562552270588 459.2207954877277 1.7892520138867 0.49224083565345 0.65545445816297 13.506188329198332 -0.16226576790014832 55.757841043317164 0.23993685022460332
Pedestrian 0 0 0 646.153630430102 442.86155972835934 742.0374544474556 612.4520604281945 1.6844116616545 0.50980682018811 0.88891061237076 0.7456876485540156 1.4994536542941874 11.563347678095653 -0.1629759284762966
Car 0 0 0 641.388824095251 420.4635777807262 715.622383439893 460.34097302486833 1.9598496156579 2.0169669911154 5.6114666567941 2.790741462919208 -0.2700178769105548 61.37039716000512 -1.0827220802008266
Cyclist 0 0 0 1066.2215388798134 433.6839117930732 1118.532472300472 479.5269543300748 1.6149621955178 0.63317386989208 2.4211420419134 17.691325670389052 0.5684377383899312 41.91242508602525 -1.7177935010616365
Car 0 1 0 488.1816558835049 425.7637223821364 515.7421499432087 454.462477415821 1.5045516559422 1.5344931835592 4.1582319703126 -7.4491386226730985 -0.5604280769877708 65.07614918652054 1.5038210154915035
Cyclist 0 1 0 106.6386051547612 420.6819796505857 136.9352360318258 456.5361078033507 1.5203215292783 1.1099049757978 2.1574480764391 -22.821825157740026 -0.30774708430315667 49.107341764100724 1.2239391955289034
Pedestrian 0 2 0 204.09150165330044 423.68063782182986 221.23917578009275 459.02069668527633 1.7060032876314 0.58854263862581 0.60954341364544 -20.434861955593487 -0.16154216125619017 53.79715725312989 3.11972681335799
