Pedestrian 0 2 0 887.1694192739712 444.5854898619291 970.0149869385044 590.5155125269075 1.63287957212 0.52646116972513 0.77452175682147 3.558654406747894 1.4421255208519217 12.923955382364914 -0.1477287583636966
Pedestrian 0 2 0 908.3391175536544 446.2154580185559 1011.1807578232036 602.5787327991684 1.659739473484 0.55174958617961 0.94466887878116 3.758536234867311 1.4990413854362685 12.358317398608884 -0.21262475236449663
Pedestrian 0 0 0 947.7863560907977 445.00841177155576 1046.7396342623952 610.4403470282565 1.6612827972961 0.55048021283444 0.86202554790191 3.9943154482378462 1.4974018830564568 11.771609716861823 -0.4618739260723965
Pedestrian 0 0 0 826.9117903463092 420.7785473265509 840.2387882421331 457.0794888512012 1.834731990329 0.53965504889103 0.65545445816297 10.45784858772793 -0.273897369577646 56.70651039999099 0.23993685022460332
Pedestrian 0 0 0 376.6631025086192 445.6752672709035 464.7230290781297 626.7363514541073 1.6323625105839 0.45021891492842 0.76911919461869 -1.8841223368619746 1.49262859538539 10.429369701465944 -0.1901690353312966
Car 0 0 0 486.3135389898539 427.1221411890001 513.7467525829043 454.8493785821012 1.4452840350895 1.5220836327961 4.191283620333 -7.573219949339097 -0.5397731123449274 65.16142120047485 1.5038210154915035
Car 0 0 0 323.4729307109999 420.3762762707993 461.11057844914205 472.4922615368395 1.8414340429287 1.9814423192966 5.0157537996818 -9.360191420476001 0.24833830426248077 44.01546689714261 -0.6441872590825466
Car 0 0 0 422.45294241137685 425.5367383500986 454.3205991792109 454.4950840854231 1.5178045646331 1.536788599107 4.2588223655948 -11.186485674634538 -0.5605242022754489 65.03201598321078 1.5038210154915035
Cyclist 0 1 0 105.30393635098676 420.7021878069804 135.67539463542488 456.5696753533169 1.5203215292783 1.1099049757978 2.1574480764391 -22.87240896152066 -0.3061663421745944 49.087077554548465 1.2239391955289034
Pedestrian 0 2 0 239.89903743138063 422.5735603851433 254.07635115370573 457.67820371382425 1.7060032876314 0.58854263862581 0.49739324388854 -18.861498983460834 -0.22863142166542738 54.215138007038334 3.0990518000614897
Car 0 1 0 370.1974325932607 424.05386021839 403.27324898827953 453.267434424904 1.5411400581933 1.6093539231132 4.018914956959 -14.183432410317018 -0.622981005340635 64.74455581237181 1.4573053831644036
