Car 0 1 0 370.1974325932607 424.05386021839 403.27324898827953 453.267434424904 1.5411400581933 1.6093539231132 4.018914956959 -14.183432410317018 -0.622981005340635 64.74455581237181 1.4573053831644036
Car 0 0 0 422.45294241137685 425.5367383500986 454.3205991792109 454.4950840854231 1.5178045646331 1.536788599107 4.2588223655948 -11.186485674634538 -0.5605242022754489 65.03201598321078 1.5038210154915035
Pedestrian 0 2 0 976.4546679377686 438.6619699740357 1035.3235571261916 586.6091630066946 1.6959723773547 0.45265678294656 0.47488577396987 4.5225157070894575 1.4275815963255734 13.057671117147166 -0.21052166698479668
Pedestrian 0 2 0 995.9476916977015 439.8805481927472 1075.7374660829273 595.373914015036 1.7040463828882 0.58735796899013 0.61386775007444 4.723910764086021 1.4624762155067998 12.631937226925864 -0.2731076454582966
Pedestrian 0 0 0 1026.795196369732 438.4489362032592 1128.1901095622673 609.6582586955187 1.761327719465 0.43537313818756 0.92335873931579 4.880115074146097 1.5196084726577588 11.812515963197939 -0.2441412103200966
Pedestrian 0 0 0 845.2474708109762 423.1444550680303 858.5345426931749 458.8169178051523 1.7908728605782 0.61640852595494 0.65545445816297 11.346804192691339 -0.18719669880174633 56.43524893501429 0.23993685022460332
Pedestrian 0 0 0 480.5106244815997 443.5452749930954 546.8072533907389 619.8326906119155 1.6509397902151 0.47443942721915 0.5840315723516 -1.0486951906769086 1.4830101659501125 10.814090537315677 -0.14642601956479662
Car 0 0 0 453.6922923490218 421.5093578401506 564.9252718199159 469.62690800626393 1.8651171574745 1.9814423192966 4.6860254556461 -5.14113993850493 0.16534556405536927 48.25641838118358 -0.8137947339640266
Cyclist 0 0 0 1227.3595720975811 435.98971395641706 1311.6939996829117 495.01300769481 1.6369048608696 0.63317386989208 2.6901004759329 19.60810470257674 0.8818920851718353 33.370255273096554 -1.7177935010616365
Cyclist 0 1 0 105.30393635098676 420.7021878069804 135.67539463542488 456.5696753533169 1.5203215292783 1.1099049757978 2.1574480764391 -22.87240896152066 -0.3061663421745944 49.087077554548465 1.2239391955289034
Pedestrian 0 2 0 229.60192494792 422.6638802281324 245.77353506088215 457.8246776374166 1.7060032876314 0.58854263862581 0.60954341364544 -19.312381005429444 -0.22241596914629186 54.165948974816835 3.0537093949372895
Car 0 0 0 486.3135389898539 427.1221411890001 513.7467525829043 454.8493785821012 1.4452840350895 1.5220836327961 4.191283620333 -7.573219949339097 -0.5397731123449274 65.16142120047485 1.5038210154915035
