Car 0 1 0 370.1974325932607 424.05386021839 403.27324898827953 453.267434424904 1.5411400581933 1.6093539231132 4.018914956959 -14.183432410317018 -0.622981005340635 64.74455581237181 1.4573053831644036
Pedestrian 0 2 0 1095.3109060631552 442.4420315512564 1150.695385609779 585.3719475533289 1.6861992314899 0.39516309013043 0.4425342634232 6.057419310582318 1.455525730409089 13.318200891428623 -0.21052166698479668
Pedestrian 0 2 0 1113.5028314360056 440.5641707387245 1183.8283166431934 594.1950446853685 1.7409543057544 0.4898999904277 0.53651315574802 6.169551445714742 1.49819658180893 12.88621034518424 -0.2731076454582966
Pedestrian 0 0 0 1149.5597696993557 432.7101884192547 1247.6281451794644 608.5040480398784 1.8518123747592 0.57599911198122 0.73590097014073 6.314622374328979 1.5396872235629566 12.020898753892372 -0.19341842492359662
Pedestrian 0 0 0 579.6584697696456 442.0266397198319 675.0797158253606 617.5169323610538 1.7099497241623 0.47055196585952 0.8849982053354 0.05478730415185251 1.520096281100696 11.303709763915375 -0.15071158526789663
Car 0 0 0 587.163074167266 421.294380514218 676.2914348229215 465.410597731105 1.9598496156579 2.0169669911154 5.6114666567941 0.21331694291525022 -0.01902092290355191 55.88029941053068 -1.0331291100961266
Cyclist 0 0 0 1121.986476011099 433.5256388665459 1176.143009786425 483.1457384593042 1.6346492760563 0.63317386989208 2.1064293286792 18.41855218276896 0.6558607120595498 38.759170687674164 -1.7177935010616365
Car 0 1 0 488.1816558835049 425.7637223821364 515.7421499432087 454.462477415821 1.5045516559422 1.5344931835592 4.1582319703126 -7.4491386226730985 -0.5604280769877708 65.07614918652054 1.5038210154915035
Pedestrian 0 0 0 870.5623872317506 423.2701546236657 884.0580756825605 459.0388764970148 1.7892520138867 0.49224083565345 0.65545445816297 12.558235053795721 -0.17176523404558694 56.0310986262816 0.23993685022460332
Car 0 0 0 422.45294241137685 425.5367383500986 454.3205991792109 454.4950840854231 1.5178045646331 1.536788599107 4.2588223655948 -11.186485674634538 -0.5605242022754489 65.03201598321078 1.5038210154915035
Cyclist 0 1 0 106.6386051547612 420.6819796505857 136.9352360318258 456.5361078033507 1.5203215292783 1.1099049757978 2.1574480764391 -22.821825157740026 -0.30774708430315667 49.107341764100724 1.2239391955289034
Pedestrian 0 2 0 213.0576600301119 423.5591776568514 230.07723430717368 458.856971644307 1.7060032876314 0.58854263862581 0.60954341364544 -20.021282563044423 -0.16987733150449352 53.8862406494027 3.11972681335799
