Car 0 1 0 370.1974325932607 424.05386021839 403.27324898827953 453.267434424904 1.5411400581933 1.6093539231132 4.018914956959 -14.183432410317018 -0.622981005340635 64.74455581237181 1.4573053831644036
Car 0 0 0 422.45294241137685 425.5367383500986 454.3205991792109 454.4950840854231 1.5178045646331 1.536788599107 4.2588223655948 -11.186485674634538 -0.5605242022754489 65.03201598321078 1.5038210154915035
Pedestrian 0 2 0 988.2998398367396 440.8356665966659 1048.2885220487717 592.9389487097112 1.755150064723 0.45265678294656 0.48907816519787 4.699741010498095 1.5112386933588888 13.13787998975643 -0.21052166698479668
Pedestrian 0 2 0 1007.4870296243372 439.75102214201854 1085.3993953428862 596.6837243401676 1.7345977080146 0.50588776865303 0.65102507660618 4.867109626394015 1.4892165956094685 12.679148122309863 -0.2731076454582966
Pedestrian 0 0 0 1037.1460423376311 443.0205551394287 1138.2634730496925 608.828437311412 1.7086972117199 0.43537313818756 0.92335873931579 5.007717996945175 1.516498153368649 11.84899179251071 -0.2441412103200966
Pedestrian 0 0 0 846.1210373508096 423.1064612180423 859.3862284489388 458.7366436082565 1.7908728605782 0.61640852595494 0.65545445816297 11.403953825093563 -0.1914756928884262 56.49975608447256 0.23993685022460332
Pedestrian 0 0 0 493.5855639823942 443.3528297130584 560.0863920741926 619.30609950518 1.6509397902151 0.47443942721915 0.5840315723516 -0.9225440616161199 1.4807137505552068 10.83715689968779 -0.14642601956479662
Car 0 0 0 455.4158978466918 421.1242653823927 576.9758540790461 469.5266520205704 1.8651171574745 1.9814423192966 5.386144735867 -4.854323719741324 0.1437890473518254 48.58152131759587 -0.8221174817400466
Cyclist 0 0 0 1227.3595720975811 435.98971395641706 1311.6939996829117 495.01300769481 1.6369048608696 0.63317386989208 2.6901004759329 19.60810470257674 0.8818920851718353 33.370255273096554 -1.7177935010616365
Cyclist 0 1 0 105.30393635098676 420.7021878069804 135.67539463542488 456.5696753533169 1.5203215292783 1.1099049757978 2.1574480764391 -22.87240896152066 -0.3061663421745944 49.087077554548465 1.2239391955289034
Pedestrian 0 2 0 229.2268787793443 423.3200256254536 245.42756130396435 458.5382118098816 1.7060032876314 0.58854263862581 0.60954341364544 -19.302149765640344 -0.18711643083116128 54.086971523250035 3.0537093949372895
Car 0 0 0 486.3135389898539 427.1221411890001 513.7467525829043 454.8493785821012 1.4452840350895 1.5220836327961 4.191283620333 -7.573219949339097 -0.5397731123449274 65.16142120047485 1.5038210154915035
