Car 0 1 0 370.1974325932607 424.05386021839 403.27324898827953 453.267434424904 1.5411400581933 1.6093539231132 4.018914956959 -14.183432410317018 -0.622981005340635 64.74455581237181 1.4573053831644036
Car 0 0 0 422.45294241137685 425.5367383500986 454.3205991792109 454.4950840854231 1.5178045646331 1.536788599107 4.2588223655948 -11.186485674634538 -0.5605242022754489 65.03201598321078 1.5038210154915035
Pedestrian 0 2 0 811.9653708623642 437.2682800694099 868.3248000270686 592.7589904911334 1.7288967508532 0.45283537349975 0.51908431538401 2.480832839138642 1.4533604389924526 12.709028592668053 -0.06809346851289666
Pedestrian 0 2 0 819.939669163344 438.0208032717623 904.7339680011276 602.6142206242304 1.7183926219568 0.65458307061904 0.69899254932674 2.616440141374109 1.4689418110752301 12.157752434248415 -0.1703271444791965
Pedestrian 0 0 0 863.4183556633255 437.417106805038 935.6412107507624 610.7773907026836 1.7464608775944 0.4805608198797 0.59202539884238 2.881603106468313 1.4987933299124883 11.546478191353014 -0.07452199782529667
Pedestrian 0 0 0 807.1487782932008 423.0397308930535 820.9620395951694 460.69721422857344 1.9029674294897 0.60789048805176 0.66682703135643 9.466511846299689 -0.0899888157064849 56.7994798467088 0.14830140077680332
Pedestrian 0 0 0 269.2601620362625 446.4431259217708 378.0449500561577 629.019459205119 1.6038369362184 0.45021891492842 0.91515657495711 -2.711473917451275 1.4763752675454063 10.159663028675368 -0.1901690353312966
Car 0 0 0 486.3135389898539 427.1221411890001 513.7467525829043 454.8493785821012 1.4452840350895 1.5220836327961 4.191283620333 -7.573219949339097 -0.5397731123449274 65.16142120047485 1.5038210154915035
Car 0 0 0 135.75090912431648 417.70140234743735 285.457091380386 474.5995976547707 1.8414340429287 1.7809839936536 4.8421277520099 -15.032443155841309 0.3018415227885598 39.53665195527108 -0.5439805908114965
Cyclist 0 1 0 105.30393635098676 420.7021878069804 135.67539463542488 456.5696753533169 1.5203215292783 1.1099049757978 2.1574480764391 -22.87240896152066 -0.3061663421745944 49.087077554548465 1.2239391955289034
Pedestrian 0 2 0 248.40189369711163 422.4387784917287 265.3464000977108 457.5492654788728 1.7060032876314 0.58854263862581 0.64012982351699 -18.38614406159395 -0.23611297499418754 54.2824988000945 3.0990518000614897
