Car 0 1 0 370.1974325932607 424.05386021839 403.27324898827953 453.267434424904 1.5411400581933 1.6093539231132 4.018914956959 -14.183432410317018 -0.622981005340635 64.74455581237181 1.4573053831644036
Pedestrian 0 2 0 946.35363338804 438.93250325839296 1021.4253207921796 594.115145159779 1.7520806393868 0.60502494267256 0.59214134801044 4.244641404783175 1.4919154794715792 13.024068124890075 -0.2568695136786967
Pedestrian 0 2 0 962.999078943609 440.5720321618204 1047.3386954712591 598.7081833369282 1.7040463828882 0.6077255190744 0.65881498699025 4.312540467770271 1.4749126480067378 12.474131117183948 -0.2731076454582966
Pedestrian 0 0 0 1012.3546004323052 438.5574112063434 1092.0979885504762 605.6340232864553 1.7303056008707 0.42503243198944 0.67332783705197 4.623001238834594 1.4875437200090402 11.860086709821676 -0.3220012384577966
Pedestrian 0 0 0 840.3966046933692 423.0724672918758 853.674511985521 458.6249000737206 1.7908728605782 0.61640852595494 0.65545445816297 11.136261678162318 -0.19744324322863654 56.63175216237132 0.23993685022460332
Pedestrian 0 0 0 429.4455958707297 448.6912036851561 536.5678639483385 623.5348482001253 1.6030391284952 0.48923902387376 0.95895468760175 -1.3340975026836472 1.4915568479301167 10.705967813247973 -0.1901690353312966
Car 0 0 0 414.1309059877609 420.73895848110544 538.1739972597672 469.7893640358267 1.8414340429287 1.9814423192966 5.0157537996818 -6.402785438658386 0.1578460482151708 46.95016346328083 -0.7501327121460666
Cyclist 0 1 0 105.30393635098676 420.7021878069804 135.67539463542488 456.5696753533169 1.5203215292783 1.1099049757978 2.1574480764391 -22.87240896152066 -0.3061663421745944 49.087077554548465 1.2239391955289034
Pedestrian 0 2 0 232.34482268184016 422.6319916148635 248.4792437424411 457.78714661577993 1.7060032876314 0.58854263862581 0.60954341364544 -19.180845321955363 -0.22433887548481696 54.18212948329015 3.0537093949372895
Car 0 0 0 422.45294241137685 425.5367383500986 454.3205991792109 454.4950840854231 1.5178045646331 1.536788599107 4.2588223655948 -11.186485674634538 -0.5605242022754489 65.03201598321078 1.5038210154915035
Car 0 0 0 486.3135389898539 427.1221411890001 513.7467525829043 454.8493785821012 1.4452840350895 1.5220836327961 4.191283620333 -7.573219949339097 -0.5397731123449274 65.16142120047485 1.5038210154915035
