Car 0 0 0 639.7775742341065 398.3717412533306 723.6945091139056 477.1655975605345 2.4504444783515 2.0900948379917 5.8999469982067 1.8343046822968687 0.2886061560917452 37.985538168860906 -1.6173490546399796
Car 0 0 0 172.56783697602282 438.8328554459106 373.1712830949304 565.7055452137506 1.4854301335596 1.8698747442382 4.4711003227426 -5.145620259061878 1.2248794133503504 16.94310670242308 1.5377893728622034
Car 0 2 0 715.4933031183915 418.1894331314159 768.1220857887588 457.3537262833416 1.6880117853414 1.7987689730087 4.2943900138582 5.510546038737764 -0.3526444374330685 52.92856987030041 -1.5988368071738837
Car 0 2 0 256.6968410437951 428.0823988411556 349.8364217560757 482.7868344783144 1.5404738450864 1.9815736149661 4.4711003227426 -10.473345600341384 0.4954905116700232 36.52835069957478 1.5426680465088034
Cyclist 0 0 0 1124.5441659892 420.3579234244936 1191.0714222000497 492.00554670937737 2.1404502510619 0.82906800389052 1.629096241809 16.587316641422206 0.8579679557852424 34.65791164164848 -2.2053624576606765
Car 0 0 0 735.2233886035256 427.5088228576141 862.6884004865441 513.1270078348635 1.5597827628666 1.7987689730087 5.0627187646962 3.745097981378797 0.8654379476347533 24.862404596194292 -1.5894854743945717
Car 0 1 0 -43.55929715821162 439.4067677347201 178.89362806536872 547.538403302491 1.4854301335596 1.8338516455518 4.4711003227426 -9.528086891927728 1.1824034429423922 19.496644157947692 1.5426680465088034
Car 0 0 0 318.1481050219213 428.776306881948 419.9162363951045 493.3375035453606 1.4854301335596 1.9815736149661 4.4711003227426 -6.891063888981538 0.648346890236476 30.402563941576553 1.5426680465088034
Car 0 2 0 -17.288795577615815 432.75447304028353 144.46507974296844 516.0519085654585 1.7664630987765 1.9815736149661 4.4711003227426 -13.977171926036295 1.1085466806404407 28.03857484809073 1.5426680465088034
Car 1 2 0 1120.31421381459 367.3922170713937 1747.2945260903762 727.3550314923109 2.4873558009398 2.1152743960676 4.6799107367351 6.629680378322883 1.7015207088036226 10.09415014158289 -1.5516065265129386
Car 1 2 0 880.3401216376496 468.7587024938733 1908.3598351427445 1091.243246802111 1.6079812673634 1.7752483717839 4.8435923437835 2.9864656667069966 1.8088880030791337 5.945126677093642 -1.6178491768222845
Car 0 2 0 381.8347903911133 427.17419431010825 432.9852176126309 460.252389403404 1.4854301335596 1.9815736149661 4.4711003227426 -11.10034375474163 -0.23286253615477936 56.94265059397658 1.5426680465088034
