Car 0 0 0 200.399506576626 428.28908703477487 377.7344026408591 546.7994966061501 1.6565388017268 1.7581758735103 5.8297318265884 -5.855874296625241 1.1339581213128125 20.208086175071582 1.5426680465088034
Car 0 0 0 431.4024893948012 429.70332847806185 493.1367778535467 477.1943455468008 1.5060318439665 1.8698747442382 4.5619376521131 -5.96095705393527 0.38345519537780093 41.158799546228224 1.5426680465088034
Car 0 1 0 147.21844094725668 430.5893739512389 262.2831959311824 486.86055965117833 1.5060318439665 1.8698747442382 5.8291425554779 -13.671554300784685 0.5675981590479241 36.578203593837834 1.5426680465088034
Car 0 1 0 392.711802272085 429.2342770415789 440.5508435341295 462.6145660842972 1.5060318439665 1.8698747442382 4.4711003227426 -10.712005713481165 -0.1157631048971702 57.37290744059543 1.5426680465088034
Cyclist 0 0 0 915.4566075399406 427.5326710319535 938.507964197265 474.12291639209406 1.8225182659017 0.43740932407893 1.4899482208794 12.291761068934573 0.4368232156903391 45.287744762237324 -1.5957865658695665
Cyclist 0 0 0 1007.528748750736 428.8562297504553 1057.8850637528365 476.2750004721913 1.8571427510196 0.9336234727724 1.6766806454221 16.71782413339988 0.5183533559545367 45.611160283360746 -2.3204314713080065
Cyclist 0 0 0 1104.2854243715035 427.93737815273175 1168.2394692610617 488.9780016408856 1.9735062054026 0.47901010061554 2.0494540397759 17.397843441282873 0.8357183475858755 37.89671137076216 -2.0524442716130067
Car 0 2 0 475.97119205236334 424.0354535663632 513.039735538346 457.7486612753914 1.7553484765316 1.8698747442382 4.4711003227426 -7.522251307249556 -0.3843493651968133 64.3508202127494 1.5426680465088034
Car 0 2 0 321.5140090974581 432.06536462629896 389.7236505680727 475.856467046645 1.5060318439665 1.8698747442382 4.5619376521131 -10.759115715819014 0.38045901437564345 44.68596877916394 1.5426680465088034
Car 0 3 0 200.42123154777065 434.0623735937516 314.6052283901076 499.5452570789402 1.5060318439665 1.8698747442382 4.5619376521131 -10.054340269662582 0.81528488511449 30.79494457311361 1.5426680465088034
