Car 0 0 0 244.78432151766845 434.5667111407262 394.4739556579888 544.2314692284034 1.7078628345855 1.7581758735103 5.4653735874266 -5.8824839762879675 1.2614618309964405 22.143032309978828 1.5426680465088034
Car 0 0 0 438.1610330106751 432.7936735067502 496.6399738695969 478.44776831680406 1.5060318439665 1.8698747442382 4.5619376521131 -6.040451168946224 0.45489298025147007 43.03053833789687 1.5426680465088034
Car 0 2 0 256.54994969117746 433.7011341199515 351.98651426845345 494.6642434602282 1.597085757777 1.8698747442382 4.5619376521131 -9.859653655218878 0.7999720595612031 34.53604101194571 1.5426680465088034
Car 0 1 0 178.7232923726011 432.8268988365618 273.982320403946 484.26292885787046 1.5060318439665 1.8698747442382 4.5619376521131 -13.690088580784057 0.5766735336814459 38.458448593546485 1.5426680465088034
Car 0 1 0 398.2032809241856 429.3835199870407 444.32938070460176 461.798844879027 1.5060318439665 1.8698747442382 4.4711003227426 -10.779466559620246 -0.1566426088699503 59.03341673515128 1.5426680465088034
Cyclist 0 0 0 920.5747875320772 434.3052583423749 944.0899107832784 475.6557310968665 1.5795475418943 0.43740932407893 1.4899482208794 12.331100578016779 0.49035521114430414 44.638271162772604 -1.5957865658695665
Cyclist 0 0 0 1006.5887637275632 433.3062162339147 1055.5833791401817 476.12783961060313 1.6688815617244 0.83322681018756 1.6766806454221 16.6792849399907 0.5140372714529697 45.68975785954409 -2.2325913323990267
Cyclist 0 0 0 1123.0337967629962 428.4058204482741 1185.6719531259089 491.8670047534039 2.0249703445642 0.47901010061554 1.9323628921628 17.73506308821494 0.9201029030530734 37.30798666459004 -2.0524442716130067
Car 0 2 0 479.2204713966154 423.61460104799687 515.5367442566577 457.685743811252 1.8072894416493 1.8698747442382 4.4711003227426 -7.469768574121007 -0.39176109666901693 65.33672202030097 1.5426680465088034
Car 0 2 0 332.1504322198935 430.57960784043695 396.5196586995699 472.22430207972747 1.5060318439665 1.8698747442382 4.5619376521131 -10.887335864899992 0.26037332292423404 46.70587143813608 1.5426680465088034
