Cyclist 0 0 0 1106.1048790300924 417.3342826876776 1164.827924410164 476.0579148820133 1.8589860003433 0.82906800389051 1.5104752303585 16.66226595953283 0.41239947008651534 36.31831653612613 2.9752786208348896
Car 0 0 0 194.83326425585156 404.45611912264445 356.7295321307587 523.5581664217505 2.0301088820403 1.8165918008626 5.2559065848507 -6.7361850235795915 0.9114498836242728 22.124977291066834 1.5426680465088034
Car 0 0 0 689.4987455552484 376.8255361152771 890.7403620902776 561.5416601416323 2.6990070602204 2.0900948379917 6.3916092480573 2.6271217077150673 1.2628180036572205 19.606473512832338 -1.6173490546399796
Car 0 0 0 369.47049112886486 421.8228315106169 442.2852629443886 471.1986224560946 1.4854301335596 1.8698747442382 4.4711003227426 -7.492076490210528 0.15409704685999082 38.39107125454442 1.5426680465088034
Car 0 0 0 4.076847691414855 413.459070720707 149.5875152724205 489.72579398432725 1.8082206098945 1.8698747442382 4.4711003227426 -14.56538440091549 0.544389146371063 29.872161518303262 1.5426680465088034
Car 0 2 0 796.6048790219427 431.4861568696715 907.7611664506912 494.8935392065925 1.392636303787 1.7987689730087 4.2943900138582 5.871268497099915 0.6629708204056938 29.25953252623369 -1.5988368071738837
Car 0 2 0 347.7083746254839 418.6530162064971 399.922339141369 451.4685343928504 1.5624913296972 1.9815736149661 4.4711003227426 -13.245461973685456 -0.6831886805212639 58.823042532525704 1.5426680465088034
Cyclist 0 1 0 912.05760994471 417.7383631198581 933.9118015862052 462.9521612976809 1.7411349705063 0.57709193239556 1.4896800149123 11.871111863092375 -0.010848614018727207 44.3247510630691 -1.4484997219348565
Cyclist 0 0 0 1145.4442762607866 420.99253344667903 1205.0359049893898 478.42925582904246 1.7547654634806 0.74562704810887 1.5104752303585 17.356520660112597 0.4737153073609883 35.09321695407644 2.9752786208348896
Cyclist 0 0 0 1057.46505422583 418.94411428977577 1111.077941066114 473.3550085685857 1.8058721146192 0.90310028424412 1.5104752303585 15.622523593109168 0.348300556127372 37.86380783308831 -2.9121657195312967
Cyclist 0 0 0 1192.9234185094272 419.813434604113 1279.6337854111398 479.5004734671356 1.9062687790008 0.81863788441781 2.410826548752 20.158515819304846 0.5297220417333866 36.70156837907949 3.0982053912717897
Car 1 2 0 983.3475948826284 472.2427934921631 2287.428306799949 1132.3139888411858 1.4881485661182 1.7987689730087 4.9107145065879 3.629436532808733 1.7141530797992073 5.599386209713019 -1.5988368071738837
Car 0 2 0 278.2463945921086 420.2227341508764 355.21645964777474 463.4859766306901 1.4854301335596 1.9815736149661 4.4711003227426 -11.944996749284673 -0.09099937787443496 43.35473558570719 1.5426680465088034
