Car 0 0 0 244.04813670978425 409.3682188518983 378.1800322046517 506.0728848122885 1.8841114769056 1.8165918008626 5.2559065848507 -6.94501059721828 0.7276982896220527 25.217300752180414 1.5426680465088034
Car 0 0 0 707.1465122417809 374.9181854527773 926.467650686944 577.1088835943214 2.6964577004064 2.0900948379917 6.3260542814105 2.8164937922798705 1.3469690990998202 18.136337868712275 -1.5988368071738837
Car 0 0 0 387.56629128661575 421.3903444119189 453.7188712395912 467.13720824224015 1.4854301335596 1.8698747442382 4.4711003227426 -7.508989290906944 0.034900755411706424 41.212791237680655 1.5426680465088034
Car 0 0 0 85.46287745425707 415.3885155872862 204.47452787487555 480.9803571507179 1.8330600561319 1.9841448674972 4.4711003227426 -14.951922966565483 0.41260993709939875 34.933574138817704 1.5426680465088034
Car 0 2 0 823.174535667869 427.52758026591846 951.9230660612326 508.4799282856161 1.6312135267791 1.7987689730087 4.2943900138582 6.121307199651875 0.8769455847634997 26.455640512327093 -1.5988368071738837
Cyclist 0 0 0 1103.2223488625698 421.65387769272144 1165.0854499565658 481.9637688295057 1.934837067334 0.82906800389051 1.6609645732434 16.882409602682465 0.6112328565157484 36.89398446545462 2.9752786208348896
Cyclist 0 0 0 1149.4906195789856 420.5244895434968 1213.8863161830247 480.86605197084384 1.8682577571385 0.74562704810887 1.7076802158342 17.798733679609125 0.5555027002982397 35.57235375775858 2.9752786208348896
Cyclist 0 0 0 1049.3501591354627 418.8429136378039 1100.0776205112436 476.2612444074688 1.9445556822824 0.55409096257723 1.5104752303585 15.466678202404626 0.46378029074267313 38.27417853394988 -2.9121657195312967
Cyclist 0 0 0 1196.27732375368 432.8902953067412 1281.4261676921356 481.8575261911404 1.5714317583408 0.81863788441781 2.410826548752 20.56432552232633 0.6167573715639658 37.27324687478013 3.0982053912717897
Car 1 2 0 1128.7886782313035 489.4393538863576 6225.571038609502 2881.672168031974 1.5481075318852 1.7987689730087 4.9107145065879 3.6874847376009083 1.8443000976293968 3.4200373069113263 -1.5988368071738837
