Cyclist 0 0 0 1106.7481921205094 420.9679432071459 1165.1999017803682 476.8297959267142 1.7704628574698 0.82906800389051 1.5104752303585 16.74286133348715 0.4390817739855245 36.45530440875294 2.9752786208348896
Car 0 0 0 208.02356008718232 406.769945856018 362.38928282312105 518.9470690452229 1.9717099199864 1.8165918008626 5.2559065848507 -6.7825137263423185 0.8680603356852057 22.85481164680508 1.5426680465088034
Car 0 0 0 692.945872565148 376.8255361152773 890.7403620902716 555.8281779523043 2.6143318949684 2.0900948379917 5.8999469982067 2.6465725047094115 1.1928043559333759 19.35682865141248 -1.6173490546399796
Car 0 0 0 377.6699569460697 421.3279435084244 448.2796563480133 471.8266804537877 1.5581474847244 1.8698747442382 4.4711003227426 -7.392404351849615 0.181132486064507 39.14371081348325 1.5426680465088034
Car 0 0 0 27.45436270015261 415.3143336864022 164.3033253021273 485.7834343383077 1.7337022711821 1.8698747442382 4.4711003227426 -14.64232959133422 0.4723254616732856 31.084309498441858 1.5426680465088034
Car 0 2 0 807.9573484690573 432.5420274187161 923.7598642373388 497.732546778192 1.392636303787 1.7987689730087 4.2943900138582 6.081343049472238 0.7106368135257872 28.589025257896246 -1.5988368071738837
Car 0 2 0 353.683438176344 416.492634332457 402.5542698211327 449.4312954397172 1.6100884498421 1.8698747442382 4.4711003227426 -13.257659943892937 -0.7984660001891571 59.88779041184839 1.5426680465088034
Cyclist 0 1 0 918.4915630322444 421.1200355890044 940.8612437307112 464.27332809290914 1.6335469694293 0.57709193239556 1.4896800149123 11.97837878244687 0.03988603943000124 43.741721242300606 -1.4484997219348565
Cyclist 0 0 0 1146.729957837112 420.84045977293965 1206.0907609782362 480.2107219787565 1.8246068749624 0.74562704810887 1.5104752303585 17.481089834954666 0.5321053746831861 35.27140343005244 2.9752786208348896
Cyclist 0 0 0 1052.243828003304 421.0679235145047 1108.06257212512 474.8911813725156 1.7970198003318 0.69157948323387 1.6302765503806 15.508063792041494 0.4076982527430836 37.92241049664194 -2.9121657195312967
Cyclist 0 0 0 1197.3319067790992 432.837785199496 1283.463102686846 482.3580667934806 1.5714317583408 0.81863788441781 2.410826548752 20.387928369554725 0.625813629871637 36.86160756366005 3.0982053912717897
Car 1 2 0 1009.6531351395026 476.9044864642205 2588.5564832855925 1261.421374095913 1.4881485661182 1.7987689730087 4.9107145065879 3.658725792589891 1.7416226973145155 5.137338189030252 -1.5988368071738837
