Car 1 1 0 -767.3873548108496 451.4092384286277 136.8947393087899 842.5913131516788 1.5695820633833 1.8281934901866 5.5379246214467 -5.628915160669728 1.6363534306909977 8.059106307293236 1.587349504829989
Car 0 0 0 372.9065368825247 433.9677771610367 461.0711937544787 499.6657159697874 1.5408416027667 1.8698747442382 4.5619376521131 -5.75716305261508 0.8349081790537057 31.283308096082244 1.5426680465088034
Car 0 2 0 -146.93946997547118 440.2602708691242 74.99290405152931 534.2836184212749 1.5060318439665 1.8698747442382 4.7436123108542 -13.196741218738605 1.163658148655592 22.631766859544424 1.5426680465088034
Car 0 0 0 351.44525304110823 429.58352226258665 411.1211607130168 469.1811861847837 1.5060318439665 1.8698747442382 4.4711003227426 -10.63326248265394 0.15490383580015882 48.762997459400324 1.5426680465088034
Cyclist 0 0 0 879.439308775937 427.5549707018444 902.61853920922 469.0761126335668 1.7285423639823 0.55775443846757 1.4899482208794 11.535386266268615 0.252386466604695 48.24450112948896 -1.5957865658695665
Cyclist 0 0 0 1008.731581516233 426.4482816168246 1053.7077927705377 477.4221660110517 1.9612012716709 0.67043308350927 1.7788265449883 16.358429218205078 0.549735523572896 44.81988752888685 -1.9045828573097865
Cyclist 0 0 0 1031.0138028130402 425.3079915245368 1085.627609917007 484.1796561909748 2.0545728187851 0.65327323775572 1.8250664601121 15.813005968032249 0.7340489917697782 40.62660322193583 -2.0524442716130067
Car 0 1 0 457.1235965075642 424.4364946327796 499.0186588078668 459.8960477460756 1.6722429323432 1.8698747442382 4.4711003227426 -7.726313955418237 -0.2533219473236917 58.74192294649055 1.5426680465088034
Car 0 0 0 247.9675255194944 430.2317209770249 340.47530827593613 485.43486720402575 1.523036874747 1.8698747442382 4.5619376521131 -10.648013543264495 0.565604167864891 36.12013665456785 1.5426680465088034
Car 0 2 0 28.219634558683996 440.256860570927 217.78907488722237 536.7615657501769 1.5060318439665 1.8698747442382 4.5619376521131 -9.693186897488529 1.1735991810779436 21.938565095835585 1.5426680465088034
