Car 0 0 0 640.1731303988134 400.84923648583447 722.1431861285258 478.1563440342945 2.4504444783515 2.0900948379917 5.8999469982067 1.860415410661265 0.3322834798370829 38.84684079644134 -1.6173490546399796
Car 0 0 0 150.200367909507 440.7362243159841 365.3656687420402 575.7117644827872 1.4854301335596 1.8698747442382 4.4711003227426 -5.089792295146389 1.273383883378817 16.126748178162355 1.5377893728622034
Car 0 2 0 715.5028916667461 422.22383986970425 768.1200681260177 461.71997280350354 1.6880117853414 1.7987689730087 4.2943900138582 5.511992226964881 -0.15314416476191092 52.94052219020187 -1.5988368071738837
Car 0 2 0 243.3856284927456 429.3369145388808 341.82954469965125 486.6496482118674 1.5404738450864 1.9815736149661 4.4711003227426 -10.380666166661824 0.582290238206822 35.06833496988499 1.5426680465088034
Car 0 0 0 732.0955061552171 426.5508354082344 854.2431087555232 508.8374348473181 1.5597827628666 1.7987689730087 5.0627187646962 3.7495800220634043 0.8148559624298708 25.70614229130771 -1.5894854743945717
Car 0 1 0 -80.26533095146124 441.4791799392786 161.0017465750267 556.7811522308987 1.4854301335596 1.8338516455518 4.4711003227426 -9.465253377568695 1.2412507151707555 18.50680298527622 1.5426680465088034
Car 0 0 0 310.3812719920727 429.6953137215735 416.1402071588511 496.5208496817388 1.4854301335596 1.9815736149661 4.4711003227426 -6.834513726058402 0.7013094352419733 29.511706886172725 1.5426680465088034
Car 0 2 0 -44.464182364053954 434.2230487872587 128.10492918643115 521.7280785628977 1.7664630987765 1.9815736149661 4.4711003227426 -13.903342546664769 1.1776922255087632 26.87551147020186 1.5426680465088034
Car 1 2 0 1105.8734593037111 369.3480135874892 1678.4999412411962 686.3905549729861 2.357358280475 2.1152743960676 4.6799107367351 6.723948597794448 1.535213885151228 10.684846517542919 -1.5516065265129386
Car 1 2 0 849.9331121541081 462.1722303557616 1647.9035713459616 956.7692396310842 1.6079812673634 1.7752483717839 4.8435923437835 2.9277977181789074 1.7595447400265718 6.775829390582159 -1.6178491768222845
Car 0 2 0 382.8810877681599 423.5857751275209 434.6423469947244 456.8520745484929 1.4854301335596 1.9815736149661 4.4711003227426 -10.875807772732232 -0.3965068616153502 56.14931230802594 1.5426680465088034
