Cyclist 0 0 0 1102.5113423648183 427.6833043918256 1163.6249882503114 480.747827669508 1.5934165717228 0.82906800389051 1.5104752303585 15.878552675628178 0.537421340954785 34.770440071436106 2.9752786208348896
Car 0 0 0 -101.05112877354952 410.0562012151799 254.4897720233785 629.6851852428454 1.992532357378 1.8165918008626 5.2559065848507 -6.028578129194941 1.418029469101621 13.165652978318754 1.5426680465088034
Car 0 0 0 655.3506556557635 386.33056067445824 787.2262159317223 506.2055172711116 2.4504444783515 2.0900948379917 5.8999469982067 2.0766215914342205 0.7225293662579629 25.894669047665005 -1.6173490546399796
Car 0 0 0 330.2789549576429 426.7086050319229 425.5344290084065 490.7153616020126 1.4854301335596 1.8698747442382 4.4711003227426 -6.673600323716442 0.5845343438297242 30.484874917162124 1.5377893728622034
Car 0 2 0 736.6356694124703 423.7203328952664 814.1426565708787 471.0329391315124 1.392636303787 1.7987689730087 4.2943900138582 5.033312646964274 0.14996463317776149 37.759137028260895 -1.5988368071738837
Car 0 2 0 317.79601636882296 422.7099215782125 381.8783348223701 460.4553277261343 1.4854301335596 1.9815736149661 4.4711003227426 -12.229317887128419 -0.21226035909574714 49.65376084976273 1.5426680465088034
Cyclist 0 1 0 856.7369550915664 422.2503755764264 876.4457825012984 459.6616144633752 1.6412845256649 0.6854820645924 1.4896800149123 10.993879989345233 -0.15388958885070048 50.62733854637755 -1.4484997219348565
Cyclist 0 0 0 1126.1592004890897 419.91567810394326 1194.9795195172317 481.2360150456559 1.7896861692215 0.81863788441781 1.6894438472806 16.18931028359818 0.5312724980060675 33.63680870570928 2.9752786208348896
Cyclist 0 0 0 1076.6086071343025 419.26405028090016 1140.939240531107 477.1803820174282 1.8235767431939 0.94540444444617 1.7029638865845 15.88989818641418 0.43260044976783063 36.543582129780354 -2.3947197698362266
Car 1 1 0 810.9473926156792 444.8749090625666 1136.9544078595911 650.4193092351697 1.5597827628666 1.7987689730087 4.5224164651206 3.397488856508526 1.4822127961927474 11.894529074732935 -1.5988368071738837
Car 0 2 0 217.47841346566463 424.5736651385721 318.4309904638283 478.950546827579 1.4854301335596 1.9815736149661 4.4711003227426 -11.237644258380085 0.35883597145227897 35.32094400719434 1.5426680465088034
Cyclist 0 0 0 1189.985230010638 427.0420956537359 1281.6212905115394 482.71006712939055 1.6943926173844 0.81863788441781 2.4592171808729 19.327747948915814 0.6064161015080893 35.215235710440545 3.0982053912717897
Car 0 0 0 371.8033076338715 422.4083629100704 438.9529611135913 465.7286483847226 1.4854301335596 1.9815736149661 4.4711003227426 -8.531916950502143 -0.007485664271121725 43.527179000742 1.5426680465088034
