Cyclist 0 0 0 1104.469634982972 420.637031234564 1164.322360718073 472.365906595044 1.5934165717228 0.82906800389051 1.5104752303585 16.261844755561448 0.2860393030301067 35.515371579820155 2.9752786208348896
Car 0 0 0 108.72376047403452 409.83088920331977 323.7282694657414 550.7287316726591 1.8841114769056 1.8165918008626 5.2559065848507 -6.397868447562134 1.0711344265344358 18.164020532125296 1.5426680465088034
Car 0 0 0 672.2768699036567 381.7314148344953 834.8361494089584 530.7797739284274 2.581554411645 2.0900948379917 6.1621668647937 2.3865793823205617 1.0045585825985093 22.526199299624125 -1.6173490546399796
Car 0 0 0 363.3612917272289 421.9501364094109 443.8544434898467 476.6881789824031 1.4854301335596 1.8698747442382 4.4711003227426 -6.858677929761834 0.2861831322022642 34.86454585110461 1.5426680465088034
Car 0 0 0 -166.88897907770854 417.2522612287103 51.10665565634042 518.1998298276454 1.7973393395026 1.8698747442382 4.6282061356009 -14.048134975983782 0.9103233122751737 23.2865874183427 1.5426680465088034
Car 0 2 0 770.4265059460632 424.8450037653532 864.3135657718383 484.8952517797216 1.5425337182044 1.7987689730087 4.2943900138582 5.6305036872835945 0.49755303390622474 33.06827507791918 -1.5988368071738837
Car 0 2 0 329.0111168586168 418.3793215907894 386.5340620621411 452.1408708055977 1.4854301335596 1.9815736149661 4.4711003227426 -13.089002396630782 -0.6117811558678474 54.66687021205919 1.5426680465088034
Cyclist 0 1 0 884.5071447553124 422.0762480107826 906.6724912081734 458.57175006461097 1.4845789679381 0.6854820645924 1.4896800149123 11.456579944748649 -0.1917805569025258 47.10438075899314 -1.4484997219348565
Cyclist 0 0 0 1135.4300372241305 429.4417935134829 1197.6035671956672 482.4500565047626 1.5714317583408 0.81863788441781 1.5104752303585 16.728905631241958 0.5828938916432265 34.36870448618956 2.9752786208348896
Cyclist 0 0 0 1070.1424400062356 421.41201017721255 1123.786432571974 470.1782006495956 1.5934165717228 0.71273156333491 1.5104752303585 15.768772403667551 0.2430591300540086 37.180580991612295 -2.9121657195312967
Car 1 2 0 876.2249833464463 452.3856682295872 1449.3184004259676 794.7798117907097 1.6200287532722 1.7987689730087 4.7476867375432 3.492485927162259 1.673075885856815 8.506848220299098 -1.5988368071738837
Car 0 2 0 259.2523271135504 421.70559139086015 342.997879599342 468.1075479552591 1.4854301335596 1.9815736149661 4.4711003227426 -11.777777650659397 0.06561111763832667 40.72046706890248 1.5426680465088034
Cyclist 0 0 0 1195.499290837634 428.762433361948 1283.846453012446 479.4770775806275 1.5714317583408 0.81863788441781 2.410826548752 19.84928715429504 0.5169002950581761 35.93229274486919 3.0982053912717897
Car 0 0 0 388.9489778162368 420.1648818534374 448.7925598407079 459.21083663985047 1.4854301335596 1.9815736149661 4.4711003227426 -8.802101062245983 -0.26052893485299455 47.783496043227856 1.5426680465088034
