Car 0 0 0 -88.64070786760192 439.9176617578061 286.8367763753335 642.7743721464435 1.6545704655237 1.8281934901866 5.5379246214467 -5.705921830262149 1.509192680186064 13.115157075321212 1.587349504829989
Car 0 0 0 403.0855137206304 433.9861198401808 477.999762542558 488.9257964408989 1.4584764085985 1.8698747442382 4.5619376521131 -5.775857151564788 0.6517667050139143 35.29018053730575 1.5426680465088034
Car 0 2 0 16.737016501848416 432.3486046717993 169.94743409134503 508.7913669762642 1.6074082362357 1.8698747442382 4.5619376521131 -13.258174339186509 0.9382311423099805 28.08362785618902 1.5426680465088034
Car 0 0 0 367.1275899745104 428.1752973751463 421.69095821596346 466.9634201104753 1.5995255811784 1.8698747442382 4.4711003227426 -10.785784890663365 0.07741647929827877 52.24662354477322 1.5426680465088034
Cyclist 0 0 0 892.1653003336107 430.4266690425448 913.4228795544212 469.7543888042748 1.5961025221263 0.43740932407893 1.4899482208794 11.791814370186032 0.27500157135038095 47.22297833523267 -1.5957865658695665
Cyclist 0 0 0 1007.0299490140908 428.5439095434252 1057.1267288253391 475.4043063701753 1.8013666222932 1.1338715414311 1.7467337918446 16.510672170841776 0.4696612956583124 45.14410778534544 -1.7415143333840266
Cyclist 0 0 0 1058.7322102053015 425.9789950843612 1116.3605815312335 484.8107676379957 1.9938367706431 0.53028421771679 1.9425255481745 16.428647183295826 0.7334243767124744 39.546929402647244 -2.0524442716130067
Car 0 1 0 465.0842545800516 419.3900551109493 504.8493329574472 459.04694461753127 1.9942769160731 1.8698747442382 4.4711003227426 -7.67424845745472 -0.3032427582425246 61.218231527223054 1.5426680465088034
Car 0 0 0 280.7839091709517 432.4002682695312 361.5363742584752 480.9130322130035 1.4698431406461 1.8698747442382 4.5619376521131 -10.784668155301825 0.4898819243451644 39.76712070547832 1.5426680465088034
Car 0 3 0 135.218586162524 434.9072685693811 277.40450305139234 527.1765160923443 1.8355051188413 1.8698747442382 4.5619376521131 -9.830440503623864 1.2739575593684016 26.536853226426754 1.5426680465088034
