Cyclist 0 0 0 1100.331510502161 427.89757565753865 1161.265805555533 480.8451856394967 1.5934165717228 0.82906800389051 1.5104752303585 15.843882300151408 0.5417683580554532 34.85010323026278 2.9752786208348896
Car 0 0 0 -50.61413858387584 405.4101036587504 270.1003876818945 611.8161115264761 2.0509313194319 1.8165918008626 5.2559065848507 -6.083731346769661 1.3663752453645361 14.034503401816515 1.5426680465088034
Car 0 0 0 657.5366502775 386.1070558852745 792.9517512762814 518.1108204189649 2.6410346044455 2.0900948379917 5.8999469982067 2.119549145821235 0.9428167385602011 25.399576433838693 -1.6173490546399796
Car 0 0 0 335.3563669859818 425.98664940981655 427.6463287628121 488.1235120739767 1.4854301335596 1.8698747442382 4.4711003227426 -6.752935753548674 0.5374012755638949 31.28118725802414 1.5377893728622034
Car 0 2 0 745.3463147987078 425.4822664307525 825.7682390962278 481.1661037756968 1.6124858449325 1.7987689730087 4.2943900138582 5.256018348974773 0.46033081385326335 36.93338400838424 -1.5988368071738837
Car 0 2 0 323.2992624172401 422.2614939428548 385.83800213624784 459.2833218333444 1.4854301335596 1.9815736149661 4.4711003227426 -12.231917013293886 -0.2644447395609829 50.52510142989672 1.5426680465088034
Cyclist 0 1 0 858.3124337811512 422.1729258346009 878.2968394443792 457.4384207309953 1.5259589683523 0.6854820645924 1.4896800149123 10.941284759597908 -0.25134246619995626 50.029441103153765 -1.4484997219348565
Cyclist 0 0 0 1123.510342861049 419.8141810023505 1191.333711014184 483.4493430281444 1.8682577571385 0.81863788441781 1.6661633767867 16.169976706471328 0.6005386370850366 33.7968541902199 2.9752786208348896
Cyclist 0 0 0 1077.1611286635946 426.798869367672 1134.959416422323 477.5026442235703 1.5934165717228 0.94540444444617 1.5104752303585 15.877299810170374 0.4493539442502824 36.70954541879864 -2.3947197698362266
Car 1 1 0 814.779754297385 445.7939414851003 1168.078654615833 664.6974740346672 1.5597827628666 1.7987689730087 4.773661824294 3.4098662063476275 1.5051269938887613 11.510563296309835 -1.5988368071738837
Car 0 2 0 222.7283723104001 425.9486191049383 321.0968036672061 479.3184924409914 1.4854301335596 1.9815736149661 4.4711003227426 -11.34971469247695 0.38125988185515647 36.05986833152905 1.5426680465088034
Cyclist 0 0 0 1186.3343531562757 428.5109482621613 1276.7969154426714 484.8127487633423 1.7201758630415 0.81863788441781 2.4339944405563 19.267372412300777 0.6750992531104533 35.35080136096317 3.0982053912717897
Car 0 0 0 374.1916022248365 422.098386579847 440.3122811276885 464.82091198216426 1.4854301335596 1.9815736149661 4.4711003227426 -8.566475383399593 -0.039851663996706685 44.07159164571108 1.5426680465088034
