Cyclist 0 0 0 1139.3744424216015 428.0141151074979 1204.8128135663917 484.268104523121 1.5934165717228 0.82906800389051 1.5104752303585 16.14581792232664 0.6072384309166543 32.836542223770174 2.9752786208348896
Car 0 0 0 641.4989819918122 398.4067848362731 727.280390615602 478.7043319681445 2.4504444783515 2.0900948379917 5.8999469982067 1.8878073413848673 0.3272934882765244 37.33332196896057 -1.6173490546399796
Car 0 0 0 194.8410877910382 436.883006169678 381.170842206232 555.7343141319393 1.4854301335596 1.8698747442382 4.4711003227426 -5.208215248906647 1.170495613621532 17.85841777507792 1.5377893728622034
Car 0 2 0 714.3042014358889 418.591962160898 767.8000566066806 458.5103021399468 1.6880117853414 1.7987689730087 4.2943900138582 5.3783131883138635 -0.2968623764040287 52.01349344855161 -1.5988368071738837
Car 0 2 0 260.74838075160426 427.4799983885042 351.6160210767632 480.9158113271261 1.5404738450864 1.9815736149661 4.4711003227426 -10.598946493580769 0.4507308231039555 37.29064616121984 1.5426680465088034
Cyclist 0 0 0 1158.7299375885052 419.0327643191954 1242.0011459917805 485.8554391661239 1.8333370513976 0.91250895967218 1.9280686698435 16.422953771620314 0.6224264911326262 31.770519643870603 2.9752786208348896
Cyclist 0 0 0 1124.7692725357488 420.3579234244936 1191.0714222000497 480.1626821810717 1.7793151717571 0.82906800389052 1.629096241809 16.584703507789516 0.4974886886522103 34.63631486154923 -2.2053624576606765
Car 0 0 0 735.2113924604787 428.5573771685033 867.7137789714454 517.8083237246639 1.5597827628666 1.7987689730087 5.0627187646962 3.660788611710913 0.9168538455997508 24.01440662053874 -1.5894854743945717
Car 0 1 0 -14.740372812671012 437.54397584203736 192.1822959432601 539.3581758264604 1.4854301335596 1.8338516455518 4.4711003227426 -9.651924828939853 1.1242280072894397 20.482652810579378 1.5426680465088034
Car 0 0 0 323.4237576366471 428.0988535264593 422.34420643896726 491.0030498157778 1.4854301335596 1.9815736149661 4.4711003227426 -6.94603376612017 0.6072747921639412 31.094762555706485 1.5426680465088034
Car 0 2 0 6.516371658067669 431.450545908501 158.99484406613885 511.0778637333216 1.7664630987765 1.9815736149661 4.4711003227426 -14.04785962969047 1.0423434993835567 29.152146167345755 1.5426680465088034
Car 1 2 0 1142.6932909987406 365.3265664459674 1830.530298787436 751.1861028537454 2.4873558009398 2.1152743960676 4.6799107367351 6.637981688931381 1.732554344655673 9.57515342419639 -1.5516065265129386
Car 1 2 0 907.4870559925756 476.93913298376384 2305.2376877696524 1312.7516916635875 1.6079812673634 1.7752483717839 4.8435923437835 2.9763311382507416 1.8590672684060243 5.108794838473463 -1.6178491768222845
Car 0 2 0 380.0732039298255 426.7618052282364 430.6348923260301 459.2987176276865 1.4854301335596 1.9815736149661 4.4711003227426 -11.375051421551847 -0.2819340496090097 57.794957485275454 1.5426680465088034
