Cyclist 0 0 0 1112.1787565844452 424.4580111879632 1175.186676308023 484.42059584813376 1.7616105431824 0.82906800389051 1.5104752303585 15.79947983296871 0.6329730215888547 33.89482467937324 2.9752786208348896
Car 0 0 0 -1330.4730392017914 405.1254511730564 31.118683858018244 1013.0256613354052 1.9854833627212 1.8297701196628 5.2559065848507 -5.60782605000303 1.687668712172247 6.41047211740833 1.5426680465088034
Car 0 0 0 645.6432659942587 391.2760555955672 752.8684897436357 495.7936414897387 2.6143318949684 2.0900948379917 6.2277218314404 1.9410283154575576 0.6534474734996489 31.164459660997746 -1.6173490546399796
Car 0 0 0 286.07866661138723 430.0374908373191 411.0084241567968 512.5158484167231 1.4854301335596 1.8698747442382 4.4711003227426 -5.919291384350814 0.8594855784117201 24.351579540561918 1.5377893728622034
Car 0 2 0 733.1746939466722 419.8680062536734 798.9025916131925 468.9684734777072 1.7379775901472 1.7987689730087 4.2943900138582 5.510821582830759 0.1222246037564666 43.9390660526587 -1.5988368071738837
Car 0 2 0 289.0438698795612 424.8752162548474 365.2957863815286 468.8947640894706 1.4854301335596 1.9815736149661 4.4711003227426 -11.476610252173902 0.10762638956582052 43.123705599283255 1.5426680465088034
Cyclist 0 1 0 837.6465006827103 422.72274850391705 855.093596053849 453.7931851429673 1.4845789679381 0.6854820645924 1.4896800149123 10.991354103415867 -0.45205491795051705 55.23269108524543 -1.4484997219348565
Cyclist 0 0 0 1139.8508408989487 418.557379298591 1208.616289348597 485.1065488618466 1.884493460259 0.94379931809029 1.5104752303585 16.110732151399027 0.6232884064390726 32.64933220676446 2.9752786208348896
Cyclist 0 0 0 1103.6430956579743 419.95930304532345 1159.757438795243 480.37226852255714 1.8676415965353 0.82906800389052 1.5104752303585 16.206075961061526 0.5324631976424807 35.57532345427449 -2.5585583283914666
Car 0 0 0 746.3060064237328 429.5330256714636 936.5849793708676 559.6752572469911 1.6160351935854 1.7987689730087 5.0627187646962 3.2461940546871544 1.1786595502833195 17.79458187150841 -1.5894854743945717
Car 0 2 0 138.37951617550414 429.8942063745469 275.78055379147474 500.5984574936225 1.4854301335596 1.9815736149661 4.4711003227426 -10.388281976648795 0.7499030825686321 28.030959344184588 1.5426680465088034
Cyclist 0 0 0 1194.6494501116863 432.9580197022409 1289.3447336815802 486.1314507084595 1.5714317583408 0.81863788441781 2.4056501739678 18.913929765129364 0.6983722685952168 34.1232854082323 -3.0962884092956964
Car 0 0 0 355.63847750804683 426.2483821048348 434.68540343216415 477.3490366157547 1.4854301335596 1.9815736149661 4.4711003227426 -7.688661706060512 0.34235468672756564 37.585851529246895 1.5426680465088034
