Cyclist 0 0 0 1102.12495216788 420.95732831676094 1161.4919125084032 475.864390508312 1.7084966574583 0.82906800389051 1.5104752303585 16.319645676569007 0.4000482344982097 35.82580271242316 2.9752786208348896
Car 0 0 0 146.5753473712652 409.73056840576805 337.71476902816 541.7344889591491 1.9425104389595 1.8165918008626 5.2559065848507 -6.531835538079036 1.055531940081654 19.69533229142886 1.5426680465088034
Car 0 0 0 679.345179949767 378.9993146735508 850.7503892706594 537.917376132684 2.6143318949684 2.0900948379917 5.8999469982067 2.4771826079622956 1.0703199165444863 21.421750968195408 -1.6173490546399796
Car 0 0 0 361.8261740096516 421.0316028647139 439.461767144696 473.3015273302766 1.4854301335596 1.8698747442382 4.4711003227426 -7.2497731294498315 0.20157428487697981 36.32410016423576 1.5426680465088034
Car 0 0 0 -87.97837650638814 415.75885291740207 107.11610065335503 504.8177206407491 1.7743134383304 1.8698747442382 5.2959572695931 -14.245166007724174 0.7375286404530899 26.19459830817333 1.5426680465088034
Car 0 2 0 778.7120424577222 423.1522586283696 878.5414219856652 490.2252275900724 1.6550712490783 1.7987689730087 4.2943900138582 5.688524711711148 0.6082915184299894 31.590778204441428 -1.5988368071738837
Car 0 2 0 335.1481561988481 417.77414007580666 390.6150544805986 450.4877232538743 1.4854301335596 1.9815736149661 4.4711003227426 -13.216596234749987 -0.7064051971930809 56.26170858757677 1.5426680465088034
Cyclist 0 1 0 894.2592050764522 421.92012244685736 917.3499925098032 462.15432716532206 1.6004429690979 0.6854820645924 1.4896800149123 11.606209014686959 -0.04216891198454621 45.98668976117171 -1.4484997219348565
Cyclist 0 0 0 1137.7847924055425 421.38156506923775 1197.947214490992 479.2200246945997 1.7460352870453 0.74562704810887 1.5104752303585 16.927589731115056 0.4921392777819965 34.69161245678338 2.9752786208348896
Cyclist 0 0 0 1057.563847734175 420.6280138512607 1110.5473477009557 473.3041992032464 1.7350536003204 0.71273156333491 1.5104752303585 15.441149891576847 0.3489203753677517 37.435238583699224 -2.9121657195312967
Car 1 2 0 930.9081784742474 462.720053897706 1665.4675759275906 865.7446346366743 1.4881485661182 1.7987689730087 4.2943900138582 3.5475020859116113 1.6278457980356844 7.049882281888457 -1.5988368071738837
Car 0 2 0 265.4964081312216 421.2203682096818 346.9957437991755 466.5884111403005 1.4854301335596 1.9815736149661 4.4711003227426 -11.830325585579727 0.016396893942278667 41.548275445582604 1.5426680465088034
Cyclist 0 0 0 1193.159804454197 428.3881961369472 1280.618006539444 478.6087636925727 1.5714317583408 0.81863788441781 2.410826548752 19.947751210696456 0.49428255870040616 36.27409836900028 3.0982053912717897
