Cyclist 0 0 0 1104.8515241699276 418.1632084479058 1165.4859402417335 478.0212665635581 1.8324290574812 0.82906800389051 1.5104752303585 16.1213021253083 0.4590203675190263 35.16153016790781 2.9752786208348896
Car 0 0 0 46.63060057469045 409.4800266497397 300.94022684412846 576.1002088390615 1.963332876351 1.8165918008626 5.2559065848507 -6.2783755445120795 1.2326386296860712 16.290295053078868 1.5426680465088034
Car 0 0 0 665.9477791181088 385.2279393269517 815.4721319134694 525.5313261395677 2.581554411645 2.0900948379917 5.8999469982067 2.266136399934899 0.9897518095665876 23.60382264191407 -1.6173490546399796
Car 0 0 0 348.9564994259906 422.9641174682653 433.79396425564767 486.3707616729368 1.6593062572218 1.8698747442382 4.4711003227426 -6.955083748157075 0.5408973135457358 33.532196972081856 1.5377893728622034
Car 0 2 0 758.3897331190209 425.0318255061595 846.1917000362376 483.2443450821251 1.5725132010879 1.7987689730087 4.2943900138582 5.436730709280849 0.48140277210292615 34.628622280699126 -1.5988368071738837
Car 0 2 0 323.7116898578904 421.1247298626184 383.3281977728346 456.1826639159506 1.4854301335596 1.9815736149661 4.4711003227426 -12.90814442139631 -0.4127074502919147 53.08162260869207 1.5426680465088034
Cyclist 0 1 0 872.7201144500992 422.1746273796514 893.888653992301 457.70041659228553 1.4845789679381 0.6854820645924 1.4896800149123 11.231497334922754 -0.23318887026940294 48.374433441053434 -1.4484997219348565
Cyclist 0 0 0 1133.377390087476 421.78371555340334 1195.9433506179128 481.7031656450152 1.7809559927862 0.81863788441781 1.5104752303585 16.598327817129565 0.557572897792542 34.22321165462904 2.9752786208348896
Cyclist 0 0 0 1065.7865137069905 417.1498807927719 1121.3392194679964 478.2890518648792 1.9912264612566 0.98128107253864 1.5104752303585 15.644770021282133 0.5009692698211115 37.17436656708427 -2.9121657195312967
Car 1 1 0 841.5575382195556 446.1170031489149 1306.771783192244 724.789164278585 1.583579455315 1.7987689730087 4.9286077983122 3.4240345978608056 1.5614356453428946 9.769059673265408 -1.5988368071738837
Car 0 2 0 246.7839747577242 425.3010414040484 335.5862606357871 474.41549401743896 1.4854301335596 1.9815736149661 4.4711003227426 -11.597003556884541 0.2640044472004231 38.926656222827546 1.5426680465088034
Cyclist 0 0 0 1191.4507664428268 428.53012671585617 1267.1174313720555 479.4682057073756 1.5714317583408 0.81863788441781 1.9694004871576 19.368934804393593 0.5153040174694425 35.66374963024174 3.0982053912717897
Car 0 0 0 383.922710091912 420.8269526501672 445.8884705940388 461.1218114303268 1.4854301335596 1.9815736149661 4.4711003227426 -8.717275817861266 -0.18108511734471933 46.44721046012161 1.5426680465088034
