Cyclist 0 0 0 1126.5802565819126 427.7917099357508 1191.1995469453248 483.534516246407 1.5934165717228 0.82906800389051 1.5104752303585 15.896371636216296 0.5915544401481794 33.128510815625354 2.9752786208348896
Car 0 0 0 641.4203859157132 398.6663519524162 736.0267953331715 487.3320709654024 2.4504444783515 2.0900948379917 5.8999469982067 1.8379108374989985 0.5206437792456413 34.11208805358019 -1.6173490546399796
Car 0 0 0 251.0469886296604 434.67679459301945 400.1962139929997 532.4061932082764 1.4854301335596 1.8698747442382 4.4711003227426 -5.524275110602851 1.05011758530377 21.1218845072549 1.5377893728622034
Car 0 2 0 722.5588992630537 419.6189868946748 781.115924144993 462.8538695978866 1.6880117853414 1.7987689730087 4.2943900138582 5.453568557026483 -0.10459365609281143 48.29386196916063 -1.5988368071738837
Car 0 2 0 277.4984278800593 425.5367588035133 360.8320391211185 474.993810748575 1.5404738450864 1.9815736149661 4.4711003227426 -10.898863149538732 0.29476627974047376 39.93018881724218 1.5426680465088034
Cyclist 0 0 0 1147.3686612331014 418.9088104136112 1221.7023976095916 484.8567425168098 1.8333370513976 0.91250895967218 1.6734385238161 16.140937864798456 0.6042839797777303 32.10746499308998 2.9752786208348896
Cyclist 0 0 0 1114.3885677884257 420.1644795337397 1179.781583385806 479.3684254379398 1.7793151717571 0.82906800389052 1.629096241809 16.405776264798362 0.4786002689706874 34.97323704261011 -2.2053624576606765
Car 0 0 0 737.6673983371722 433.3098056601679 894.7300290667093 539.976380413378 1.5597827628666 1.7987689730087 5.0627187646962 3.387345373908889 1.1151129918305773 20.738285799362348 -1.5894854743945717
Car 0 1 0 81.67961136921042 432.5060737772231 240.2220023395306 515.831992264563 1.4854301335596 1.7842880875639 4.4711003227426 -9.944958078860733 0.9209969991440545 24.241816683024616 1.5426680465088034
Cyclist 0 0 0 1204.4339407107948 425.8238477927818 1300.6656252063094 479.5527796260381 1.5714317583408 0.81863788441781 2.4056501739678 18.988093683035377 0.49158787645186464 33.681932732983974 -3.0962884092956964
Car 0 0 0 344.7202882757763 425.2545175737762 432.1222645485984 481.3611012918511 1.4854301335596 1.9815736149661 4.4711003227426 -7.219302866028807 0.41380474873404904 34.35709718508524 1.5426680465088034
Car 0 2 0 90.15138931165814 430.19216775749874 211.74316509464316 493.85404152169394 1.6563756757228 1.9815736149661 4.4711003227426 -14.314930409493325 0.7609847970314934 33.880708387067735 1.5426680465088034
Car 1 2 0 1257.587294793493 350.95708321077115 2409.551274366108 915.5343706256926 2.4873558009398 2.1152743960676 4.8619072653859 6.673054726252395 1.8636714561305812 7.382392293238476 -1.5516065265129386
