Cyclist 0 0 0 1109.920123335576 418.8105556322578 1172.2969407179414 481.46746470555416 1.8678383146306 0.82906800389051 1.5104752303585 15.886750603252032 0.5505733320819103 34.253872859372116 2.9752786208348896
Car 0 0 0 -540.0212006124219 403.0814754864206 148.0008951668102 759.1746141896672 1.9854833627212 1.8297701196628 5.2559065848507 -5.773578179054865 1.5324321197224104 9.02163088303092 1.5426680465088034
Car 0 0 0 649.2682322237633 392.7158686834746 763.402184727935 498.8138777665432 2.4776716392221 2.0900948379917 5.8999469982067 1.9907412621979212 0.678030358851687 29.151869409898183 -1.6173490546399796
Car 0 0 0 305.9050701189387 427.36237486457816 417.7046528986312 501.55781906394736 1.4854301335596 1.8698747442382 4.4711003227426 -6.188602963794282 0.723580450358634 26.65260100907987 1.5377893728622034
Car 0 2 0 728.1966105483837 423.3549179351335 796.4394432547607 465.5068621436894 1.392636303787 1.7987689730087 4.2943900138582 5.131558990250729 -0.01368222821999926 42.075857368998435 -1.5988368071738837
Car 0 2 0 296.3981680182412 423.4800297342384 368.11910242902457 464.9203337075701 1.4854301335596 1.9815736149661 4.4711003227426 -11.914551273567978 -0.03240986998842142 45.51408466002341 1.5426680465088034
Cyclist 0 1 0 842.5291021668527 422.472176916548 860.6372589147047 454.4427246489869 1.4845789679381 0.6854820645924 1.4896800149123 10.935122998515716 -0.4095401152690081 53.687213910917436 -1.4484997219348565
Cyclist 0 0 0 1133.0184756091835 418.2910537887881 1203.940715441892 484.4456999111293 1.8944482864442 0.91250895967217 1.6367717827881 16.120830204616997 0.6113212119764512 33.0143200969364 2.9752786208348896
Cyclist 0 0 0 1093.8212311934687 419.5594968124973 1150.4196389112828 477.07635913719145 1.7881674860445 1.1357731653554 1.5104752303585 16.114685207104635 0.4252724612379152 36.046595039796536 -2.5585583283914666
Car 0 0 0 765.4307150205661 434.1708088825092 999.4115674229909 591.0241821827291 1.6441614089449 1.7987689730087 5.0627187646962 3.3336420208261957 1.3477039932309771 15.558336685134373 -1.5988368071738837
Car 0 2 0 171.5006262714699 427.17005563081386 293.0234217160451 490.75557743699096 1.4854301335596 1.9815736149661 4.4711003227426 -10.722025865945604 0.5911866639173826 30.7205274008634 1.5426680465088034
Cyclist 0 0 0 1191.5132433422152 426.941411556948 1287.5537986312554 484.60386958516017 1.735379570399 0.81863788441781 2.4844399211896 19.0950470104861 0.6612308309826204 34.59206580929801 -3.0962884092956964
Car 0 0 0 364.5678721710029 424.6214481845309 438.3200560327307 472.404768506906 1.4854301335596 1.9815736149661 4.4711003227426 -7.944810872556106 0.2065601316163973 39.88343478450798 1.5426680465088034
