Cyclist 0 0 0 1101.414270532536 426.4907953443528 1162.3590757332463 479.3892931487745 1.5934165717228 0.82906800389051 1.5104752303585 15.880171942308458 0.4968755458886551 34.85490446127234 2.9752786208348896
Car 0 0 0 -10.301920803481153 406.847224158137 283.09380731763923 597.6320716529528 2.0217318384049 1.8165918008626 5.2559065848507 -6.134472306938398 1.3188533595264311 14.833845791435015 1.5426680465088034
Car 0 0 0 658.8730078525288 391.38386316969326 800.3521206761702 517.4549898068324 2.4504444783515 2.0900948379917 6.2293607056066 2.156652137122376 0.888539829776428 24.935188222431243 -1.6173490546399796
Car 0 0 0 340.4486510859002 424.1572934396168 430.18909898856657 487.63522131200654 1.568535677748 1.8698747442382 4.4711003227426 -6.801112046205099 0.5410456302528944 31.993254294675978 1.5377893728622034
Car 0 2 0 748.885771539593 424.9972662773531 831.4229334115098 480.8418980250124 1.5834980821807 1.7987689730087 4.2943900138582 5.3005524426813775 0.4381214024193151 36.219618162702815 -1.5988368071738837
Car 0 2 0 313.1334734409976 421.9802865649074 375.6703165670404 458.40184947805056 1.4854301335596 1.9815736149661 4.4711003227426 -12.886370256901163 -0.3052519118035103 51.2854134358849 1.5426680465088034
Cyclist 0 1 0 865.0013330267533 421.5813561222108 885.4986577219037 457.8970495076055 1.5507869686009 0.6854820645924 1.4896800149123 11.098599075187586 -0.22838193599042309 49.34091614467159 -1.4484997219348565
Cyclist 0 0 0 1122.0774330056538 419.7046034801016 1192.2552468323247 482.2967367395964 1.8420672278328 0.81863788441781 1.7560841940695 16.217274019104224 0.5671062136081072 33.91121281525007 2.9752786208348896
Cyclist 0 0 0 1075.62027455598 419.159215126716 1134.6972828113512 474.979030202304 1.7704628574698 0.94540444444617 1.5498188494134 15.86110760620089 0.36746456143669576 36.746115847839825 -2.3947197698362266
Car 1 1 0 816.1572542049888 441.3306016555391 1202.428060821787 678.2661752278847 1.5880801757298 1.7987689730087 4.99978264755 3.368835736734053 1.4915164846505795 11.01804112218794 -1.5988368071738837
Car 0 2 0 232.34886944800985 425.1835251322354 327.0637807521869 476.9119637051693 1.4854301335596 1.9815736149661 4.4711003227426 -11.413522899164853 0.32149975308137035 37.065064217497884 1.5426680465088034
Cyclist 0 0 0 1189.3317133591245 428.02681172296224 1274.6184181084682 484.16223253704646 1.7227682002407 0.81863788441781 2.2700466284981 19.340835515276765 0.6579641936644203 35.46038420084783 3.0982053912717897
Car 0 0 0 377.45297703731336 421.6737801302193 442.174382173352 463.5812551794832 1.4854301335596 1.9815736149661 4.4711003227426 -8.615171357027885 -0.08545829997368025 44.83871855453134 1.5426680465088034
