Cyclist 0 0 0 1137.2468178432891 427.9262195375258 1202.4543815682198 484.0119599594941 1.5934165717228 0.82906800389051 1.5104752303585 16.126332717015835 0.6016735070434336 32.93178577891366 2.9752786208348896
Car 0 0 0 641.3288891649102 398.5453850890706 731.7375015267417 483.2491522493927 2.4504444783515 2.0900948379917 5.8999469982067 1.855883045512832 0.43388714267232076 35.55799610026004 -1.6173490546399796
Car 0 0 0 224.1564066141242 437.7444803184586 390.9818738110637 546.1535852582526 1.4854301335596 1.8698747442382 4.4711003227426 -5.35403316752442 1.1524199920043217 19.39372382376229 1.5377893728622034
Car 0 2 0 720.0505101950996 419.401936923344 776.1403173240923 460.95624035696216 1.6880117853414 1.7987689730087 4.2943900138582 5.49733960624806 -0.1852306656916455 50.135811280194375 -1.5988368071738837
Car 0 2 0 264.8924346731661 426.7255522935468 353.03018370448063 478.5739971702448 1.5404738450864 1.9815736149661 4.4711003227426 -10.795187850846377 0.3918642789172291 38.296950882335 1.5426680465088034
Cyclist 0 0 0 1154.4941312894089 418.91221005123816 1237.2097380006774 485.3476987996175 1.8333370513976 0.91250895967218 1.9280686698435 16.386267988681624 0.6119491271001732 31.94983950910447 2.9752786208348896
Cyclist 0 0 0 1124.7692725357488 420.3579234244936 1191.0714222000497 480.1626821810717 1.7793151717571 0.82906800389052 1.629096241809 16.584703507789516 0.4974886886522103 34.63631486154923 -2.2053624576606765
Car 0 0 0 734.1007984819213 430.8382280163143 877.5074596720394 528.2046951736969 1.5597827628666 1.7987689730087 5.0627187646962 3.4706993721315245 1.0182254267287114 22.345381433085773 -1.5894854743945717
Car 0 1 0 40.786096856359 435.1663616836968 218.6026749659435 526.5442496461593 1.4854301335596 1.7842880875639 4.4711003227426 -9.800609087918934 1.0280664315456818 22.43722101210892 1.5426680465088034
Cyclist 0 0 0 1208.085315760883 426.0196891787746 1305.057050230906 480.1067163645352 1.5714317583408 0.81863788441781 2.4056501739678 18.985878718946722 0.5046557209741163 33.46408118571967 -3.0962884092956964
Car 0 0 0 333.9585244123841 426.5548852698881 426.6754815431311 485.719874856188 1.4854301335596 1.9815736149661 4.4711003227426 -7.120340080913348 0.506489202493714 32.79809733812778 1.5426680465088034
Car 0 2 0 53.77141778540749 428.8125032625054 188.40176875834413 501.1989759136712 1.7664630987765 1.9815736149661 4.4711003227426 -14.208085091305861 0.8922829552013034 31.676241157656776 1.5426680465088034
Car 1 2 0 1195.275727857084 359.9828184317527 2045.857609992232 812.5951414834595 2.4873558009398 2.1152743960676 4.6799107367351 6.65499937567887 1.7961732981523746 8.511210153554076 -1.5516065265129386
Car 1 2 0 990.7709917213124 496.8096755034833 4440.673680251822 2489.1579758095386 1.6079812673634 1.7752483717839 4.8435923437835 3.0487132234344525 1.9469970218745463 3.632373376693537 -1.6178491768222845
