Cyclist 0 0 0 1103.296731430551 426.7893751691454 1165.356196238416 480.6409438926208 1.5934165717228 0.82906800389051 1.5104752303585 15.68076010560514 0.5254827041171514 34.25351579305571 2.9752786208348896
Car 0 0 0 -396.667155263542 402.55524360576544 178.20474521197582 712.4003807504315 1.9854833627212 1.8297701196628 5.2559065848507 -5.833143654035482 1.4766455580864097 9.959989340408546 1.5426680465088034
Car 0 0 0 651.1075577841377 388.7831263730866 769.7221623387861 505.1947637674393 2.6471093782917 2.0900948379917 6.0966118981469 2.0408355457190654 0.7953588989778587 28.55329222490036 -1.6173490546399796
Car 0 0 0 313.65047037901786 426.5210726832552 421.2345266958716 498.2132414119467 1.4854301335596 1.8698747442382 4.4711003227426 -6.243174713141941 0.6761674050856101 27.450590218055414 1.5377893728622034
Car 0 2 0 730.2492841597806 423.9808427277984 800.4115772190876 474.7227889957946 1.6550712490783 1.7987689730087 4.2943900138582 5.123170030588583 0.30646224823176754 41.1215936232517 -1.5988368071738837
Car 0 2 0 300.76541185970115 422.9411763381447 370.63870206820656 463.41505942326336 1.4854301335596 1.9815736149661 4.4711003227426 -12.02898555269981 -0.08983413916744418 46.486417544953156 1.5426680465088034
Cyclist 0 1 0 845.2568065925548 422.26349747869216 863.6838956241967 454.6401359422206 1.4845789679381 0.6854820645924 1.4896800149123 10.93551178209404 -0.39561599229578637 53.01415571967352 -1.4484997219348565
Cyclist 0 0 0 1129.8358827475677 420.2080734167112 1196.442607631738 484.16160526821415 1.8420672278328 0.91250895967217 1.5104752303585 16.060483448911025 0.608476948815485 33.21507960217681 2.9752786208348896
Cyclist 0 0 0 1090.2269641069684 419.5459897536025 1145.814421918149 478.78231239829387 1.8589860003433 0.94540444444617 1.5104752303585 16.044050553696643 0.48795237872865227 36.193136035856426 -2.5585583283914666
Car 0 0 0 771.4438987421809 436.88776281539066 1010.4767245705088 593.6362008357328 1.5597827628666 1.7987689730087 4.5224164651206 3.2588363488645027 1.3182568663541165 14.64794611677264 -1.5988368071738837
Car 0 2 0 182.44022203634492 425.81117941939016 298.7864251455355 486.96690400806943 1.4854301335596 1.9815736149661 4.4711003227426 -10.853434434189353 0.5172631611081435 31.750378307016344 1.5426680465088034
Cyclist 0 0 0 1192.044035466794 428.7893050940144 1284.327991369829 486.0196026587207 1.7303350223357 0.81863788441781 2.383548959923 19.14760194670913 0.7088121072353181 34.7615760901379 -3.0962884092956964
Car 0 0 0 363.69308672966446 424.200579638829 436.3856377260146 471.09671772910747 1.4854301335596 1.9815736149661 4.4711003227426 -8.132357904780742 0.16772423621006893 40.55434959234746 1.5426680465088034
