Cyclist 0 0 0 1100.5064964821272 428.8526754128075 1161.64784188249 482.006999633115 1.5934165717228 0.82906800389051 1.5104752303585 15.800146683814411 0.5755864175240025 34.735003931758705 2.9752786208348896
Car 0 0 0 -168.37432336469442 404.8869897635708 235.5857534743173 652.6682351855677 2.073081805802 1.8297701196628 5.2559065848507 -5.975588451105282 1.473888449435643 12.22688140542857 1.5426680465088034
Car 0 0 0 653.0617362128996 386.6191608552797 780.4583346451888 512.1416986955406 2.6471093782917 2.0900948379917 5.8999469982067 2.036725726533253 0.8770421664129926 26.609042535925663 -1.6173490546399796
Car 0 0 0 323.8800641708602 427.4745456910585 422.44681522119583 493.4711355347852 1.4854301335596 1.8698747442382 4.4711003227426 -6.619028574368783 0.6319473891027484 29.686885708186576 1.5377893728622034
Car 0 2 0 735.9371903479904 426.9057192851759 811.4609685117204 473.43179726697394 1.392636303787 1.7987689730087 4.2943900138582 5.097672562366012 0.23596873161741128 38.655262814613685 -1.5988368071738837
Car 0 2 0 313.420089172206 423.1579320863855 378.97770360026624 461.6424361201359 1.4854301335596 1.9815736149661 4.4711003227426 -12.174893240246835 -0.16128848455342937 48.79638788820149 1.5426680465088034
Cyclist 0 1 0 851.6837423534411 422.2354416542432 870.9220663633092 455.669111123132 1.4845789679381 0.6854820645924 1.4896800149123 10.909302260563601 -0.3376021033411061 51.3594247571261 -1.4484997219348565
Cyclist 0 0 0 1124.432865907983 419.8109033503422 1195.2242332492815 483.3833676290105 1.8507974042681 1.0667420766945 1.5721684771674 16.194026414989857 0.5884375451614579 33.703960913161254 2.9752786208348896
Cyclist 0 0 0 1081.8359387843043 419.3064304977055 1144.7267255579875 476.7832213500057 1.8058721146192 0.94540444444617 1.6509319503844 15.997562347929048 0.41970968764665184 36.4496677366476 -2.3947197698362266
Car 1 1 0 796.2085307487821 441.5495183009132 1098.6461368128791 634.6064610512183 1.5849072987839 1.7987689730087 4.7987863602113 3.3772981219197056 1.45426741819492 12.783541854257924 -1.5988368071738837
Car 0 2 0 207.9735870610636 425.3075932824988 312.7387146115445 481.3890712833262 1.4854301335596 1.9815736149661 4.4711003227426 -11.164463779513149 0.4149362463463856 34.37570189502749 1.5426680465088034
Cyclist 0 0 0 1187.4855369388845 428.0183794939192 1282.3822390312505 486.4285269231541 1.7858250510323 0.81863788441781 2.4970512913479 19.245529115944766 0.7291341746754179 35.127528585348564 -3.0962884092956964
Car 0 0 0 368.8657811646566 422.7885141856241 437.2859919193166 466.8450652924461 1.4854301335596 1.9815736149661 4.4711003227426 -8.490629287350783 0.031182654347200578 42.87675813335054 1.5426680465088034
