Cyclist 0 0 0 1100.0224283572136 420.52457254015695 1164.1551437963635 477.9859993031789 1.7439059146077 0.82906800389051 1.6267356246657 15.93842157840366 0.45393788105158084 34.97244023725895 2.9752786208348896
Car 0 0 0 23.17411773878905 406.3584537507659 292.7804682316445 584.2671346726287 2.0217318384049 1.8165918008626 5.2559065848507 -6.240871356561343 1.26776350182732 15.699476765100147 1.5426680465088034
Car 0 0 0 662.8951583125064 385.5505597160748 807.2075464093632 525.1443435278031 2.6471093782917 2.0900948379917 5.8999469982067 2.2154741758457037 1.018211295519142 24.231115767597537 -1.6173490546399796
Car 0 0 0 344.0888170249324 423.53147153718 431.3065650303734 484.9517649755968 1.559948472272 1.8698747442382 4.4711003227426 -6.9052732925946225 0.4856209276662573 32.78737623108041 1.5377893728622034
Car 0 2 0 752.8596922351651 424.7014691045294 837.8006540599491 482.4307114829663 1.6024926839713 1.7987689730087 4.2943900138582 5.349074079690667 0.4727381692693172 35.45226202692868 -1.5988368071738837
Car 0 2 0 315.1467626246612 421.59385906618616 376.5471182042298 457.3677215415664 1.4854301335596 1.9815736149661 4.4711003227426 -13.031849384045628 -0.35443889259117844 52.124011435936175 1.5426680465088034
Cyclist 0 1 0 868.7875321119809 422.40340098632896 889.6560860947329 460.4813050402589 1.6082938819329 0.6854820645924 1.4896800149123 11.150021938915309 -0.11441575838492545 48.796432220373696 -1.4484997219348565
Cyclist 0 0 0 1124.5173177133504 419.9847076514476 1194.246040551192 482.6629984339748 1.8507974042681 0.81863788441781 1.7469660097927 16.338038733312793 0.5802608909692278 34.02199645697647 2.9752786208348896
Cyclist 0 0 0 1067.2733267895649 419.1626677359157 1128.7116600962534 476.9354560792825 1.8678383146306 0.95378971872403 1.6868821822958 15.697720572226537 0.4538296851813508 36.952619075811796 -2.9121657195312967
Car 1 1 0 837.9310053714205 444.71542901355616 1254.592456705417 702.3297143802376 1.6080664976521 1.7987689730087 4.6522558483464 3.441584513867019 1.5569483992250541 10.251298859854938 -1.5988368071738837
Car 0 2 0 237.81199836842276 426.0556817670959 329.94331962923485 476.6927687640717 1.4854301335596 1.9815736149661 4.4711003227426 -11.531318638235383 0.3255222268204799 37.8918957519776 1.5426680465088034
Cyclist 0 0 0 1189.221416239008 427.876182989234 1278.2972276517824 479.09625184362267 1.5714317583408 0.81863788441781 2.4087717002396 19.457557648457467 0.49915191692831307 35.56644714138486 3.0982053912717897
Car 0 0 0 380.1989993819584 421.31508756780136 443.7475101871957 462.53741129615 1.4854301335596 1.9815736149661 4.4711003227426 -8.657583979220181 -0.1251802087277888 45.506861346083966 1.5426680465088034
