Car 0 0 0 -328.00595835330944 447.51675110317296 221.58700460103975 726.2568395968206 1.6788391318793 1.8281934901866 5.5379246214467 -5.706502649781124 1.6752128991473278 10.547037562321293 1.587349504829989
Car 0 0 0 385.8090981247672 434.4954504784812 466.9505918431635 491.00463136391136 1.406743958875 1.8698747442382 4.5619376521131 -5.88081530430279 0.6642180162069602 33.39986719373199 1.5426680465088034
Car 0 2 0 -58.06642698821804 433.38504227399886 125.5122719493803 521.8360272601969 1.6641522543283 1.8698747442382 4.7436123108542 -13.35657234780981 1.0925410412731276 25.519898052626893 1.5426680465088034
Car 0 0 0 360.4348861714836 428.6888239980305 417.32646646486063 466.7571870352368 1.5060318439665 1.8698747442382 4.4711003227426 -10.677794531518597 0.060871025328233797 50.524778779925754 1.5426680465088034
Cyclist 0 0 0 885.1285364162877 434.33114583142697 907.8804650042244 470.4063761460024 1.4719401703864 0.52335931089635 1.4899482208794 11.658889959574413 0.3059296180035517 47.77258275890113 -1.5957865658695665
Cyclist 0 0 0 1007.5654117764096 427.2008922376965 1057.4449391338137 475.76520901054977 1.8665708696152 1.0139408028402 1.6766806454221 16.460391436913383 0.48357969135889123 44.952441513732644 -1.9045828573097865
Cyclist 0 0 0 1043.9199896918349 433.1926213642687 1099.3762026088314 484.0151265009801 1.7313190010638 0.53028421771679 1.9171416177921 16.099627307020416 0.7180639086347899 40.12620758078795 -2.0524442716130067
Car 0 1 0 462.59743384659146 423.80372221415263 503.2044152552162 460.1843288240406 1.7657366695551 1.8698747442382 4.4711003227426 -7.644252636061736 -0.24095385156468158 60.0889268326695 1.5426680465088034
Car 0 0 0 265.3274573984871 431.5640043038774 351.58046222481426 480.91126078078827 1.4191549445115 1.8698747442382 4.5619376521131 -10.706044412004802 0.4584175924987173 37.91624341047784 1.5426680465088034
Car 0 3 0 85.75224453525539 438.21504171800166 251.5451248114299 525.0782338871994 1.5060318439665 1.8698747442382 4.7393463385842 -9.734308884922825 1.0842940777615493 24.181606791147345 1.5426680465088034
