Cyclist 0 0 0 1103.603242263379 426.9494987790002 1165.4478347726358 480.6135340527984 1.5934165717228 0.82906800389051 1.5104752303585 15.742326964522666 0.5266679784891741 34.37430824281656 2.9752786208348896
Car 0 0 0 -297.2147992537699 403.3997817350601 203.15837015790203 698.8690544857261 2.102281286829 1.8297701196628 5.2559065848507 -5.856627858016128 1.5603778705217095 10.768865156003729 1.5426680465088034
Car 0 0 0 648.498626997768 387.0718060556179 768.8333933683346 505.204809590564 2.6143318949684 2.0900948379917 5.8999469982067 1.9406074786459477 0.774993391422064 27.77590631341886 -1.6173490546399796
Car 0 0 0 316.9620499531333 429.01267703424514 421.5316838156399 499.17118333106976 1.4854301335596 1.8698747442382 4.4711003227426 -6.3653453445687225 0.7215815401780891 28.16007881069094 1.5377893728622034
Car 0 2 0 731.803373110477 426.7497494348885 803.6502890888922 471.2698534070189 1.392636303787 1.7987689730087 4.2943900138582 5.102593415594011 0.17846035997974513 40.28296789817892 -1.5988368071738837
Car 0 2 0 304.95057103911023 422.5392274905892 373.3863515884119 462.307233922126 1.4854301335596 1.9815736149661 4.4711003227426 -12.075903351735354 -0.13377541032463267 47.22553216698896 1.5426680465088034
Cyclist 0 1 0 846.7697959400386 422.2709341496816 865.4895571031763 457.014625984132 1.5756149688494 0.6854820645924 1.4896800149123 10.87852353727219 -0.28078808125871363 52.36129298974897 -1.4484997219348565
Cyclist 0 0 0 1124.0850614780766 420.1163362939171 1196.335761781601 483.60718252162303 1.8333370513976 0.91250895967217 1.7141793471805 16.04261590606442 0.5926627469700904 33.35979033540315 2.9752786208348896
Cyclist 0 0 0 1087.639633722484 419.406210049037 1150.2840153429952 477.1750372730287 1.8058721146192 0.94540444444617 1.6308667046664 16.100958674088954 0.43014319604592555 36.26300814150009 -2.3947197698362266
Car 1 1 0 780.2489657931806 438.5451466066322 1036.0981446093945 604.7638491007476 1.5597827628666 1.7987689730087 4.5224164651206 3.30054001979382 1.3573696298029532 13.990056543869152 -1.5988368071738837
Car 0 2 0 190.09370460811985 426.7793612135404 302.56361602095217 486.3525824998193 1.4854301335596 1.9815736149661 4.4711003227426 -10.98623258132173 0.5196725361879958 32.60594982233945 1.5426680465088034
Cyclist 0 0 0 1194.797037175305 428.3410324721468 1283.3560211616814 486.83264333992327 1.773213680874 0.81863788441781 2.2700466284981 19.20509696217486 0.7355265019909408 34.81484100253845 -3.0962884092956964
Car 0 0 0 367.1785638785304 423.74122250375433 438.31331838337087 469.7306805285023 1.4854301335596 1.9815736149661 4.4711003227426 -8.177398991855005 0.12554061589921017 41.263899629501154 1.5426680465088034
