Car 0 0 0 -188.21050644180752 441.97431966298495 258.9216191877817 677.8241966477301 1.6788391318793 1.8281934901866 5.5379246214467 -5.681992311279947 1.5859443830149305 11.831174600721502 1.587349504829989
Car 0 0 0 390.1350793609066 433.6369362432098 468.9064120499439 488.5793190502226 1.406743958875 1.8698747442382 4.5619376521131 -5.932515991652044 0.6157972895633923 34.21432854474383 1.5426680465088034
Car 0 2 0 -25.875373230872924 433.574838267995 143.22148303649112 514.4962023031426 1.6114454508744 1.8698747442382 4.7436123108542 -13.534863522058968 1.0077160328806822 26.957311849405944 1.5426680465088034
Car 0 0 0 364.3503537479224 430.55028225306273 419.8632977692861 468.02807532777234 1.5060318439665 1.8698747442382 4.4711003227426 -10.738867091627746 0.1213577504554556 51.50750892273842 1.5426680465088034
Cyclist 0 0 0 889.2689140209077 429.0045334904924 912.4612918032682 469.68997012986114 1.6540449529383 0.52335931089635 1.4899482208794 11.710168963005398 0.2718567310579232 47.22779091070019 -1.5957865658695665
Cyclist 0 0 0 1009.1703529860616 426.2444641034235 1059.051499786492 475.8802851134324 1.913145331988 1.0139408028402 1.6766806454221 16.546070859324203 0.4888525029250109 45.00982513231976 -1.9045828573097865
Cyclist 0 0 0 1053.0287787820707 425.8404356165071 1107.4631212319518 482.23254363585454 1.9269317430298 0.53028421771679 1.8372582906746 16.27821429113122 0.6519446016228394 39.806371288427535 -2.0524442716130067
Car 0 1 0 463.4534215851834 423.6189178493456 503.7158840415922 458.73730017789103 1.7137957044374 1.8698747442382 4.4711003227426 -7.660535316370198 -0.3175217773405783 60.50037612214602 1.5426680465088034
Car 0 0 0 272.5935234800112 433.23697123656615 356.100622799964 481.5630696216206 1.4191549445115 1.8698747442382 4.5619376521131 -10.76283233126666 0.4952891561944195 38.82663276642605 1.5426680465088034
Car 0 3 0 108.12946219980984 436.817318958862 261.67436872055623 523.8473458953207 1.6074082362357 1.8698747442382 4.5619376521131 -9.79689995479793 1.126179153208837 25.185247079397268 1.5426680465088034
