Cyclist 0 0 0 1121.0968236208814 424.7964608883002 1185.071859359743 485.5366295741193 1.7616105431824 0.82906800389051 1.5104752303585 15.885647740895648 0.6575823516060748 33.47363651329318 2.9752786208348896
Car 0 0 0 640.6440380311203 391.5222159491515 741.6439862208624 490.9090315663498 2.6143318949684 2.0900948379917 6.2277218314404 1.8079555244697059 0.5678660029679639 32.60902854459016 -1.6173490546399796
Car 0 0 0 271.15711847556844 432.51607541469264 408.1867468937368 523.0680233261216 1.4854301335596 1.8698747442382 4.4711003227426 -5.626588882360886 0.9678482485130824 22.507447781104116 1.5377893728622034
Car 0 2 0 728.380978509242 420.87435015599993 793.6464286948778 470.0901006118207 1.7379775901472 1.7987689730087 4.2943900138582 5.311651805619636 0.16432023209779012 43.92894332649098 -1.5988368071738837
Car 0 2 0 283.77962905645416 424.5221479881852 363.4943578504796 471.9086632610894 1.5404738450864 1.9815736149661 4.4711003227426 -11.16262219096368 0.20389671329003023 41.4788355631076 1.5426680465088034
Cyclist 0 1 0 835.2417423683762 422.139661507852 852.2436258294189 452.53069963933393 1.4845789679381 0.6854820645924 1.4896800149123 11.09579042033951 -0.5243031329858441 56.425972603285445 -1.4484997219348565
Cyclist 0 0 0 1144.4891079401657 418.6901660392986 1213.8008082384908 485.67213723873874 1.884493460259 0.94379931809029 1.5104752303585 16.152631531899893 0.6352547603526583 32.44452831100609 2.9752786208348896
Cyclist 0 0 0 1112.8331920091755 420.15614386461897 1174.284670366579 481.6553679419259 1.8676415965353 0.9847048036018 1.6246088834801 16.380731098603505 0.5575653996761119 35.135201964810875 -2.5585583283914666
Car 0 0 0 743.9193142957374 427.40864798429465 918.229969171208 546.4704198496868 1.6160351935854 1.7987689730087 5.0627187646962 3.3446847328864306 1.0984589150913855 19.121319165307053 -1.5894854743945717
Car 0 2 0 110.0403169874993 429.9217854203052 261.0353156163377 506.1179153493631 1.4854301335596 1.9815736149661 4.4711003227426 -10.182976090757345 0.8043300245599284 26.177237047856725 1.5426680465088034
Cyclist 0 0 0 1201.802984128996 427.53302503100576 1297.3497021566147 480.9575516955224 1.5714317583408 0.81863788441781 2.4056501739678 19.017367097906906 0.5373068925520743 33.893914280793595 -3.0962884092956964
Car 0 0 0 349.7958600359972 427.4912420212122 432.8630671083888 481.1864163016151 1.4854301335596 1.9815736149661 4.4711003227426 -7.4766930743540545 0.4367715792258292 35.98426169105065 1.5426680465088034
