Car 0 0 0 95.69989299813028 432.9824343662542 336.52315080884887 584.2367318211069 1.6833307714674 1.8281934901866 5.5379246214467 -5.795515999125452 1.347179598826054 16.64183552524947 1.5426680465088034
Car 0 0 0 418.6024605158119 431.8992333704734 486.2802922122594 482.0823814689799 1.4584764085985 1.8698747442382 4.5619376521131 -5.862330515046959 0.5014964246839966 38.223917746788196 1.5426680465088034
Car 0 1 0 91.7568125541253 431.3288644696634 216.45488696104712 493.4316099635958 1.5060318439665 1.8698747442382 4.5619376521131 -13.478547624163555 0.6966292892980329 32.14294562558687 1.5426680465088034
Car 0 0 0 379.8560470481586 428.470520029504 430.7968262316577 463.343535648443 1.5060318439665 1.8698747442382 4.4711003227426 -10.806059166383601 -0.08240894436204069 54.91677364957156 1.5426680465088034
Cyclist 0 0 0 901.7128492845984 428.8870831160637 923.7179234251864 470.6776494067656 1.6684087476978 0.43740932407893 1.4899482208794 11.987569470533316 0.3069007758876292 46.35338541420295 -1.5957865658695665
Cyclist 0 0 0 1007.292563283314 428.3846348995381 1060.7164170195 475.7286420282744 1.8293112997169 1.1568364420735 1.6766806454221 16.670404538519104 0.4840465932991519 45.35195325507197 -2.0206950022451466
Cyclist 0 0 0 1081.7316473985045 426.53473417260136 1138.6552287298082 486.175484382059 1.9828210978772 0.53028421771679 1.8309000641459 16.885033216698908 0.7671662028306757 38.74431215234608 -2.0524442716130067
Car 0 1 0 472.6487176068781 423.8471700080356 510.7994270976527 456.8686049553832 1.6722429323432 1.8698747442382 4.4711003227426 -7.50006944162646 -0.42641838303357493 62.830528528361384 1.5426680465088034
Car 0 2 0 301.1563614686522 430.330778551854 375.1684763827012 474.15207568437296 1.4191549445115 1.8698747442382 4.5619376521131 -10.83249432148856 0.289209240649236 42.27480704727992 1.5426680465088034
Car 0 3 0 175.2825984974013 431.9003721381936 300.14351045607367 501.6314942305861 1.5060318439665 1.8698747442382 4.5619376521131 -9.936638645600558 0.8019322097746321 28.91907973477035 1.5426680465088034
