Cyclist 0 0 0 1101.9635536506298 422.0659321809076 1160.358075369101 477.4452957299145 1.7527582288951 0.82906800389051 1.5104752303585 16.575078418430422 0.4586726534617255 36.432936322223625 2.9752786208348896
Car 0 0 0 221.09372267447463 403.9599548548755 367.94056523344153 514.0786457156223 2.0301088820403 1.8165918008626 5.2559065848507 -6.8479409342868145 0.8186097233992252 23.68812400682367 1.5426680465088034
Car 0 0 0 696.9745922021094 376.1564924444874 903.0484410840912 556.7640832380698 2.5487769283216 2.0900948379917 5.8999469982067 2.6908426572230972 1.1597228156642516 18.807457122589746 -1.6173490546399796
Car 0 0 0 382.0094333185912 422.18827618707 450.8619932911486 469.6481093377792 1.4854301335596 1.8698747442382 4.4711003227426 -7.412151435908668 0.11385863953675021 39.88316304013896 1.5426680465088034
Car 0 0 0 49.50638115470156 415.34226415148976 177.7964804004547 481.6029757052063 1.7088628249446 1.8698747442382 4.4711003227426 -14.80672666588658 0.388776644798728 32.49874084001514 1.5426680465088034
Car 0 2 0 814.5786436836952 425.9691375377051 934.6192489268644 502.0788758659618 1.6312135267791 1.7987689730087 4.2943900138582 6.14865395188853 0.7895352703506576 27.911325017295603 -1.5988368071738837
Car 0 2 0 355.47772959816666 416.2406224061284 403.6234740278375 450.11789926813714 1.6841457034593 1.8698747442382 4.4711003227426 -13.35733856366198 -0.7714541896901448 60.687350523967844 1.5426680465088034
Cyclist 0 1 0 927.3316343447063 420.6841660362316 949.56963498841 465.0935152553986 1.6742751693969 0.57709193239556 1.3576332427674 12.224439600772437 0.07486133606501713 43.38835654985834 -1.4484997219348565
Cyclist 0 0 0 1146.486269748547 420.8442390180596 1205.8006119304237 477.992835049208 1.7547654634806 0.74562704810887 1.5104752303585 17.47036558279117 0.46258942680863036 35.26514773536263 2.9752786208348896
Cyclist 0 0 0 1054.7599009869025 418.86167693137713 1106.6444992780253 474.7062455086446 1.876690628918 0.69157948323387 1.5104752303585 15.607733575622786 0.40409473867700607 38.118523819386404 -2.9121657195312967
Cyclist 0 0 0 1197.350772083652 419.5856417929167 1292.3769351017072 481.5424290072141 1.9866296639592 0.81863788441781 2.7054831269328 20.53460477737149 0.5973231342035126 36.87148102889017 3.0982053912717897
Car 1 2 0 1040.7544879399882 483.59269207475774 3126.339071654379 1502.2049980428185 1.4881485661182 1.7987689730087 4.9107145065879 3.65501483993646 1.775994869006616 4.564070348980775 -1.5988368071738837
