Cyclist 0 0 0 1121.0968236208814 424.7964608883002 1185.071859359743 485.5366295741193 1.7616105431824 0.82906800389051 1.5104752303585 15.885647740895648 0.6575823516060748 33.47363651329318 2.9752786208348896
Car 0 0 0 643.2145999144184 391.4060479830695 747.1377320184655 493.1695750701873 2.6143318949684 2.0900948379917 6.2277218314404 1.8789057835165077 0.6085271822406109 31.921755137549443 -1.6173490546399796
Car 0 0 0 284.80735460731034 431.04660806311546 413.8600038028627 516.8621049772917 1.4854301335596 1.8698747442382 4.4711003227426 -5.697642654617043 0.9061152866587474 23.546449539252855 1.5377893728622034
Car 0 2 0 733.1746939466722 419.8680062536734 798.9025916131925 468.9684734777072 1.7379775901472 1.7987689730087 4.2943900138582 5.510821582830759 0.1222246037564666 43.9390660526587 -1.5988368071738837
Car 0 2 0 285.04614207718504 425.3476812333464 362.9793754377321 470.23292538414097 1.4854301335596 1.9815736149661 4.4711003227426 -11.39652586514257 0.15139886627526855 42.383395339997705 1.5426680465088034
Cyclist 0 1 0 836.4397387505146 422.4301342125684 853.6629712998526 453.15946260838894 1.4845789679381 0.6854820645924 1.4896800149123 11.04321213664737 -0.48792989369220513 55.82521708041021 -1.4484997219348565
Cyclist 0 0 0 1144.4891079401657 418.6901660392986 1213.8008082384908 485.67213723873874 1.884493460259 0.94379931809029 1.5104752303585 16.152631531899893 0.6352547603526583 32.44452831100609 2.9752786208348896
Cyclist 0 0 0 1107.3944624786095 420.0441203824095 1163.7587253696856 480.7118581188673 1.8676415965353 0.82906800389052 1.5104752303585 16.263718925843847 0.5406926040291629 35.43098922082642 -2.5585583283914666
Car 0 0 0 746.031491815166 428.36045486658895 927.7828729271922 552.3574394147864 1.6160351935854 1.7987689730087 5.0627187646962 3.3181149320976138 1.1357955954633159 18.501335607066046 -1.5894854743945717
Car 0 2 0 124.4444384828027 431.09748280869246 269.0387401042767 505.0528137939276 1.4854301335596 1.9815736149661 4.4711003227426 -10.232844612014414 0.8121959603158893 26.972401737478197 1.5426680465088034
Cyclist 0 0 0 1199.6577943967895 427.41093069919 1294.771857435354 480.6252694797821 1.5714317583408 0.81863788441781 2.4056501739678 19.018696076359728 0.5294661858387866 34.024625209151175 -3.0962884092956964
Car 0 0 0 355.230674253139 426.7552729531517 435.7098471373097 478.9345031338507 1.4854301335596 1.9815736149661 4.4711003227426 -7.534814075136165 0.3823378524146154 36.899864775771384 1.5426680465088034
