Car 1 1 0 -283.10674493043325 449.7112954935372 35.20160381309768 573.1544502755789 1.4468635410613 1.7665018198697 5.226218450803 -11.768017708517323 1.378662696651855 18.065247961589158 1.5606246042965033
Car 0 0 0 274.2882936495918 435.99842738799066 410.2824811171329 524.6676766831137 1.5060318439665 1.8698747442382 5.4653735874266 -6.002947302136669 1.0414304318065897 24.307051086631915 1.5426680465088034
Car 0 0 0 445.53568805840376 431.0950032456916 500.9866994682128 474.58671324893913 1.5060318439665 1.8698747442382 4.5619376521131 -6.069262507064292 0.3341587794745584 44.87552926737295 1.5426680465088034
Car 0 2 0 272.72952987107175 430.6878627655217 362.1398961055657 485.3775592277626 1.5060318439665 1.8698747442382 4.5619376521131 -9.900227195859445 0.5640733260881418 36.130291405628626 1.5426680465088034
Car 0 1 0 204.80520268170076 433.4136826308426 291.9711954521156 481.7588630303979 1.5060318439665 1.8698747442382 4.5619376521131 -13.739076898320734 0.5371339168973892 40.8236736906823 1.5426680465088034
Car 0 1 0 402.8691102002825 430.2632585135506 447.5784448681542 461.9350908483825 1.5060318439665 1.8698747442382 4.4711003227426 -10.833044137482714 -0.14985878515606965 60.49004130617725 1.5426680465088034
Cyclist 0 0 0 927.9128459668046 434.8398630998292 951.3491129262384 476.7606983436388 1.5827132309146 0.43740932407893 1.4135482325972 12.453653602502989 0.5288073201437149 44.034561954485774 -1.5957865658695665
Cyclist 0 0 0 1008.6052385152406 428.10408531010734 1059.197920889853 474.7652399050976 1.8321716484005 1.2076844745923 1.6766806454221 16.909476812701143 0.4550609499486358 46.02325521046821 -1.7790727607006065
Cyclist 0 0 0 1141.9512316448893 428.631581507604 1203.5954938318082 490.8416693887548 1.9439503580953 0.47901010061554 2.2274665802158 18.209331204837483 0.8622308184211369 37.03100401995628 -1.7790727607006065
Car 0 2 0 481.00911043677024 423.2169273022817 516.6900727291489 457.099703180152 1.8280658276964 1.8698747442382 4.4711003227426 -7.495213304506774 -0.4294250879738948 66.31587858799271 1.5426680465088034
Car 0 2 0 340.4569749747374 429.409862166481 401.87095477021575 469.3872631946635 1.5060318439665 1.8698747442382 4.5619376521131 -10.99632299161877 0.1583004851905297 48.42278869826249 1.5426680465088034
