Car 0 0 0 637.9721388767242 400.7533798895749 717.6535537423141 476.1907653078892 2.4504444783515 2.0900948379917 5.8999469982067 1.7881868208924883 0.28005558138754744 39.7273326663082 -1.6173490546399796
Car 0 0 0 124.19578517546552 442.88314947564834 356.5650958798229 587.3360189459021 1.4854301335596 1.8698747442382 4.4711003227426 -5.032272574748425 1.3233581858323848 15.285651516802856 1.5377893728622034
Car 0 2 0 716.1777476454081 421.2086175735772 766.7453174616008 459.04359368259367 1.6880117853414 1.7987689730087 4.2943900138582 5.71848616262353 -0.28122588760978084 55.0533899402299 -1.5988368071738837
Car 0 2 0 237.1346154420245 429.9215045388111 338.09893987454484 488.4633248406656 1.5404738450864 1.9815736149661 4.4711003227426 -10.339824382328404 0.6205409651552127 34.42493820764927 1.5426680465088034
Car 0 0 0 734.1026930137524 425.6054026018731 852.3329826840978 504.7746594071061 1.5597827628666 1.7987689730087 5.0627187646962 3.883781472345916 0.7629188689897854 26.55680294230235 -1.5894854743945717
Car 0 1 0 -118.46974758324916 443.5807622987043 142.86515158230884 566.3949881479433 1.4854301335596 1.8338516455518 4.4711003227426 -9.407132376786585 1.2956844419819693 17.59119990055548 1.5426680465088034
Car 0 0 0 302.79974763472427 430.5842941237429 412.4880994516564 499.6276075224824 1.4854301335596 1.9815736149661 4.4711003227426 -6.782676076712261 0.7498584348303812 28.695087918718635 1.5426680465088034
Car 0 2 0 -79.05870657599996 436.0624668255887 107.61997367114076 528.950696723073 1.7664630987765 1.9815736149661 4.4711003227426 -13.818517302279549 1.2571360430170344 25.539225887095633 1.5426680465088034
Car 1 2 0 1084.0004091291632 371.1295559064629 1606.034806114691 666.9601828735662 2.357358280475 2.1152743960676 4.6799107367351 6.714402090594673 1.499525203921384 11.281692742537164 -1.5516065265129386
Car 1 2 0 831.0534403042221 457.296837293532 1496.956059222383 875.6358029236566 1.6079812673634 1.7752483717839 4.8435923437835 2.907454851799557 1.7161946527567835 7.501860902043445 -1.6178491768222845
Car 0 2 0 380.6170803883557 423.9846968521295 433.3166540203201 457.8118068403037 1.4854301335596 1.9815736149661 4.4711003227426 -10.800426451352394 -0.34672866519580614 55.309327724734146 1.5426680465088034
