Car 1 1 0 -1205.5575570181609 458.7772728693676 75.65395507678784 981.9947321096236 1.5695820633833 1.8281934901866 5.5379246214467 -5.6055223099552975 1.7113838200477551 6.803919758386644 1.587349504829989
Car 0 0 0 363.26204158557545 430.5567404789505 455.509535464412 498.0249450732354 1.5408416027667 1.8698747442382 4.5619376521131 -5.7741302271397785 0.7600442239389714 30.292600577451847 1.5426680465088034
Car 0 2 0 -197.18848816380125 442.7476378947243 47.61527890807304 544.0102837699728 1.5060318439665 1.8698747442382 4.7436123108542 -13.123632889680689 1.2426958401056556 21.30367776071367 1.5426680465088034
Car 0 0 0 345.6823695206376 430.2897938250268 407.1377075281033 470.86432835798695 1.5060318439665 1.8698747442382 4.4711003227426 -10.611969464748782 0.21711580618998777 47.72202129153129 1.5426680465088034
Cyclist 0 0 0 878.6807914245014 427.4724112234591 902.644383828056 468.3194472964928 1.7037098936343 0.59561465832611 1.4899482208794 11.547076753763058 0.22046820398074768 48.36060374738919 -1.5957865658695665
Cyclist 0 0 0 1005.6147063440212 426.6239491987431 1051.6359824258298 474.46931720686894 1.8386261921915 0.67043308350927 1.6766806454221 16.206945368834994 0.4363771551137199 44.6806552418128 -2.0570801127520566
Cyclist 0 0 0 1024.7192824036465 425.19932033794896 1073.6499218637528 479.4938377276503 1.9141095377815 0.5672178317333 1.6766806454221 15.593400562869792 0.57762510686205 40.915312762263696 -2.0524442716130067
Car 0 1 0 456.0843202758976 423.88919297096425 498.4809300393336 460.7088220224877 1.724183897461 1.8698747442382 4.4711003227426 -7.689086302056035 -0.2112765425459131 58.15671957780636 1.5426680465088034
Car 0 0 0 235.29763458601545 434.2135154352358 331.6874884839102 488.06914106403406 1.4191549445115 1.8698747442382 4.5619376521131 -10.699190941846421 0.6233480568489493 35.16250731721568 1.5426680465088034
Car 0 2 0 -1.4990982478110482 442.0865656215247 201.87906208578488 543.9721365936381 1.5060318439665 1.8698747442382 4.5619376521131 -9.677451446021161 1.2306061644727524 20.985139467452868 1.5426680465088034
