Car 0 0 0 258.31519306822844 434.0770228514074 403.2807765356277 533.1444944669735 1.5804977577851 1.7581758735103 6.0119109461693 -5.941541740343342 1.1048085666506346 23.24175662187135 1.5426680465088034
Car 0 0 0 439.7115153203405 432.7577091772831 496.7401279250879 477.2869515066021 1.5060318439665 1.8698747442382 4.5619376521131 -6.154867644911588 0.42638026791184314 44.054955971121515 1.5426680465088034
Car 0 2 0 265.5829943324938 434.77095135053895 357.81603490480165 487.6667106226822 1.3943329732386 1.8698747442382 4.5619376521131 -9.846611668238033 0.6142874129777722 35.285664819394896 1.5426680465088034
Car 0 1 0 192.28731769429248 429.9428769716741 286.91118507736667 479.8509050294393 1.5060318439665 1.8698747442382 5.1448519076609 -13.750232430567557 0.4356467112073069 39.98493337982632 1.5426680465088034
Car 0 1 0 400.42036077514166 430.9998991831828 445.7823437635958 463.0876442276363 1.5060318439665 1.8698747442382 4.4711003227426 -10.829310936560754 -0.09003657011489163 59.83849416584334 1.5426680465088034
Cyclist 0 0 0 923.6243659552 434.62954347070354 946.7905084198676 478.1205802856112 1.6546547414108 0.43740932407893 1.4135482325972 12.352309057581714 0.585700234761595 44.3001898327954 -1.5957865658695665
Cyclist 0 0 0 1006.8405485348896 428.4107792770639 1057.9763620114286 477.2531462714745 1.9160056806716 0.99515444884906 1.6766806454221 16.75722406569489 0.556081656049265 45.75735479894645 -2.2325913323990267
Cyclist 0 0 0 1134.8237760662128 428.346058885595 1195.0594908924545 489.6947329879559 1.9362466355043 0.47901010061554 2.0424161210173 18.022457214892476 0.83715652384517 37.17408747473812 -1.8605874500417166
Car 0 2 0 480.492021544136 428.9879536981799 516.3613213307211 457.8885896071114 1.5060318439665 1.8698747442382 4.4711003227426 -7.4721473393954225 -0.3822640154594431 65.87332340966354 1.5426680465088034
Car 0 2 0 336.38268353387866 429.98465395977263 399.2413417605412 470.778861328091 1.5060318439665 1.8698747442382 4.5619376521131 -10.941829428259446 0.20933690405735256 47.56433006819979 1.5426680465088034
