Cyclist 0 0 0 1100.7584464772756 421.13227112359306 1159.916371381769 477.7769862550066 1.7704628574698 0.82906800389051 1.5104752303585 16.33360521677876 0.46273018389604115 35.96207419700458 2.9752786208348896
Car 0 0 0 182.0097661714224 404.7042853290383 351.7204502702692 528.5102175184568 2.0301088820403 1.8165918008626 5.2559065848507 -6.668640422459271 0.95460578265932 21.39647579534222 1.5426680465088034
Car 0 0 0 685.3280679550516 377.9565243751569 869.9341076538427 546.5090244428051 2.6143318949684 2.0900948379917 5.9982794481768 2.5594628747980246 1.1298160999042257 20.418725625581335 -1.6173490546399796
Car 0 0 0 366.93351111867264 422.27212355082 441.3324604819674 472.6912861170935 1.4854301335596 1.8698747442382 4.4711003227426 -7.40987795293425 0.19587145529724392 37.68385558375778 1.5426680465088034
Car 0 0 0 -24.046177730045088 416.4917808529864 132.13501421292176 492.0594706397647 1.6840233787072 1.8698747442382 4.4711003227426 -14.452856327880776 0.5647836902290745 28.480471233361737 1.5426680465088034
Car 0 2 0 794.0228682288997 432.6371025296232 901.578911113728 494.3910709687136 1.392636303787 1.7987689730087 4.2943900138582 5.920765225487638 0.6741521670574426 30.06443557136961 -1.5988368071738837
Car 0 2 0 344.7338222493696 418.7493867948859 397.8421803053848 450.5096972855702 1.4854301335596 1.9815736149661 4.4711003227426 -13.19542801509568 -0.7236421133334033 58.0195319383512 1.5426680465088034
Cyclist 0 1 0 906.3470528409248 421.5205081128637 927.6768245519536 462.7328380481344 1.6004429690979 0.57709193239556 1.4896800149123 11.782055372623232 -0.01912707261072484 44.888870969611574 -1.4484997219348565
Cyclist 0 0 0 1138.458294058208 421.1361139212315 1203.2024058199336 479.9905775270497 1.7867473775544 0.74562704810887 1.685078759063 17.132761447531685 0.5176327386174604 34.92204270292521 2.9752786208348896
Cyclist 0 0 0 1055.4146508288638 418.9733721651367 1111.4388150558727 475.4199964174255 1.8678383146306 0.96506648425557 1.5724414303699 15.56629819601423 0.4144544411722645 37.80259465074275 -2.9121657195312967
Cyclist 0 0 0 1191.9579010659647 431.8200968181217 1278.8808647510864 481.8329883801988 1.5714317583408 0.81863788441781 2.410826548752 20.015785803351843 0.6019155591728435 36.48498389620409 3.0982053912717897
Car 1 2 0 952.2493605911004 466.7295942577823 1998.2684455928163 1008.65974758405 1.4881485661182 1.7987689730087 4.9107145065879 3.5898098872224913 1.6769883031608412 6.224510002401596 -1.5988368071738837
Car 0 2 0 278.2463945921086 420.2227341508764 355.21645964777474 463.4859766306901 1.4854301335596 1.9815736149661 4.4711003227426 -11.944996749284673 -0.09099937787443496 43.35473558570719 1.5426680465088034
