Cyclist 0 0 0 1103.1905724876467 417.6748108311827 1162.5804264370663 474.9492962033834 1.7881674860445 0.82906800389051 1.5104752303585 16.367030164400973 0.3713236335735808 35.85544397358881 2.9752786208348896
Car 0 0 0 162.69457133891774 409.3165823784466 344.2539344571072 536.018895333928 1.9425104389595 1.8165918008626 5.2559065848507 -6.575958112138822 1.0142085610920024 20.39041263022747 1.5426680465088034
Car 0 0 0 683.1991026135877 378.3962500788204 861.8446825049375 544.9201671539624 2.6471093782917 2.0900948379917 5.8999469982067 2.5285563548221286 1.1400143113194812 20.800338368720343 -1.6173490546399796
Car 0 0 0 366.3075865632956 422.628142110602 441.83210580426754 473.8992407526785 1.4854301335596 1.8698747442382 4.4711003227426 -7.299905525262974 0.22844839762942837 37.126797203745774 1.5426680465088034
Car 0 0 0 -55.97296959032178 415.11761246192407 119.7064252397119 498.97465728083154 1.7743134383304 1.8698747442382 4.9505687520109 -14.381418871646035 0.6686020799467658 27.36155956781445 1.5426680465088034
Car 0 2 0 784.5283460196225 433.3287219301672 887.5063889361955 493.3618191616736 1.392636303787 1.7987689730087 4.2943900138582 5.767643002944357 0.6722295175808994 30.912937009234373 -1.5988368071738837
Car 0 2 0 337.93289908984514 419.1044477636692 392.35088683967126 451.39636330798334 1.4854301335596 1.9815736149661 4.4711003227426 -13.311637417528221 -0.6707910603586081 57.151439124278376 1.5426680465088034
Cyclist 0 1 0 899.1086250264547 417.74644811755473 919.9731847185664 463.037725649625 1.7876777715748 0.57709193239556 1.4896800149123 11.608567151266117 -0.006559662857592838 45.392039129929024 -1.4484997219348565
Cyclist 0 0 0 1139.0752868313496 421.2901428871168 1199.110226798547 480.089475960218 1.7809559927862 0.74562704810887 1.5104752303585 17.014308809166923 0.5205199358319206 34.79134221078513 2.9752786208348896
Cyclist 0 0 0 1057.672991989568 418.6730603228205 1110.5139094463618 470.6522233909747 1.7173489717457 0.71273156333491 1.5104752303585 15.481731320857554 0.26142030246722814 37.529862512528894 -2.9121657195312967
Car 1 2 0 938.598844244371 464.0795293059795 1803.5863942617937 924.4730035201344 1.4881485661182 1.7987689730087 4.6522558483464 3.5704028993612655 1.6493238616997095 6.688614171819914 -1.5988368071738837
Cyclist 0 0 0 1190.7552468435 427.8985889656674 1277.9184753467696 477.96467954040463 1.5714317583408 0.81863788441781 2.410826548752 19.920214333616055 0.4749838291452132 36.37558989830619 3.0982053912717897
Car 0 2 0 269.2831271666988 420.9250353433218 349.42921147473817 465.66705926447605 1.4854301335596 1.9815736149661 4.4711003227426 -11.863313180617805 -0.014497923977593571 42.067942061234774 1.5426680465088034
