Car 1 1 0 -468.657669829308 444.88928209064414 193.06254037141616 747.7977597043458 1.5695820633833 1.8281934901866 5.5379246214467 -5.633538958912319 1.5512685094624443 9.479845257665923 1.587349504829989
Car 0 0 0 379.762719434885 432.8033363813042 464.2922044782056 496.00366476903366 1.5408416027667 1.8698747442382 4.5619376521131 -5.81325138832614 0.7718107098247636 32.34327451634995 1.5426680465088034
Car 0 2 0 -65.30862508352084 435.9429850966142 120.46189254584677 517.9571266865114 1.5060318439665 1.8698747442382 4.7436123108542 -13.402304137175005 1.0028387740082896 25.34092658259478 1.5426680465088034
Car 0 0 0 357.27499191125696 429.4125006644028 415.2928568619124 468.1677626272551 1.5060318439665 1.8698747442382 4.4711003227426 -10.628709929472693 0.11792041530982364 49.75347174927555 1.5426680465088034
Cyclist 0 0 0 881.302674190577 427.7390383525874 904.6932345952828 471.0695488546845 1.7947622849103 0.55775443846757 1.4899482208794 11.552992311999786 0.3353720122811418 47.96454138511574 -1.5957865658695665
Cyclist 0 0 0 1009.0873047643332 426.3483419663624 1059.0998607511476 474.26780784091727 1.8386261921915 1.0139408028402 1.6766806454221 16.492441011894893 0.4232892933672576 44.864564949266175 -1.9045828573097865
Cyclist 0 0 0 1034.6508609640623 425.44065658013744 1092.1924219615075 483.66254152173593 2.0137252776482 0.5672178317333 2.0005199548686 15.900288612741955 0.7070669204022265 40.38336894843892 -2.0524442716130067
Car 0 1 0 458.0368616186499 424.1907020833759 499.45829809375664 456.0662082766569 1.5060318439665 1.8698747442382 4.4711003227426 -7.761312324948085 -0.45088284159112496 59.26437987488025 1.5426680465088034
Car 0 0 0 256.2395895272019 432.3639871577664 345.49979252692043 483.05727504382384 1.4191549445115 1.8698747442382 4.5619376521131 -10.706633446626585 0.5107031895201499 37.043599148710925 1.5426680465088034
Car 0 2 0 67.62825052165294 439.4795266598199 238.37921182307247 528.6283905459226 1.5060318439665 1.8698747442382 4.5619376521131 -9.792862117574316 1.1245626129476585 23.516556592921365 1.5426680465088034
