Car 0 0 0 132.54925880213398 436.62391233235815 350.778394930868 571.1674477190843 1.581764466457 1.8281934901866 5.5379246214467 -5.8000534770039875 1.2855558269040201 17.67096652468317 1.5426680465088034
Car 0 0 0 424.3957920251127 431.1449623800838 489.9801728440706 477.0177578904453 1.3571000163293 1.8698747442382 4.5619376521131 -5.829978873931929 0.34913521478480947 39.06792862631669 1.5426680465088034
Car 0 1 0 113.88067645960643 430.0507286286985 231.19901526313765 489.42340731214586 1.5060318439665 1.8698747442382 4.5619376521131 -13.472270198457707 0.6203533312584343 33.41533235979641 1.5426680465088034
Car 0 0 0 382.2816564402942 428.0564686695018 432.3774776692339 462.4117656881656 1.5060318439665 1.8698747442382 4.4711003227426 -10.852976965419346 -0.12635021551922695 55.65588827160736 1.5426680465088034
Cyclist 0 0 0 906.9052598370088 429.2206054049798 929.3354927211982 472.31434209162273 1.7026157484082 0.43740932407893 1.4899482208794 12.084265441850574 0.3696262286225318 45.86671375507424 -1.5957865658695665
Cyclist 0 0 0 1006.6023462082592 428.9515421794933 1055.102493262334 477.4553513338545 1.8863677726923 0.88342514147998 1.6766806454221 16.56920900136733 0.5596361320623349 45.42876984654892 -2.0206950022451466
Cyclist 0 0 0 1089.940269358474 426.63433573489743 1152.7872105084502 485.89554048800375 1.9455615279789 0.70322302020381 1.9036628236863 17.145410159085905 0.7450539729988866 38.45884693607383 -2.0524442716130067
Car 0 1 0 473.26035105228567 424.5011642398205 511.1194697889696 458.2728794439441 1.724183897461 1.8698747442382 4.4711003227426 -7.527485063851816 -0.3513827136879142 63.28007233288734 1.5426680465088034
Car 0 2 0 309.5705387129552 431.7932983981692 381.3833006842616 478.90029984572567 1.5680867721486 1.8698747442382 4.5619376521131 -10.772931212543325 0.4731480225455128 43.14053868370475 1.5426680465088034
Car 0 3 0 189.36772956552045 435.0761789798937 308.2173927531649 502.76331387313576 1.5060318439665 1.8698747442382 4.5619376521131 -9.999846706303229 0.8663213039813724 29.93648594304991 1.5426680465088034
