Car 0 0 0 169.09746832248254 434.5115697771208 361.3520419921498 558.074931550385 1.581764466457 1.7581758735103 5.4653735874266 -5.838525295605538 1.2164186341025993 18.829612356587216 1.5426680465088034
Car 0 0 0 428.1273113362304 434.4187302075864 491.64964417734376 479.3955596072431 1.3571000163293 1.8698747442382 4.5619376521131 -5.895852484680643 0.44442944374380766 40.13318154865721 1.5426680465088034
Car 0 1 0 131.58823088671443 428.857690121598 242.5269814862447 485.6836277089351 1.5060318439665 1.8698747442382 4.5619376521131 -13.554608330162225 0.5432388406779657 34.71243747437036 1.5426680465088034
Car 0 0 0 390.1608942034565 427.54678768141457 438.8886849382131 461.30709494302255 1.5060318439665 1.8698747442382 4.4711003227426 -10.659685277620316 -0.18005016921910064 56.52882367561867 1.5426680465088034
Cyclist 0 0 0 909.9217902048604 427.1951156319572 933.6228832876252 471.3599740867783 1.7368198540983 0.43740932407893 1.6250342095315 12.197171300508836 0.32514376684372265 45.73024513777904 -1.5957865658695665
Cyclist 0 0 0 1006.3581683860558 428.8628834870684 1054.7225030764646 476.92865960302 1.8739494727483 0.88342514147998 1.6766806454221 16.59866051732059 0.5400772582724734 45.54401480100925 -2.0206950022451466
Cyclist 0 0 0 1096.2648588290112 427.6860102954474 1158.948588587907 488.14823007292745 1.9735062054026 0.56672148752232 1.9727065762325 17.25698194754272 0.8166046283654266 38.23278827795483 -2.0524442716130067
Car 0 1 0 473.92712999658914 424.2844835915332 511.4487351459828 457.5771848598559 1.7137957044374 1.8698747442382 4.4711003227426 -7.559464335015904 -0.391632106402497 63.7820490359728 1.5426680465088034
Car 0 2 0 317.5826432708625 431.1155796361514 387.25259509314657 477.185315159068 1.5680867721486 1.8698747442382 4.5619376521131 -10.715074389558577 0.4217063000349356 43.99216836904263 1.5426680465088034
Car 0 3 0 192.03015235546468 434.83280026752345 309.75080098023886 501.98824858359615 1.5060318439665 1.8698747442382 4.5619376521131 -10.012668721211314 0.8543127348361954 30.13847620894772 1.5426680465088034
