Cyclist 0 0 0 1103.8521969303758 418.1326650931673 1165.485940241732 476.0381844679949 1.7704628574698 0.88218188961461 1.5104752303585 16.115539597811708 0.3956489900489665 35.18379994935364 2.9752786208348896
Car 0 0 0 82.01376051652483 410.4333315466274 313.67888933195906 559.9203012128105 1.8841114769056 1.8165918008626 5.2559065848507 -6.342715229987387 1.12278865027153 17.295170108626536 1.5426680465088034
Car 0 0 0 668.9337415042066 382.1936897436469 823.6970863621885 532.0450707046912 2.6798868616151 2.0900948379917 5.8999469982067 2.3144353968336637 1.0738664401326403 23.022373232517005 -1.6173490546399796
Car 0 0 0 355.0371259631341 422.40876112115296 437.2841114902555 478.24756380412254 1.4854301335596 1.8698747442382 4.4711003227426 -6.966236860624146 0.3229765656867699 34.26342919589329 1.5377893728622034
Car 0 0 0 -221.7766451216768 423.8656840299844 18.70036840849889 526.0865988420557 1.6591839324697 1.8698747442382 4.5591284320845 -13.952186995981577 0.9755755433975544 21.770767119060633 1.5426680465088034
Car 0 2 0 764.7272984284143 424.8583725695543 855.577346234232 483.8068720473435 1.5525268791656 1.7987689730087 4.2943900138582 5.5463748314227175 0.48228983963736627 33.83452467389939 -1.5988368071738837
Car 0 2 0 321.38077722901875 420.80230498286977 380.3308812433008 455.2815549075763 1.4854301335596 1.9815736149661 4.4711003227426 -13.236331974439151 -0.45888607805857584 53.89211430054574 1.5426680465088034
Cyclist 0 1 0 877.9046751662977 421.990981860303 899.5797672846008 458.0568701737575 1.4845789679381 0.6854820645924 1.4896800149123 11.29697047263 -0.21528136304179868 47.653867157310295 -1.4484997219348565
Cyclist 0 0 0 1133.004591668767 421.7692541040564 1195.4629235222071 478.4958721018615 1.6849240519987 0.81863788441781 1.5104752303585 16.593458726156545 0.460523203813916 34.23787223725622 2.9752786208348896
Cyclist 0 0 0 1072.5199887684946 421.5860344457985 1126.6548633000984 474.1797826874423 1.7084966574583 0.71273156333491 1.5104752303585 15.753777113063475 0.3726845090394687 36.94310988905906 -2.9121657195312967
Car 1 2 0 859.4269743636049 449.2349442157989 1375.045613299645 761.016792107863 1.6220168967971 1.7987689730087 4.8192599044409 3.466154373698557 1.6390454527011107 9.111292140013378 -1.5988368071738837
Car 0 2 0 252.2559616922801 422.2466815923516 338.540082813411 469.80953346256206 1.4854301335596 1.9815736149661 4.4711003227426 -11.72147629181656 0.1183406430269151 39.83352952246012 1.5426680465088034
Cyclist 0 0 0 1193.9973586207227 419.86302703879466 1280.9633796619992 479.5034471170326 1.8584677208232 0.81863788441781 2.3484760566739 19.716744671637443 0.5165053466377875 35.82749258699859 3.0982053912717897
Car 0 0 0 386.7520894591565 420.4547126167556 447.52121927122994 460.0461160991569 1.4854301335596 1.9815736149661 4.4711003227426 -8.764400953630584 -0.22522057151597663 47.18959133962497 1.5426680465088034
