Car 0 0 0 638.9564186061306 400.6536039463524 717.1764242704107 474.54733296521954 2.4504444783515 2.0900948379917 5.8999469982067 1.835201209347287 0.23424954476166843 40.486207221711844 -1.6173490546399796
Car 0 0 0 95.49609779068057 445.1741140258092 347.1785853486264 600.153726267348 1.4854301335596 1.8698747442382 4.4711003227426 -4.9764446108329645 1.3718626558607916 14.469292992543128 1.5377893728622034
Car 0 2 0 713.2721406454172 420.7566974083751 762.6343563275562 457.8216632657325 1.6880117853414 1.7987689730087 4.2943900138582 5.652192967824824 -0.34340051129768945 56.09918760361872 -1.5988368071738837
Car 0 2 0 229.1373843307383 430.8011878705317 333.79169517144777 491.2288523802594 1.5404738450864 1.9815736149661 4.4711003227426 -10.23618687533814 0.6759619038230458 33.48734992056903 1.5426680465088034
Car 0 0 0 734.9358644344893 424.6663927206732 849.0304971314043 500.7646151648705 1.5597827628666 1.7987689730087 5.0627187646962 3.9949987543872765 0.7078528677578084 27.462470191145314 -1.5894854743945717
Car 0 1 0 -161.8797784043894 441.09415304826905 122.97689801518528 577.232155089748 1.5669346511397 1.8338516455518 4.4711003227426 -9.349011376004475 1.3501181687932324 16.675596815834744 1.5426680465088034
Car 0 0 0 297.41871434544845 431.4735909373497 410.802792758411 502.7976946120933 1.4854301335596 1.9815736149661 4.4711003227426 -6.677477179788456 0.7963312901766837 27.906666014278464 1.5426680465088034
Car 0 2 0 -115.2689525303564 430.6428370064538 86.81667694793055 536.4201808553859 1.9403392224387 1.9815736149661 4.4711003227426 -13.739975409331029 1.3306951333024462 24.30192442125703 1.5426680465088034
Car 1 2 0 1063.8656546271322 381.9718808550888 1542.3632930255692 659.0089066062551 2.357358280475 2.1152743960676 4.6799107367351 6.705424169551898 1.5422724352731292 11.883238164712377 -1.5516065265129386
Car 1 2 0 797.090072740118 449.3259661392192 1288.0279056886704 766.6198848629151 1.6079812673634 1.7752483717839 4.8435923437835 2.8350727666158466 1.6282648992882618 8.978282363823372 -1.6178491768222845
Car 0 2 0 377.8051107235975 424.39926806640864 431.5171376266477 458.8075010354455 1.4854301335596 1.9815736149661 4.4711003227426 -10.747017964147178 -0.296708483801682 54.46796272796314 1.5426680465088034
