Cyclist 0 0 0 1126.9583772078706 427.8074908253241 1191.6188087190862 483.5804411177208 1.5934165717228 0.82906800389051 1.5104752303585 15.899914400819078 0.5925662444887523 33.111193805599385 2.9752786208348896
Car 0 0 0 643.188309386278 398.5856782449804 735.7585860138043 485.0294693969093 2.4504444783515 2.0900948379917 5.8999469982067 1.9093857046008296 0.47257447485709947 34.90577990035971 -1.6173490546399796
Car 0 0 0 240.7520591418697 436.0511653982176 397.3925715133794 538.5315831245824 1.4854301335596 1.8698747442382 4.4711003227426 -5.4166281573690895 1.0980361922755026 20.309034896417135 1.5377893728622034
Car 0 2 0 723.2773819582759 419.8567295183942 780.845968638294 462.3362808544873 1.6880117853414 1.7987689730087 4.2943900138582 5.560619474010492 -0.12588216126231125 49.13754987423287 -1.5988368071738837
Car 0 2 0 271.14452342395555 426.1374214491848 356.8898177127947 476.7984617333532 1.5404738450864 1.9815736149661 4.4711003227426 -10.845454662333617 0.3447864611345983 39.088823820471184 1.5426680465088034
Cyclist 0 0 0 1150.0738793096928 418.88411116589725 1224.4499161929195 484.818021973305 1.8333370513976 0.91250895967218 1.6734385238161 16.222807434227555 0.6033143020864152 32.11374426546449 2.9752786208348896
Cyclist 0 0 0 1113.2763543339422 420.2062340828801 1178.722693120886 479.4867864143884 1.7793151717571 0.82906800389052 1.629096241809 16.35152871780651 0.4815609562823051 34.930383028908 -2.2053624576606765
Car 0 0 0 738.5136792082914 431.94274329847264 888.7847843995706 533.4837406645256 1.5597827628666 1.7987689730087 5.0627187646962 3.4916115758225805 1.0634886156755807 21.58734884515294 -1.5894854743945717
Car 0 1 0 60.88382966933807 433.91152182613473 229.35068653098472 521.4631667307846 1.4854301335596 1.7842880875639 4.4711003227426 -9.852446737265046 0.9795174319573334 23.253839979562013 1.5426680465088034
Cyclist 0 0 0 1206.1807609047078 425.91753733519846 1302.7662868434347 479.81776150415806 1.5714317583408 0.81863788441781 2.4056501739678 18.987030500272752 0.49786044182255806 33.57736399029691 -3.0962884092956964
Car 0 0 0 339.3884529125629 425.9008548406697 429.4148380009548 483.5207777097285 1.4854301335596 1.9815736149661 4.4711003227426 -7.16903605454154 0.46088256651673887 33.565224246948056 1.5426680465088034
Car 0 2 0 71.88001731749569 431.28909124512137 199.7796776028518 497.4426953664286 1.6563756757228 1.9815736149661 4.4711003227426 -14.277201957101362 0.8275509557501886 32.76506644759489 1.5426680465088034
Car 1 2 0 1227.9867597404136 356.2588452764928 2195.915794694777 855.185874065263 2.4873558009398 2.1152743960676 4.6799107367351 6.664130817348156 1.830310297589629 7.940313764428946 -1.5516065265129386
Car 1 2 0 1036.0021590306335 494.69233956864673 7628.838543008256 4225.730115546305 1.6079812673634 1.7752483717839 4.8435923437835 3.092476571540251 1.919686848712347 3.093416145948035 -1.6178491768222845
