Car 0 0 0 221.70098788429985 433.5236275336704 383.2201804905864 547.0143545767482 1.675121288692 1.7581758735103 5.4653735874266 -5.912077162374577 1.2317221057859058 21.119837257679634 1.5426680465088034
Car 0 0 0 435.1965916851825 429.9637141189914 495.3010071361811 476.4329783195443 1.5060318439665 1.8698747442382 4.5619376521131 -5.9790605580541785 0.36820387916957015 42.038152357908885 1.5426680465088034
Car 0 1 0 161.69915051513476 431.0122279561916 269.5568432397892 485.13407555597394 1.5060318439665 1.8698747442382 5.6010456728722 -13.742149047870345 0.547709519677882 37.69841414622771 1.5426680465088034
Car 0 1 0 395.1015275981685 427.3601043349093 442.1298179864373 461.9482119545176 1.5995255811784 1.8698747442382 4.4711003227426 -10.764825236914175 -0.14891652449210088 58.20785428418167 1.5426680465088034
Cyclist 0 0 0 917.0977065637686 434.0501255519697 940.3060673178272 473.025182096871 1.4967726407344 0.43740932407893 1.4899482208794 12.269979379428783 0.3894260206520679 44.94617200290378 -1.5957865658695665
Cyclist 0 0 0 1006.2397956135484 428.8703629532562 1055.4035205863408 477.6583019718576 1.913145331988 0.83322681018756 1.6766806454221 16.639532733751796 0.5747293667417909 45.61610085869513 -2.2325913323990267
Cyclist 0 0 0 1113.2803145935388 428.16100732102734 1178.449970371273 488.0610781020029 1.9176168505552 0.47901010061554 2.0602040155331 17.57623642636448 0.7974541398704077 37.57924232474125 -2.0524442716130067
Car 0 2 0 475.3037087467369 423.83635686524735 512.1552014244702 458.187299410213 1.8072894416493 1.8698747442382 4.4711003227426 -7.626349455248914 -0.36158358191950624 64.85196525079895 1.5426680465088034
Car 0 2 0 326.0223427438496 431.4372618927245 392.5965275656135 474.3170306898994 1.5060318439665 1.8698747442382 4.5619376521131 -10.812006527314868 0.330923666651938 45.51917862598993 1.5426680465088034
Car 0 3 0 233.57041089106627 430.9677487780324 334.109728012853 489.8905732026676 1.5060318439665 1.8698747442382 4.5619376521131 -10.240259485830057 0.6411606325099655 33.723803428622894 1.5426680465088034
