Cyclist 0 0 0 1110.0913188275688 419.0110579965704 1172.9189818118855 480.4009655366067 1.8147244289065 0.82906800389051 1.5104752303585 15.777497228003487 0.513874140140731 33.991496343519444 2.9752786208348896
Car 0 0 0 -717.5217894123456 403.65095028740086 115.36680401556076 816.7737114072681 1.9854833627212 1.8297701196628 5.2559065848507 -5.718424961480145 1.584086343459445 8.152780459533162 1.5426680465088034
Car 0 0 0 646.8970947775455 387.71800752746657 757.7491485591147 500.9200203926428 2.7126643449385 2.0900948379917 5.8999469982067 1.9372224778181564 0.751009135408876 29.82092899904393 -1.6173490546399796
Car 0 0 0 300.3060095810312 428.2627673957318 416.3087152664355 505.2251195790757 1.4854301335596 1.8698747442382 4.4711003227426 -6.070100837333146 0.7720495918275223 25.829248814499522 1.5377893728622034
Car 0 2 0 734.9701220576052 420.4120488695139 802.4933518606769 468.0566697893728 1.6380459805356 1.7987689730087 4.2943900138582 5.485548591777698 0.08252558999478735 42.93372795263267 -1.5988368071738837
Car 0 2 0 293.0988600051062 423.9503434566246 366.4050448001838 466.2454672780044 1.4854301335596 1.9815736149661 4.4711003227426 -11.796374858142933 0.016081592772010184 44.690399303540936 1.5426680465088034
Cyclist 0 1 0 839.7747677038883 421.7155416609779 857.6193369672806 453.3513025578755 1.4845789679381 0.6854820645924 1.4896800149123 10.902219622269524 -0.46576785753580213 54.215965868187986 -1.4484997219348565
Cyclist 0 0 0 1133.1194445640965 418.300148849394 1200.1360716563684 482.22561207366647 1.8333370513976 0.91250895967217 1.5104752303585 16.08193898446421 0.5485217552441629 33.045348676213706 2.9752786208348896
Cyclist 0 0 0 1100.143095629645 419.5886419783239 1156.889406065568 477.548835623803 1.7970198003318 1.1357731653554 1.5104752303585 16.277249670073637 0.4388650476070336 35.94807274749317 -2.5585583283914666
Car 0 0 0 756.426879809676 436.6661235342685 973.4577295168208 585.2471448098199 1.6441614089449 1.7987689730087 5.0627187646962 3.2832179030240844 1.3697629305884154 16.36596251984529 -1.5988368071738837
Car 0 2 0 158.69480416988165 428.0608846011181 285.5503416459217 493.9097662592218 1.4854301335596 1.9815736149661 4.4711003227426 -10.663847795141285 0.6456738401522986 29.804025269538922 1.5426680465088034
Cyclist 0 0 0 1194.799608986908 429.0852596193738 1284.0389304775986 481.5894908329992 1.5714317583408 0.81863788441781 2.2700466284981 19.034722001941233 0.5671553391345888 34.48254199616815 -3.0962884092956964
Car 0 0 0 360.2763976277308 425.1944951228367 435.9897069164772 474.1236517491445 1.4854301335596 1.9815736149661 4.4711003227426 -7.892262937636074 0.25577435531244797 39.05562640782784 1.5426680465088034
