Cyclist 0 0 0 1112.2815245401985 419.076776151796 1175.3100298940474 478.89472956847686 1.7616105431824 0.82906800389051 1.5104752303585 15.798275966659828 0.4669008240848487 33.88487507878006 2.9752786208348896
Car 0 0 0 -907.1425702845278 404.17767725809273 85.23017715241178 877.9221500817016 1.9854833627212 1.8297701196628 5.2559065848507 -5.674302387420467 1.6254097224490796 7.457700120734848 1.5426680465088034
Car 0 0 0 649.4007191786413 391.1341066407212 759.1244420511009 498.6591404269428 2.6143318949684 2.0900948379917 5.8999469982067 2.018607171135157 0.7095441051676261 30.218746171141458 -1.6173490546399796
Car 0 0 0 294.6771831090001 429.1147656609552 414.7553035570281 508.7272306630388 1.4854301335596 1.8698747442382 4.4711003227426 -5.970044078819569 0.8153906056585642 25.093723653526304 1.5377893728622034
Car 0 2 0 732.2158352991797 419.8763041596501 797.8520014953654 468.9805674813207 1.7379775901472 1.7987689730087 4.2943900138582 5.4709297798594445 0.12266371851788127 43.936563414629305 -1.5988368071738837
Car 0 2 0 290.23393936351505 424.3829491716048 364.9943681437021 467.4707747230832 1.4854301335596 1.9815736149661 4.4711003227426 -11.683828578601643 0.05930010299363245 43.955407701701816 1.5426680465088034
Cyclist 0 1 0 839.7682128679327 423.2372584492025 857.6110792957726 454.9082619518751 1.4845789679381 0.6854820645924 1.4896800149123 10.902763296646139 -0.3907685010584611 54.22045917683874 -1.4484997219348565
Cyclist 0 0 0 1134.4424156136054 418.3968890769234 1202.3525812343703 474.4081938953509 1.5925296847259 0.94379931809029 1.5104752303585 16.05727803928039 0.3171918326902548 32.8828289298191 2.9752786208348896
Cyclist 0 0 0 1104.0693959387822 419.9045675066777 1160.0328609889418 477.6762423371808 1.7881674860445 0.82906800389052 1.5104752303585 16.246896115779364 0.4487771992887347 35.63827293044186 -2.5585583283914666
Car 0 0 0 753.0936588934322 430.7844828307378 955.2607735453988 567.9072414188713 1.6160351935854 1.7987689730087 5.0627187646962 3.2855494226265054 1.2220455680491538 17.065650187703792 -1.5894854743945717
Car 0 2 0 149.52135236863353 428.8312972029314 280.8428298372152 496.6936227763836 1.4854301335596 1.9815736149661 4.4711003227426 -10.56255049973988 0.6907945534073274 29.038644478778952 1.5426680465088034
Cyclist 0 0 0 1194.0061569164732 432.7232948225096 1288.1246061679076 485.5791045950124 1.5714317583408 0.81863788441781 2.4056501739678 18.996149634965416 0.6858193548070203 34.322861774030265 -3.0962884092956964
Car 0 0 0 356.4407668914115 425.7043018760053 433.9166955070102 475.6597987123894 1.4854301335596 1.9815736149661 4.4711003227426 -7.847221850561781 0.2979579756233667 38.34607637067314 1.5426680465088034
