Cyclist 0 0 0 1119.0993781451618 427.4794743395728 1182.9063683563272 482.62616553474027 1.5934165717228 0.82906800389051 1.5104752303585 15.825516344179622 0.5713183533364325 33.47485101614738 2.9752786208348896
Car 0 0 0 643.75129091864 398.7194242706108 741.2117992601629 489.6849897130649 2.4504444783515 2.0900948379917 5.8999469982067 1.9021140284045708 0.5670685778673639 33.32942861369998 -1.6173490546399796
Car 0 0 0 263.1314466385456 433.4104530645873 405.07167597390406 526.9077238287707 1.4854301335596 1.8698747442382 4.4711003227426 -5.57841131803616 1.0030829477004077 21.913504894416842 1.5377893728622034
Car 0 2 0 729.195316742608 420.0180499036182 789.5204149995877 464.1450506997421 1.6880117853414 1.7987689730087 4.2943900138582 5.6703889826016525 -0.05265384922622371 47.40068363017035 -1.5988368071738837
Car 0 2 0 282.48055993099825 424.9224052032818 363.5123159646053 473.13782906607634 1.5404738450864 1.9815736149661 4.4711003227426 -11.011916235757381 0.24093751536564745 40.842340868265914 1.5426680465088034
Cyclist 0 0 0 1146.3354970968592 418.73772603660666 1215.0305778448517 484.01073267212337 1.8333370513976 0.91250895967218 1.5104752303585 16.167778759819516 0.5875982560377359 32.38272406331529 2.9752786208348896
Cyclist 0 0 0 1113.9141256957405 420.046078247958 1179.0019806543412 478.97553619888856 1.7793151717571 0.82906800389052 1.629096241809 16.459045750629876 0.4689065366808187 35.12859279386355 -2.2053624576606765
Car 0 0 0 744.1766119120352 434.7128096052832 910.7221550521288 546.9662523813761 1.5597827628666 1.7987689730087 5.0627187646962 3.432755413838838 1.1651737815604328 19.89721077958702 -1.5894854743945717
Car 0 1 0 100.1940100234276 431.3180013155333 250.4410646306509 511.1624201475641 1.4854301335596 1.7842880875639 4.4711003227426 -10.001508241783869 0.8680344541385574 25.132673738428444 1.5426680465088034
Cyclist 0 0 0 1201.7195921072043 436.55623788004175 1297.389686124184 490.2390020143064 1.5714317583408 0.81863788441781 2.4056501739678 18.99201750021722 0.8162130719107655 33.850052881140314 -3.0962884092956964
Car 0 0 0 347.77272304476827 424.5803358594366 432.7318173107665 479.0865384864732 1.4854301335596 1.9815736149661 4.4711003227426 -7.352757948563006 0.36168915113951744 35.24312279331284 1.5426680465088034
Car 0 2 0 105.67636011395018 429.1921159206755 221.57273401070472 483.0228871958248 1.4328206595857 1.9815736149661 4.4711003227426 -14.38566489474631 0.47310375169929875 34.956164528451 1.5426680465088034
