Cyclist 0 0 0 1099.1745339203133 420.3875787736228 1162.4623228514945 472.2118788045338 1.5934165717228 0.82906800389051 1.6344076303814 16.135520698282612 0.2796572894138248 35.48915494842257 2.9752786208348896
Car 0 0 0 131.5748873875276 407.14495246513417 332.70601185821954 547.8963798049974 2.0009094010134 1.8165918008626 5.2559065848507 -6.4502726068007386 1.096442991566456 19.002604092246862 1.5426680465088034
Car 0 0 0 676.3575575071748 379.4600459691953 842.2745342118579 536.0351476366021 2.6471093782917 2.0900948379917 5.8999469982067 2.4358713169792936 1.0729945237293346 21.930201523186472 -1.6173490546399796
Car 0 0 0 358.12884725987806 421.496996530377 437.6708967901235 474.9410636648432 1.4854301335596 1.8698747442382 4.4711003227426 -7.192346225641534 0.24362150123002924 35.61532824920342 1.5426680465088034
Car 0 0 0 -127.37428490491824 416.073890655714 79.00082827027154 511.544060674301 1.7973393395026 1.8698747442382 4.9275428508388 -14.134146395269775 0.8297685723873267 24.641559283230695 1.5426680465088034
Car 0 2 0 773.7263726799266 422.5494092317521 870.3160350306293 489.5823456576669 1.7027866936768 1.7987689730087 4.2943900138582 5.640268853011161 0.6103386133110408 32.36033091969069 -1.5988368071738837
Car 0 2 0 331.97066736764754 418.0634204130101 388.4321042686601 451.2740554194176 1.4854301335596 1.9815736149661 4.4711003227426 -13.16780172375319 -0.6607062751896231 55.49302938065984 1.5426680465088034
Cyclist 0 1 0 888.7246779113273 421.5621514911798 911.5828909596764 458.5334174584326 1.4845789679381 0.6854820645924 1.5641640156579 11.519370493004677 -0.19383325701894288 46.57938644038614 -1.4484997219348565
Cyclist 0 0 0 1131.7858586530265 427.8409072009815 1195.78007838541 480.5320428617906 1.5714317583408 0.81863788441781 1.5890468182755 16.742414554610423 0.5269573695977214 34.57080793138235 2.9752786208348896
Cyclist 0 0 0 1063.4188998237933 421.1457936664589 1121.6573674408044 469.8782750084002 1.5934165717228 0.71273156333491 1.6609645732434 15.634661851817638 0.23296919021423018 37.217196674491035 -2.9121657195312967
Car 1 2 0 898.7759318414046 457.0384995890126 1549.6443702253157 816.5511688744599 1.4881485661182 1.7987689730087 4.5806826814487 3.5024612733966487 1.5856032182773732 7.76041639671493 -1.5988368071738837
Car 0 2 0 266.04350794800126 421.17774896519023 347.3469083817573 466.4552988968217 1.4854301335596 1.9815736149661 4.4711003227426 -11.83503809915675 0.011983348525129445 41.62251353353335 1.5426680465088034
Cyclist 0 0 0 1186.055272980059 434.79913074529486 1273.70525810183 485.3760773312024 1.5714317583408 0.81863788441781 2.410826548752 19.644510793843057 0.7094418574054459 36.13718886825506 3.0982053912717897
Car 0 0 0 392.0870737558458 421.3820807070175 450.6204845243834 459.812756472525 1.4854301335596 1.9815736149661 4.4711003227426 -8.856541180823884 -0.23763728275908533 48.65406345216639 1.5426680465088034
