Car 0 0 0 233.08447590450453 409.7448123209884 373.20459714801945 509.9352290060348 1.8841114769056 1.8165918008626 5.2559065848507 -6.896475765752511 0.7731540065106337 24.452712379502547 1.5426680465088034
Car 0 0 0 705.4244433444073 375.6734817391357 912.1678592624252 569.5544951263355 2.6798868616151 2.0900948379917 5.8999469982067 2.7789747262796 1.310754463716758 18.468255193355766 -1.5988368071738837
Car 0 0 0 384.5877755439106 421.79340867262295 452.1150798161905 468.4008360276978 1.4854301335596 1.8698747442382 4.4711003227426 -7.465824915794103 0.07532672487635625 40.53280578540708 1.5426680465088034
Car 0 0 0 69.20923848820587 417.6635355495206 195.3914116346732 479.758684559566 1.6591839324697 2.0360858326149 4.4711003227426 -14.85742574298497 0.3588683846338646 33.83421390806266 1.5426680465088034
Car 0 2 0 814.8717914407338 426.7805363244616 938.5591309751428 504.9255119494655 1.6224790058937 1.7987689730087 4.2943900138582 6.028583409434856 0.8265462674114965 27.16203489174579 -1.5988368071738837
Car 0 2 0 358.4770895665275 420.7804878692352 405.6785025250357 450.78298795530327 1.4854301335596 1.8698747442382 4.4711003227426 -13.411203651971418 -0.7452354982841997 61.54934807237921 1.5426680465088034
Cyclist 0 1 0 935.4223749698792 418.6492696657269 955.8215174161874 465.9656364440444 1.7649994396597 0.5278236904879 1.1250950247956 12.279505242747065 0.11313109603281227 42.60500627619022 -1.4484997219348565
Cyclist 0 0 0 1098.8082877018614 421.8186744230052 1159.8568731818652 479.9381787749607 1.8553115948713 0.82906800389051 1.625555316094 16.650935129880917 0.5427954659697085 36.7345023996839 2.9752786208348896
Cyclist 0 0 0 1149.215741866146 420.5961616936988 1208.3665289447565 478.391127749467 1.7896861692215 0.74562704810887 1.5192054067937 17.694218077083878 0.4790943056220952 35.54650724332965 2.9752786208348896
Cyclist 0 0 0 1048.201057577633 418.8890218145477 1104.062994771197 475.2451987673144 1.8963038191981 0.64927532303183 1.6521122589561 15.458179284173566 0.4236367355847639 38.138403261285745 -2.9121657195312967
Cyclist 0 0 0 1198.4753515452444 430.82656335240665 1288.8872815422535 479.92235047833975 1.5714317583408 0.81863788441781 2.5849417994952 20.675809786481825 0.5500842920600214 37.183753050634074 3.0982053912717897
Car 1 2 0 1086.5038225018209 482.58216439836826 4353.59317768218 2049.228895836088 1.5481075318852 1.7987689730087 4.9107145065879 3.65819547781975 1.8168304801140884 3.882085327594095 -1.5988368071738837
