Car 0 0 0 -9.870892697314844 436.9998642527734 300.67892209498234 619.5644624334216 1.6545704655237 1.8281934901866 5.5379246214467 -5.715108315601151 1.4432148400504705 14.21752572576577 1.5426680465088034
Car 0 0 0 403.3109537697716 433.7845344295242 476.29078860705215 483.83500942799 1.3571000163293 1.8698747442382 4.5619376521131 -5.961544146968404 0.5193278166152067 36.243108697545786 1.5426680465088034
Car 0 2 0 46.07534807855495 434.2972363967514 188.06492530152508 503.0075851103627 1.5060318439665 1.8698747442382 4.5619376521131 -13.30909954150497 0.8553273591176859 29.4735630427987 1.5426680465088034
Car 0 0 0 370.5558719342273 429.51884429360393 423.8895890374582 465.6862077985666 1.5060318439665 1.8698747442382 4.4711003227426 -10.843962961467682 0.02292930306341248 53.1631256760977 1.5426680465088034
Cyclist 0 0 0 895.480815473569 434.0642945332857 917.0523820505416 472.10726885479255 1.5216051110824 0.43740932407893 1.4899482208794 11.820825780829615 0.36923198717744365 46.75394687743302 -1.5957865658695665
Cyclist 0 0 0 1007.7030514110546 428.507907258382 1058.8599771391494 477.6039218846907 1.8945155470389 1.2242466583424 1.6766806454221 16.578477033251783 0.5593782753799492 45.196015978305574 -1.7415143333840266
Cyclist 0 0 0 1063.5476281953845 426.09557064004514 1123.127483939579 485.8115433537219 2.0107657753009 0.53028421771679 2.000637353665 16.546379346013605 0.7618493785087039 39.341314967921896 -2.0524442716130067
Car 0 1 0 467.5244936169928 419.2451743849705 506.8855117174989 458.64968079224496 1.9942769160731 1.8698747442382 4.4711003227426 -7.596273851630502 -0.32544131302487483 61.579320017135835 1.5426680465088034
Car 0 0 0 290.7693749041764 431.5822480738161 368.679751353149 480.26896291133767 1.5205313367807 1.8698747442382 4.5619376521131 -10.732189078932787 0.4836562687486362 40.712277377265714 1.5426680465088034
Car 0 3 0 144.6384501778454 434.23039627078384 282.52331706543106 509.7461163626338 1.5060318439665 1.8698747442382 4.5619376521131 -9.847533634588979 0.914855062378479 27.02346709008415 1.5426680465088034
