Cyclist 0 0 0 1105.0876290292051 418.6633677174939 1166.8986510848176 478.5658598998612 1.7970198003318 0.82906800389051 1.5104752303585 15.837563119064685 0.46598195516594887 34.48756105508069 2.9752786208348896
Car 0 0 0 -216.2892988445925 405.2609693241602 223.69481506399077 670.5778997265365 2.073081805802 1.8297701196628 5.2559065848507 -5.909574946887807 1.510789815734139 11.60296156256186 1.5426680465088034
Car 0 0 0 650.7355656272542 386.8509523973088 774.5054093462289 509.3390341996163 2.6471093782917 2.0900948379917 5.8999469982067 1.98878518971809 0.8423767590387781 27.193454512373663 -1.6173490546399796
Car 0 0 0 323.1101852672015 428.0910056803447 423.8132694431889 495.7763497964004 1.4854301335596 1.8698747442382 4.4711003227426 -6.463126142348713 0.669320344274415 29.044218185160087 1.5377893728622034
Car 0 2 0 736.340150422217 428.3695415457113 810.1572427498683 473.9846243119046 1.392636303787 1.7987689730087 4.2943900138582 5.199143324566554 0.26341749484780014 39.52164910231161 -1.5988368071738837
Car 0 2 0 309.103861826204 422.1391037941272 376.12167336017217 461.2077715287063 1.4854301335596 1.9815736149661 4.4711003227426 -12.12404464718127 -0.17886255764414224 47.983921011283556 1.5426680465088034
Cyclist 0 1 0 849.2693890158373 422.3624590883152 868.2650705846191 457.8263779661937 1.5921669690151 0.6854820645924 1.4896800149123 10.891751810075743 -0.2410107994603139 51.834145818930125 -1.4484997219348565
Cyclist 0 0 0 1127.796546493484 420.0191078176736 1193.7519244565287 483.37912395021806 1.8420672278328 0.91250895967217 1.5104752303585 16.135773795632293 0.5912911700598437 33.51739525034808 2.9752786208348896
Cyclist 0 0 0 1084.3132721326997 427.3249224850969 1142.7203016364224 478.5311018727865 1.5934165717228 0.94540444444617 1.5104752303585 15.975960607210157 0.47759860696164214 36.37419277526129 -2.3947197698362266
Car 1 1 0 788.8815503028502 440.1731060006571 1062.0253263196112 630.963751111187 1.7105299783706 1.7987689730087 4.5224164651206 3.339543238148718 1.5434001498564252 13.40099017411088 -1.5988368071738837
Car 0 2 0 201.159065755576 425.9665338673858 309.2192569402485 483.6202319341801 1.4854301335596 1.9815736149661 4.4711003227426 -11.046287364088101 0.46342770910681674 33.552016538545026 1.5426680465088034
Cyclist 0 0 0 1192.7069197230967 427.817434760397 1280.824183273803 484.4546873961776 1.7227682002407 0.81863788441781 2.2700466284981 19.20601674634457 0.6644657025388502 34.946411317580235 -3.0962884092956964
Car 0 0 0 367.45754596879743 423.286365175715 437.3409246292464 468.343366548196 1.4854301335596 1.9815736149661 4.4711003227426 -8.344324767761853 0.08114266357974509 42.02515740006444 1.5426680465088034
