Car 0 0 0 253.42705243955947 408.5245714538596 381.9591085937879 506.192101641589 1.9813806656633 1.8165918008626 5.2559065848507 -7.033977278003431 0.7634772825705733 26.05679815948875 1.5426680465088034
Car 0 0 0 715.1828204620989 373.74124436412654 948.2752324237211 583.914741507986 2.6558500405113 2.0900948379917 6.1621668647937 2.8870669738626678 1.3574976793328697 17.273034380692916 -1.5988368071738837
Car 0 0 0 390.5469443714208 423.4933865926883 455.340816113805 468.6725928512647 1.4854301335596 1.8698747442382 4.4711003227426 -7.552186982746496 0.09287830603956326 41.910557014289175 1.5426680465088034
Car 0 0 0 100.5169095978157 416.6505219953225 219.31487602713835 479.40575702136414 1.8082206098945 2.0360858326149 4.9430498012543 -15.109165855721685 0.37215625855756673 36.457955561636986 1.5426680465088034
Car 0 2 0 840.3145919681012 430.5719576338876 980.0144254825684 511.2294440316412 1.5119249152831 1.7987689730087 4.2943900138582 6.292309456553005 0.8754299138063388 25.064464035069367 -1.5988368071738837
Cyclist 0 0 0 1105.2770814724588 421.54793996062233 1164.7318092236756 478.46711250784927 1.8324290574812 0.82906800389051 1.5812937446573 16.974863621082484 0.49974576517132696 37.03122987132028 2.9752786208348896
Cyclist 0 0 0 1158.9057754487833 421.5194717226907 1217.798988170944 479.98196985205954 1.8158766985271 0.74562704810887 1.5104752303585 18.054997863362022 0.5311470192251807 35.65590860178267 2.9752786208348896
Cyclist 0 1 0 1045.4510103638702 418.43745371524864 1101.7840868378123 477.3692484554821 1.9760332670315 0.95598048449666 1.6344076303814 15.580145177847772 0.47326363091961043 38.628518246721114 -2.5364480397042364
Cyclist 1 1 0 1194.3079693900572 435.48479464046267 1279.0923170476945 484.3278491559735 1.5714317583408 0.81863788441781 2.410826548752 20.57031184708115 0.7014117261528313 37.41499227490488 3.0982053912717897
Car 1 2 0 1194.6394490887865 500.1112345206469 16207.76932006508 7531.357108720039 1.5481075318852 1.7987689730087 4.9107145065879 3.725388485552971 1.879849014413923 2.822092809557001 -1.5988368071738837
