Cyclist 0 0 0 1137.2468178432891 427.9262195375258 1202.4543815682198 484.0119599594941 1.5934165717228 0.82906800389051 1.5104752303585 16.126332717015835 0.6016735070434336 32.93178577891366 2.9752786208348896
Car 0 0 0 639.0043593190076 398.4950044638233 726.7437821781583 481.0387302916238 2.4504444783515 2.0900948379917 5.8999469982067 1.7863295886984807 0.3835936108320366 36.40587716013168 -1.6173490546399796
Car 0 0 0 207.101760268671 435.54326855511687 384.51627503492114 548.98167020702 1.4854301335596 1.8698747442382 4.4711003227426 -5.297039621865311 1.1298089961639566 18.548278483106582 1.5377893728622034
Car 0 2 0 717.6005448534518 419.0566152879924 772.5782542975755 459.9115929323021 1.6880117853414 1.7987689730087 4.2943900138582 5.447619710148916 -0.23186163345760616 50.92015952773649 -1.5988368071738837
Car 0 2 0 265.6658238289143 427.0144683590771 354.618426617578 479.5000338312253 1.5404738450864 1.9815736149661 4.4711003227426 -10.63664660219614 0.4154224597669971 37.884550864821726 1.5426680465088034
Cyclist 0 0 0 1154.4941312894089 418.91221005123816 1237.2097380006774 485.3476987996175 1.8333370513976 0.91250895967218 1.9280686698435 16.386267988681624 0.6119491271001732 31.94983950910447 2.9752786208348896
Cyclist 0 0 0 1124.7692725357488 420.3579234244936 1191.0714222000497 480.1626821810717 1.7793151717571 0.82906800389052 1.629096241809 16.584703507789516 0.4974886886522103 34.63631486154923 -2.2053624576606765
Car 0 0 0 729.085236095196 429.8068767601107 865.996052829565 523.3298963740104 1.5597827628666 1.7987689730087 5.0627187646962 3.42983033619446 0.9731707159718421 23.102348950883567 -1.5894854743945717
Car 0 1 0 14.772368760788709 435.8091461861302 207.28699404845543 531.9659853602652 1.4854301335596 1.8338516455518 4.4711003227426 -9.71475834329886 1.0653807350611357 21.472493983249855 1.5426680465088034
Car 0 0 0 330.1952304945643 427.2866077552949 425.69143121107 488.2317345780609 1.4854301335596 1.9815736149661 4.4711003227426 -7.001013091184332 0.5557834289641606 31.9608735817934 1.5426680465088034
Car 0 2 0 31.67006459042 430.0546529348415 174.55337871003258 505.82020076020217 1.7664630987765 1.9815736149661 4.4711003227426 -14.129543198357311 0.9658420454867749 30.438939691817172 1.5426680465088034
Car 1 2 0 1169.6797066447657 362.6754778184006 1937.3564036900395 781.6950863941869 2.4873558009398 2.1152743960676 4.6799107367351 6.647113130600767 1.7666913440929264 9.00425703507126 -1.5516065265129386
Car 1 2 0 941.3868509889134 486.0229544740694 2971.317735020659 1681.6502404877142 1.6079812673634 1.7752483717839 4.8435923437835 2.9890546559211915 1.9041246501900897 4.355188245222429 -1.6178491768222845
Car 0 2 0 382.1172240977443 426.2602577308148 431.68595779930433 458.1752130912167 1.4854301335596 1.9815736149661 4.4711003227426 -11.494387859206395 -0.34164754120670193 58.806093653566826 1.5426680465088034
