Car 0 0 0 42.56675107037756 431.9229538188322 318.9605391440208 605.3156451039496 1.7468692092145 1.8281934901866 5.5379246214467 -5.719294582689523 1.4300402582708867 15.249559378973304 1.5426680465088034
Car 0 0 0 415.073283049772 432.718970522488 484.6764622016696 481.09930522216274 1.3571000163293 1.8698747442382 4.5619376521131 -5.805618855282784 0.4541049367613703 37.31289812854403 1.5426680465088034
Car 0 1 0 69.86324413014302 432.7613521376112 202.7527978687788 498.0217606893201 1.5060318439665 1.8698747442382 4.5619376521131 -13.393352513481274 0.7764195082911419 30.80083339259555 1.5426680465088034
Car 0 0 0 376.75183147075074 428.99906994125655 428.7791661035087 464.5359198406136 1.5060318439665 1.8698747442382 4.4711003227426 -10.74788109557941 -0.02792176812718336 54.00027151824807 1.5426680465088034
Cyclist 0 0 0 900.0712883960606 432.6199834655087 921.8721558165072 469.7611179713674 1.4802176605024 0.43740932407893 1.4899482208794 11.973733937281445 0.27082128997500854 46.578673204924506 -1.5957865658695665
Cyclist 0 0 0 1007.2594396552932 428.47828675813753 1057.3465575300083 478.2873993444956 1.9317751169371 0.96374247154784 1.6766806454221 16.585737927818883 0.5896333732254057 45.31318276869905 -2.0206950022451466
Cyclist 0 0 0 1072.5727266090214 426.314656113448 1133.143335746783 489.0020061790202 2.0941508758762 0.53028421771679 2.0024374483362 16.738988289833998 0.8639012208326425 39.008969602345154 -2.0524442716130067
Car 0 1 0 470.0051674188032 424.1296840119054 508.7447924747897 459.63161369199344 1.7865130556022 1.8698747442382 4.4711003227426 -7.555531118639715 -0.27439117339675134 62.21049369518959 1.5426680465088034
Car 0 2 0 296.067110661731 430.9452924866277 371.95514181278617 475.7160805464399 1.4191549445115 1.8698747442382 4.5619376521131 -10.782708474411493 0.3358366070467323 41.490510931490974 1.5426680465088034
Car 0 3 0 162.96447711710522 432.8850054284332 293.1701860424663 505.04682784929 1.5060318439665 1.8698747442382 4.5619376521131 -9.883747834104703 0.8514675574983374 28.08586988794437 1.5426680465088034
