Car 0 0 0 643.7462292315229 402.8571319065879 685.4817549195081 445.8434952518277 2.6954889261866 2.0900948379917 5.8999469982067 2.583952791286167 -1.2251194309277111 74.06496079179247 -1.6173490546399796
Car 0 2 0 157.71095886063358 434.1151225897094 304.41135165853444 518.0178343989292 1.5845088143079 1.9815736149661 4.4711003227426 -8.880616945399971 1.0271450441314487 25.518224466176854 1.5426680465088034
Car 1 2 0 686.1350501830773 423.58991645892456 763.0726042205014 476.38105359163416 1.6079812673634 1.8541482994187 5.2810528558363 3.4612481240338506 0.3086903232284417 39.61727456450919 -1.6178491768222845
Car 1 2 0 824.471023919338 402.9510968225924 926.5884628096612 486.3870545507311 2.4353567927539 2.1152743960676 4.6799107367351 7.867171662559091 0.5758335353664188 35.418610309295254 -1.5516065265129386
Car 0 0 0 209.7253242234491 429.42118855576666 403.4195101998346 557.7956988869115 1.7357235676293 1.9970006557484 4.2258203566546 -5.061963867967018 1.2670218198796175 18.375975557731778 1.5915060789419897
Car 0 2 0 507.2011936390375 415.255098489411 556.2777625169354 458.85168982799377 2.0195379964971 1.9330452815384 4.4711003227426 -4.654163168661487 -0.2953840532329908 56.03885017178607 1.63890830947639
Car 0 2 0 399.320856307893 427.4869714644159 491.5764068113535 494.1797362454174 1.6330371477356 1.9815736149661 4.4711003227426 -5.0422504014116445 0.7134116363592928 31.825027491782013 1.5840725198540895
Cyclist 0 0 0 1247.2944885308352 427.73126780710544 1333.531519938066 496.1622938421641 1.7474829931973 0.98560669263457 1.6580161660979 17.680385443992073 0.8538474013428647 29.587065133307537 3.1193305693134894
Cyclist 0 0 0 1214.1000591907125 422.0448363564384 1314.8607983575082 497.645445085147 2.0039081528723 0.81291747121322 2.2705362726386 17.4999214490674 0.9251845311575817 30.47582891563929 3.1193305693134894
Car 1 2 0 923.9646924538052 436.8417930301533 1112.6354093867646 552.8491516564538 1.6325360713015 1.6692701033957 4.4464426585348 6.7164955872572865 1.2763813295030502 19.546344117357282 -1.5484924230753805
Car 0 2 0 343.9174766514131 424.9082552501688 424.50196105724064 471.4431700665453 1.4764177287802 1.9087811148245 4.2794817374822 -8.667929174711283 0.18865670848705768 40.37065117986354 1.62184101445229
Car 1 2 0 833.8476835929615 448.9262956440198 1224.2066208003132 713.1713515655216 1.6109412264756 1.8129765134554 4.144826828618 3.1622080675138817 1.6003429001073761 9.742049074111929 -1.5549012626397778
