Car 0 0 0 1447.466780191396 -8935.271244663572 29183.484345637436 623.4627168775072 1.9410827435262 1.8119967476622 5.1974958291069 -4.9331669121059925 2.0398406096301605 -2.850617701501522 1.6446801318243898
Car 0 1 0 679.2765621119645 419.03091106897296 714.8475222828719 445.683896621744 1.4182449495476 1.7467171677429 4.050359908727 4.193397107287316 -1.0610204913666097 65.24289957173119 -1.5549012626397778
Truck 0 1 0 205.83663399997076 385.3876989916737 346.54858384619763 478.2897611017812 2.9419225019798 2.3418939796731 6.239833661579 -11.854665350216827 0.32818830680952277 38.460735697766246 1.6978213383835898
Car 0 1 0 389.5880572250789 418.2577242190149 507.0787778734369 503.5764577241473 1.7788366186763 1.9641997974654 4.8740819489041 -4.1635635523355505 0.7690629979605325 27.05316639970943 1.6253662848034898
Car 0 0 0 700.8854995191875 427.5512285604391 759.7029779193468 469.67174853346194 1.4301642238873 1.8229455664901 4.2437745045868 4.05521627024301 0.14838042420230058 43.41041819350495 -1.5531514514839055
Car 0 0 0 -192.76398601619064 453.0022993558432 287.6236197260926 726.4507603793202 1.507246501255 1.6158813954847 4.2794817374822 -4.276551904496267 1.5462171189873775 9.175825186002156 1.62184101445229
Car 0 2 0 819.1864612690119 417.7282182333575 884.5155223823405 459.5007452052986 1.6488750742679 1.8646709600747 4.2152156627958 9.849855059538825 -0.24159451251283037 48.582181240003955 -1.5682195086873494
Car 0 0 0 776.7215035147354 415.5192331146475 842.8137599662931 478.1236353417006 1.8310376288791 1.6813674848283 4.144966249355 5.924224909806609 0.3642494674116587 36.044884797160144 -1.4766668880626046
Car 0 2 0 -161.20990607564454 440.67300430438655 134.27807996670003 577.1951234152161 1.5825597926195 1.803603379926 4.2794817374822 -9.166018356793403 1.3565697226308908 16.49548766678926 1.62184101445229
Car 0 1 0 498.9960337825791 429.0271711316332 555.932382219168 467.912897222256 1.3489004295761 1.8327663537688 4.2270799202885 -3.8630093303871553 0.09127377796894467 44.60836383162493 1.62184101445229
Car 1 2 0 948.307621648445 431.3517303939916 1079.8048787243868 519.6972049974536 1.6708977521091 1.6756299522763 4.0328540367383 8.522977230410088 1.0567039014415958 24.726589230512552 -1.4828415388449736
Truck 1 2 0 1094.3954705641006 145.44009134856822 2407.76841900456 809.5437968052248 3.5205037091742 2.8937015045598 10.625817919727 8.178353987356138 1.555379195750419 11.361470607349835 -1.4712448431193286
Car 1 2 0 819.4099146404499 446.4705869223946 1085.615386129754 614.5799150827992 1.497425414327 1.812715073283 4.2084975473741 3.6838424891540384 1.4116849526848743 13.38254611642093 -1.571763501319051
Car 0 2 0 546.9792794130145 426.8904464884669 586.3356794777617 456.5262127084756 1.525527572513 1.9674185756784 4.537640894024 -3.363187383864857 -0.4541127025249139 64.71682951928528 1.62184101445229
