Car 0 0 0 699.6698637461342 420.4340549692319 747.2047016724114 457.1473256766791 1.7644667110073 1.807854974531 4.2678999001016 5.168006663742902 -0.38827117635696495 58.87814137098252 -1.6178491768222845
Car 0 1 0 776.5674295250133 407.1271183174729 837.4512968859092 473.68501940661554 2.8461930543392 1.9987184599578 4.3153737284047 8.235271303527178 0.370558451755977 50.69141741047195 -1.5516065265129386
Car 0 1 0 477.16400774710513 412.55771067260616 550.319424585788 471.1211871488744 1.91561925696 1.9685501948728 4.8543374932634 -3.963195907552665 0.1593937527743821 40.41202254131408 1.6446801318243898
Car 0 0 0 171.35453091325394 436.5463986654272 389.2266507461951 567.6722071502247 1.5365068226332 1.7115925074729 4.0331149850045 -4.856813949104079 1.2397361345690534 16.334042612030302 1.6628611869793897
Cyclist 0 0 0 1246.8403511510844 421.3302367603401 1325.0126234827756 480.4111470744057 1.5122448979592 0.72312228027552 1.6108846196514 17.46245348765391 0.44895893779320906 29.404651768580564 3.1193305693134894
Car 0 1 0 814.0287190627275 430.61240159303856 918.2094336209818 489.0964877514454 1.5155117365559 1.8256989968834 4.2572323326397 7.236639592005735 0.6318480800007432 33.818599942167005 -1.6469813529823565
Car 0 2 0 168.80558310553613 430.7674922966807 317.5874999131131 508.8857300557342 1.4764177287802 1.803603379926 4.2794817374822 -8.506370206626594 0.839558640220563 25.208088612205746 1.62184101445229
Car 0 0 0 728.5541569491485 430.7218535945449 846.7451665581297 524.0174997036709 1.6437131605607 1.7574772324312 4.6808404605571 3.3602546884154396 1.0512354701698068 23.829195235535593 -1.5549012626397778
Truck 0 2 0 421.0984764473167 399.7150397753473 473.90706267340727 442.85545472032055 2.6824442705082 2.3418939796731 6.0544920676707 -11.614950038830328 -1.4031164473739555 73.1802363246284 1.6276684430233894
Car 0 2 0 354.1504751333471 426.7848095758691 434.7871787519688 476.1086254105968 1.4764177287802 1.803603379926 4.2794817374822 -7.875537831915825 0.32416347122953315 38.350602383551234 1.62184101445229
Car 0 2 0 427.4908046993714 424.4555222668296 478.720454967523 457.8245708236708 1.4764177287802 1.803603379926 4.2794817374822 -8.521083395108715 -0.33760064728919403 55.38318494642805 1.62184101445229
Car 0 2 0 543.8201392856562 417.5550484517715 578.7542638856968 450.88996564819104 1.8772184798749 1.803603379926 4.2794817374822 -3.8657371947272186 -0.7966698627965857 67.93555624291739 1.62184101445229
Car 0 2 0 252.03924224804047 430.1068659288828 339.9472878714524 473.4590003502029 1.3328656230309 1.803603379926 4.2794817374822 -11.75156204039755 0.2544496763230023 39.9832026419956 1.62184101445229
Car 1 2 0 969.1897368537608 461.85593971974106 2000.581530732607 1001.0088145456798 1.5832188530668 1.8938378940758 5.1356713391209 3.792656280902955 1.7396454594766597 6.494825303847785 -1.5531514514839055
