Car 0 0 0 636.739786059626 400.28361138015424 694.7404171471385 455.19965041383705 2.4504444783515 2.0900948379917 5.8999469982067 1.8831617472311237 -0.49851045382798254 53.39406042401502 -1.6173490546399796
Car 0 2 0 -0.449472106525377 435.6653137230261 206.97849200296503 540.8626289635816 1.5901527375614 1.9815736149661 4.4711003227426 -9.596905234931565 1.180321276763388 20.9417124853939 1.5426680465088034
Car 0 0 0 722.5215615635902 419.354612550658 794.3878643001136 467.2974607166069 1.5597827628666 1.7987689730087 5.2314760568527 4.91999440192925 0.019124163608398997 41.687081254925594 -1.5894854743945717
Car 0 0 0 25.144096197423774 441.4037592153114 309.5932826796351 588.2452137000537 1.5514825873918 2.0145998418822 4.4711003227426 -6.0519086158711 1.3620905593953954 15.442350945858289 1.6170225214577894
Car 0 2 0 340.9954502841236 424.3632016259664 412.61374603886617 471.49764230589545 1.5845088143079 1.9815736149661 4.4711003227426 -9.462398550825501 0.1998479110998268 42.71082259806155 1.5426680465088034
Car 1 2 0 699.478735168151 428.741442088612 860.8530640891622 541.8655910034438 1.6079812673634 1.7752483717839 5.2810528558363 2.6261574377092693 1.088285086176917 20.160462299961978 -1.6178491768222845
Car 1 2 0 915.7801322393816 388.2689254288994 1127.6426345582406 534.5196910130919 2.357358280475 2.1152743960676 4.6799107367351 7.04068186038213 1.0294656835453948 20.402093803646846 -1.5516065265129386
Car 0 0 0 405.9278199787107 422.02945492513214 487.4749951755294 478.83060490896975 1.6209154360018 1.9970006557484 4.2258203566546 -5.705045230697454 0.378209596517305 36.072001693051284 1.5915060789419897
Car 0 2 0 707.5774234062509 415.5621934136407 746.2947511548173 444.5524227609326 1.6880117853414 1.7987689730087 4.2943900138582 6.411165688421601 -1.2123692669462771 70.34448605031045 -1.5988368071738837
Car 0 2 0 140.71527395644966 420.33990020614885 254.9335559897244 477.0674894639645 1.4854301335596 1.9330452815384 4.4711003227426 -12.792210107699384 0.2799598663514916 33.607357358183926 1.5426680465088034
Car 0 2 0 504.9327688761063 417.7970590342081 542.9176356587874 445.8080885727387 1.6866246424544 1.9330452815384 4.4711003227426 -6.625001761971592 -1.1789742860172503 73.18051858802667 1.63890830947639
Car 0 2 0 454.21547351785694 422.0196291480349 511.23037341395445 461.82965274577566 1.5339584669873 1.9815736149661 4.4711003227426 -6.142846217639439 -0.15183897133108173 48.425300758470776 1.5840725198540895
