Car 0 0 0 -201.22797782443357 413.3948726509979 325.2355724433207 716.6823895723041 1.9060732351259 1.8119967476622 5.1974958291069 -4.376696873779152 1.5210233141834373 9.921524093367847 1.6446801318243898
Car 0 0 0 686.1780208923233 429.33572693470217 731.7089155520085 463.8732706502407 1.4182449495476 1.7467171677429 4.050359908727 3.883806383021729 -0.04706185625227223 52.00439519170454 -1.5549012626397778
Truck 0 1 0 318.14485447517467 391.369717404422 407.7012853506765 462.818970384569 2.9419225019798 2.3418939796731 6.0544920676707 -11.434371422832605 -0.15741175409561178 49.070465099697174 1.6276684430233894
Car 0 2 0 482.49114380907474 421.6692580108607 546.8842504125937 473.9885761081847 1.6555784648681 1.78895520587 4.2270799202885 -3.8698299850733235 0.2704977899084043 39.61929682249289 1.62184101445229
Car 0 0 0 717.8672084250118 427.26957737918207 802.5049909364958 494.28908331220026 1.6511085334767 1.8229455664901 4.2751840198345 3.7787858194536956 0.723782600451324 31.748709528766312 -1.5531514514839055
Car 0 2 0 353.7559833646379 433.7369320547345 484.56637449800303 521.9602274900745 1.4874601984532 1.803603379926 4.2794817374822 -4.097179734227926 0.9838214659708837 22.842430771755147 1.62184101445229
Car 0 1 0 849.1473333914875 417.2185176348376 943.759118727788 489.2063532657367 2.0736056818405 1.8646709600747 4.2152156627958 8.600643937975773 0.6841356478665457 35.61136979579341 -1.5682195086873494
Car 1 1 0 816.6419452702881 413.41989588509824 945.714656278034 539.8706419825105 2.1711278639674 1.7232614590348 4.7695502047371 4.964833031900868 1.2449579201083232 22.19611003364812 -1.4766668880626046
Car 1 2 0 1101.3595383059474 442.3230476978475 1426.8669097683312 609.0271363264969 1.6068400327158 1.6756299522763 4.6781413740476 7.902915082016709 1.4529731726838868 14.390512565686935 -1.4828415388449736
Car 1 2 0 1122.6193634324031 504.2864909607873 5036.649064958791 2477.585423264909 1.5679198893991 1.812715073283 4.2084975473741 3.364235554870583 1.8998867234402823 3.2517096449675096 -1.571763501319051
Car 0 2 0 551.8739384357235 425.6972386104244 585.8208622696995 451.1676714466337 1.525527572513 1.9674185756784 4.537640894024 -3.749174784890773 -0.8538945353412741 74.72627376240305 1.62184101445229
