Car 0 0 0 649.9154782080825 409.7890932827998 685.9044726831223 444.8731004621204 2.410864146786 2.0900948379917 4.4364849264649 3.085382892584746 -1.3614981447024808 80.92052773183748 -1.6173490546399796
Car 0 1 0 -1.9625591515210767 438.35267823803287 226.88253727135972 543.0545384704707 1.4764177287802 1.9087811148245 4.4711003227426 -8.896894510154253 1.1446374104608006 19.827775245509738 1.62184101445229
Car 0 0 0 696.0582365759611 421.23217677117367 756.1795847432913 466.6542759951125 1.7093291840064 1.807854974531 4.2678999001016 4.195247218884054 0.046951135820708256 46.73756804982005 -1.6178491768222845
Car 0 0 0 805.9955305870079 406.9943621134756 884.7766031111308 477.53184186844624 2.4257850326962 1.9987184599578 4.3153737284047 8.109630884723373 0.4081956870935878 41.32084805105632 -1.5516065265129386
Car 0 0 0 -96.81806615736843 431.5114944540098 298.716092232191 669.629603178936 1.8477467777983 1.952036594396 4.6492824048891 -5.073474911760855 1.6073553943678582 11.716920036051526 1.5915060789419897
Car 0 1 0 500.234134997631 416.3985975941588 557.2359306659158 461.50295131598494 1.8287977120841 1.9685501948728 4.8543374932634 -4.271525743457532 -0.17523317668474706 50.024351750783374 1.63890830947639
Car 0 1 0 347.46952039494045 429.7807045177829 467.3651904089841 506.0509488021052 1.4736319958281 1.7115925074729 4.0331149850045 -4.854660991383721 0.8029773535109765 25.376150293679373 1.6628611869793897
Cyclist 0 0 0 1232.4622520435144 432.1257263090425 1316.5488662536195 490.6298537798594 1.5122448979592 0.72312228027552 1.8167198766069 17.42903323098504 0.7264426231835572 29.865171384352408 3.1193305693134894
Car 0 1 0 874.6347443794674 428.0757274418135 1016.1537713096246 511.11179687132704 1.5763683697853 1.8256989968834 4.2572323326397 7.08854632756871 0.877579364026777 25.082937571127317 -1.569243212494179
Car 0 2 0 291.2282670287148 426.6235798906332 392.4081142898074 483.4528322279689 1.4976264078338 1.9087811148245 4.2794817374822 -8.556586116095206 0.47935726817523805 33.98147820959697 1.62184101445229
Car 1 1 0 774.3790133138691 439.56873989274334 990.8539551801496 591.6500762187059 1.5837788942366 1.8129765134554 4.6523566443671 3.321530251261091 1.3708890756171292 15.339506835316273 -1.5549012626397778
Car 0 2 0 71.34764872576966 429.23843249292526 221.40698965008775 499.168239669432 1.523163388735 1.9087811148245 4.2794817374822 -12.14947896637979 0.7496308624021498 28.573255302426556 1.62184101445229
Truck 0 2 0 435.5830353398094 400.11486482240326 481.0554801696464 442.04061233414 2.8804252591994 2.1039567171164 5.3551350695794 -11.9492032077328 -1.561544984921214 80.0323714429788 1.6707126812554893
