Car 0 1 0 741.4300135102491 409.7611002438127 783.2893597992692 452.32051638070425 2.4897176489193 1.9987184599578 4.3153737284047 8.48254638075477 -0.723901901516147 69.000952466106 -1.5516065265129386
Car 0 0 0 339.91784437714347 414.34529517649935 497.08558023672833 525.7534911778159 1.9084454634711 1.9053184685718 5.9684898307947 -4.073955364224835 0.9735853097962222 23.119716266360534 1.6446801318243898
Car 0 1 0 767.981634378648 429.0786227776918 830.5836425879394 465.4506440841912 1.4039412423019 1.8256989968834 4.2572323326397 7.68506551239372 0.0072513268916427065 49.405880905854936 -1.6099469330961536
Car 0 0 0 698.7228871931566 425.9934190118615 762.1196687566443 478.3314840724721 1.6317326033828 1.7467171677429 4.6808404605571 3.7233574933314157 0.40385519392158487 39.963868578758564 -1.5549012626397778
Truck 0 2 0 378.6837483758179 398.8137810705157 446.770655337049 451.9125115427717 2.6824442705082 2.3418939796731 6.0544920676707 -11.345585421476283 -0.7092607081166874 59.91854302361872 1.6276684430233894
Car 0 0 0 152.10859387166323 441.2076001255603 310.22228724291614 523.4552273918215 1.3630633972388 1.7081648920378 4.0717459621788 -7.931761946070939 1.022704315844808 22.820215127924687 1.62184101445229
Car 0 2 0 516.3612688821189 417.2562071802281 564.0949850585242 462.9537502653381 1.9418373764798 1.803603379926 4.2794817374822 -3.8958170429445893 -0.09449810432892242 51.67461391076926 1.62184101445229
Car 0 2 0 -26.41527535443413 437.0864946363123 151.38285837904323 517.4647753189337 1.4101629107421 1.6710937438498 3.9650708343202 -11.792589744662381 0.9573244139511887 23.640043484555548 1.62184101445229
Car 0 0 0 749.3356091477273 434.78526955569777 895.9617325595128 536.6510825044044 1.5345392251432 1.8229455664901 5.1114000408677 3.63277667546185 1.105042643599768 21.40049018496365 -1.5531514514839055
Car 0 2 0 462.9466754929593 428.4344930778406 536.5614719852131 484.9397779692018 1.5765872005331 1.803603379926 4.2794817374822 -3.9654139037718314 0.5605254263246234 35.83560804029738 1.62184101445229
Car 1 2 0 949.954722616244 421.1137235642967 1136.2828957160636 515.5575108679898 1.6488750742679 1.8646709600747 5.058258795355 8.608287268372406 0.8485861108283299 23.472530622281663 -1.5682195086873494
Car 1 2 0 925.7268133281904 413.8488703159276 1377.6624722394254 717.7310553138888 2.0014965986394 1.7343808845828 4.791631455685 4.24508448501624 1.6123290732630107 10.048099140120042 -1.5407806431758546
