Car 0 1 0 671.5668484269308 426.7483343425197 703.1534676878526 451.0537985430192 1.4104955696955 1.7467171677429 4.050359908727 4.020091884695395 -0.8249761653138459 72.2605134178505 -1.5549012626397778
Truck 0 1 0 112.95846148026044 378.2874097142137 290.44555490247814 487.87431428759015 2.9419225019798 2.3418939796731 6.239833661579 -12.331932378223346 0.5086788739131655 33.09636060868322 1.6978213383835898
Car 0 0 0 299.0968823501506 417.7309942142416 461.41184956600347 540.7342106880769 1.8691165851877 1.7597626756884 4.8740819489041 -4.275720923468787 1.114909246257819 20.28865635761586 1.6253662848034898
Car 0 0 0 691.4508025520155 429.7526420927403 741.7295302498519 466.53390517961776 1.4301642238873 1.8229455664901 4.2437745045868 4.041684034369316 0.05681286886412085 49.65254726518002 -1.5531514514839055
Car 0 0 0 766.8823151306034 418.0885928939849 820.0566626301991 471.2309072636434 1.8869294873656 1.6813674848283 4.144966249355 6.532482641158385 0.2141802588897777 43.461908465614734 -1.4766668880626046
Car 0 1 0 469.0190701868382 423.95169163045017 539.8441908379237 474.87831351234496 1.5059946884706 1.8327663537688 4.537640894024 -4.0385181532044 0.2695312957338697 37.901560078976004 1.62184101445229
Car 0 1 0 888.6927560867861 429.1253721054532 996.7232600303408 493.52714491812606 1.5211587279 1.6756299522763 4.0328540367383 8.639679927208922 0.6807837437997141 30.586222876546987 -1.572582485643587
Car 1 1 0 780.2491315265812 435.2939251111748 949.82152036631 547.2689532380024 1.517566692919 1.812715073283 4.2084975473741 3.8962830797428234 1.1457555094755032 18.805942850417356 -1.571763501319051
Car 0 2 0 538.9620354543712 422.67487526247055 582.8858166299226 459.6825874152527 1.7550597396755 1.9674185756784 4.537640894024 -3.3404431374881796 -0.26349538294717206 58.65988182506499 1.62184101445229
Truck 1 2 0 979.5731348831532 284.31667548173783 1571.036487841932 623.9911189974699 3.5205037091742 2.7567930269808 10.625817919727 8.43687256887694 1.3747989630212214 16.96070197821588 -1.5260325052874535
