Car 0 0 0 695.5443433846019 425.7727645133245 737.1993736625136 452.0850843674504 1.3928520773537 1.807854974531 4.2678999001016 5.421725919539005 -0.7149842653292419 66.47017737367223 -1.6178491768222845
Car 0 1 0 765.534698746925 409.8275504923132 818.4342043319525 464.164408103478 2.6134527360538 1.9987184599578 4.3153737284047 8.514152108280589 -0.03351883625226905 57.051279077044846 -1.5516065265129386
Car 0 0 0 447.2045963226109 414.62694346385234 534.1445507882381 485.6092058626754 1.8791419090099 1.8118435887283 4.8543374932634 -3.926168232879418 0.505389361742811 33.31003316445002 1.6446801318243898
Car 0 0 0 -229.5134061437568 448.729687769546 235.33922788964765 696.7310258983076 1.5260276848324 1.7115925074729 4.0331149850045 -5.000898010141778 1.509578720649453 9.74470171267021 1.6160529419871903
Car 0 1 0 793.924971474223 424.2170059823413 874.2994481867269 476.6722095450468 1.6777960918344 1.8256989968834 4.2572323326397 7.507990025174235 0.3651176235121345 40.32848230088937 -1.6099469330961536
Car 0 2 0 2.4517359274274213 440.623224943346 226.1863939145724 548.1637306912174 1.4764177287802 1.803603379926 4.2794817374822 -8.622949370341454 1.1960263095219323 19.272279009001778 1.62184101445229
Car 0 0 0 715.8923850241403 429.25876709882135 804.8833602297232 499.5688054647892 1.6081369120194 1.7574772324312 4.6808404605571 3.582880727266711 0.7932295080148105 30.19272742244414 -1.5549012626397778
Truck 0 2 0 407.9294379575341 400.0141128414828 466.0408061402606 446.8911139269201 2.6824442705082 2.3418939796731 6.0544920676707 -11.358055513383038 -1.0720340493325948 67.62295137271819 1.6276684430233894
Car 0 1 0 296.46531477892063 432.77980597645 399.8562642851391 489.6415286094572 1.36599303205 1.803603379926 4.2794817374822 -7.825421802740561 0.6038329728769795 31.829998894240028 1.62184101445229
Car 0 2 0 405.0483768127671 427.9635621668404 464.42720293124273 466.0830567446761 1.4764177287802 1.803603379926 4.2794817374822 -8.355613483125937 0.03596303532824843 49.12789341236437 1.62184101445229
Car 0 2 0 529.7209097433245 416.8641036808236 569.4340042671154 455.5608909570617 1.9586055711685 1.803603379926 4.2794817374822 -4.109438282199222 -0.47959186829559736 61.07914363275392 1.62184101445229
Car 0 2 0 165.96280490525368 431.12691906868713 282.30393304356926 487.3557731602153 1.4101629107421 1.803603379926 4.2794817374822 -11.754351221937526 0.5673605749365622 32.914157763398336 1.62184101445229
Car 0 2 0 499.3453836246747 425.1563130949426 554.8003750777106 464.4180846407032 1.4101629107421 1.803603379926 4.5410056214395 -3.9914744913834284 -0.04941934801137668 45.91747455335119 1.62184101445229
Car 1 2 0 833.8556562565027 445.8838251742209 1156.2491714739094 643.5613317383871 1.530612244898 1.8938378940758 4.6221042052088 3.704170292405972 1.4636174686188008 12.168408162784504 -1.5531514514839055
Car 1 2 0 1112.8036601266165 421.9756719653535 1530.399720975855 621.7410603372994 1.9107172487835 1.8646709600747 5.058258795355 8.221964393991898 1.4755827792631337 13.920768635066656 -1.5682195086873494
