Car 0 0 0 651.4519537089764 410.27766894899474 686.1227741657839 443.8402933839211 2.3971600952934 2.0900948379917 4.4364849264649 3.2750802245559756 -1.4867727552188654 84.09557044890563 -1.6173490546399796
Car 0 0 0 689.2521099748315 421.3807656922575 744.3732414614412 464.82258347474976 1.7687711276134 1.807854974531 4.2678999001016 4.102710686061656 -0.017696542036929858 50.30246081486274 -1.6178491768222845
Car 0 0 0 798.1438777995485 406.32621626735977 871.1660194960232 480.3593604203826 2.7266318559943 1.9987184599578 4.3153737284047 8.212089007724863 0.5512297393119567 43.95168996472849 -1.5516065265129386
Car 0 0 0 -398.7528970924676 440.2116307477555 218.01901032252204 746.5780478873785 1.6368681909237 1.952036594396 4.6492824048891 -5.09551387975527 1.5594861188058773 8.992342650568215 1.5915060789419897
Car 0 1 0 495.8338314639867 416.1651187295765 556.3815458181975 464.6200956630076 1.8553575163006 1.9685501948728 4.8543374932634 -4.144065778524738 -0.04771280221409056 47.31689324281888 1.63890830947639
Car 0 1 0 313.48435157250765 430.64488791461554 451.9411947559515 520.2489656399767 1.5365068226332 1.7115925074729 4.0331149850045 -4.818027132116411 0.9625815230832329 22.707713759881134 1.6628611869793897
Cyclist 0 0 0 1234.8193161323773 433.7995911864325 1312.0519276330028 492.701682104996 1.5122448979592 0.72312228027552 1.6108846196514 17.272944192699438 0.7765980875091452 29.645490244728123 3.1193305693134894
Car 0 1 0 850.3636669348713 427.06067734032695 986.3445698819036 506.02751846470926 1.6641054404077 1.8256989968834 4.2572323326397 7.130826834521225 0.864253400583772 27.51500453774931 -1.6469813529823565
Car 0 2 0 268.32284601928376 429.11224340707423 377.1451616900797 490.7206029751269 1.4764177287802 1.803603379926 4.2794817374822 -8.397711656604502 0.618602986256022 31.283415535600014 1.62184101445229
Car 0 1 0 757.996516007636 435.2538333245622 930.9153775636082 564.1053089686882 1.6177084913354 1.7574772324312 4.6808404605571 3.3347867570145433 1.2763452366944998 17.840792013549958 -1.5549012626397778
Truck 0 2 0 428.7261460552624 399.51774588164346 479.2015518124074 443.3833485187358 2.9272396774062 2.3418939796731 5.3551350695794 -11.906209222068135 -1.4301965167543622 77.76087141496558 1.6707126812554893
Car 0 2 0 -29.814242670341628 431.5400730874533 161.1404230933336 515.3943045016649 1.523163388735 1.9087811148245 4.2794817374822 -12.027160949357548 0.930727687046579 24.294453562142298 1.62184101445229
