Car 0 1 0 679.724971386113 424.8349010912178 716.629337343745 452.8457790756896 1.4182449495476 1.7467171677429 4.050359908727 4.110659839940124 -0.6347382483266321 63.00570703928808 -1.5549012626397778
Truck 0 1 0 239.14066296682245 390.4127502758776 359.5220473162215 478.8300791214496 2.9419225019798 2.3418939796731 6.239833661579 -11.624702829931977 0.3680313693802179 40.323156195671935 1.6276684430233894
Car 0 1 0 411.1071958128204 419.178357069937 516.9347417977182 495.5749718423728 1.7307337664934 1.9641997974654 4.8740819489041 -4.119941379537316 0.6589345588987686 29.288257456110507 1.6253662848034898
Car 0 0 0 701.7855169857868 426.4119716836676 764.6593442652053 476.2535609613934 1.6215528400517 1.8229455664901 4.6416283643918 3.9868572867811434 0.35589107122117747 41.62781116157102 -1.5531514514839055
Car 0 0 0 18.07413503986993 448.7709689582831 349.2847171249224 655.8838764300156 1.5369259554578 1.6158813954847 4.2794817374822 -4.228894687457897 1.5052007827263998 11.50897717482981 1.62184101445229
Car 0 2 0 805.7756922808644 418.9082628496207 873.1160794110261 468.5997941539155 1.8767793027215 1.8646709600747 4.2152156627958 8.878940207669718 0.12607437025237211 46.37372294247492 -1.5682195086873494
Car 0 0 0 782.5493147997976 416.91634080334006 854.5628831807587 488.4218942274272 1.9429343728662 1.6813674848283 4.144966249355 5.7814472532326695 0.6224232207517519 33.62400225776112 -1.4766668880626046
Car 0 2 0 -48.73103454537 441.2018769637874 193.46561204306136 554.3015916532513 1.4874601984532 1.803603379926 4.2794817374822 -8.97595010189103 1.2315749327912784 18.558817884863185 1.62184101445229
Car 0 1 0 504.5705798437278 427.4496788199268 557.3292371869211 464.166391146891 1.3489004295761 1.78895520587 4.2270799202885 -3.9245621418997687 -0.047653944872409024 46.93469832000241 1.62184101445229
Car 1 2 0 963.3073788225264 431.58930623407616 1108.655889472432 523.8460586465469 1.6068400327158 1.6756299522763 4.0328540367383 8.35921968390368 1.0457304285638165 23.00067662271407 -1.4828415388449736
Truck 1 2 0 1141.1919135134287 35.39325398595446 3162.090889936686 983.169649191547 3.5205037091742 2.8937015045598 10.625817919727 8.064392030204472 1.6618941544700045 9.59738453817382 -1.4712448431193286
Car 1 2 0 844.2578548342639 451.0338696564226 1174.9352824682896 658.235870991304 1.527637332215 1.812715073283 4.2084975473741 3.6608167436391335 1.5238343143021178 11.513411478202583 -1.571763501319051
Car 0 2 0 545.7117004697102 429.6471880211696 584.5483053091214 458.9861001545133 1.525527572513 1.9674185756784 4.537640894024 -3.5092685548481635 -0.31862265371114457 65.76285270688666 1.62184101445229
