Car 0 1 0 739.6309464406373 410.086365494697 780.7776983511272 451.7699649522112 2.4721074825238 1.9987184599578 4.3153737284047 8.467202213592824 -0.7660160166044375 69.9683098360557 -1.5516065265129386
Car 0 0 0 322.0625934638811 415.21790306475066 490.7639737464944 533.6060321099997 1.9084454634711 1.9053184685718 5.9684898307947 -4.083411217815318 1.0423903754920243 21.97241315134321 1.6446801318243898
Car 0 1 0 762.0737441324845 428.877377755496 821.6203619099341 463.7468203945074 1.4039412423019 1.8256989968834 4.2572323326397 7.65905585453885 -0.06217684421790433 51.41589688753788 -1.6099469330961536
Car 0 0 0 696.3379666655193 425.2332840395033 757.6694293613418 474.06675620292407 1.5638047135262 1.7467171677429 4.6808404605571 3.7018932391884056 0.27108680780685906 41.046676260551216 -1.5549012626397778
Truck 0 2 0 374.20068066254055 398.86520206165534 443.9115822014266 463.4634251071393 3.2189331246098 2.3418939796731 6.0544920676707 -11.361826519252439 -0.1181928459969247 59.02580411240488 1.6276684430233894
Car 0 0 0 127.91650761265066 441.1240234137896 296.6496227638352 527.3902156491789 1.3630633972388 1.7081648920378 4.0717459621788 -7.94751181451098 1.0391954838978146 21.847349748266733 1.62184101445229
Car 0 2 0 513.9042821946637 422.4181403983846 562.6588152025842 464.98418787795424 1.7459357848734 1.803603379926 4.2794817374822 -3.9110022229565464 -0.00641255352631373 50.708842110195796 1.62184101445229
Car 0 2 0 -54.22435334093609 435.2134210318825 134.50545085082814 522.5790271556043 1.4844337438021 1.6710937438498 3.9650708343202 -11.796245479261817 1.0096188156922505 22.767623320192097 1.62184101445229
Car 0 0 0 743.4759420747533 431.6380508025055 883.9134619826 526.3298068553779 1.5194513536746 1.924220320184 4.5773731709263 3.5908599326501522 0.9969523729934513 22.024291874306808 -1.5531514514839055
Car 0 2 0 458.3600162396629 429.5117100397407 534.1083618961187 481.98593278151935 1.4101629107421 1.803603379926 4.2794817374822 -3.9798594759982633 0.4556571986011947 34.98949898283787 1.62184101445229
Car 1 2 0 936.8827085586918 420.0873875085727 1110.4268513949785 509.5204063773675 1.6488750742679 1.8646709600747 5.0348409305617 8.606753028357064 0.7828997084011735 24.569108898781252 -1.5682195086873494
Car 1 2 0 912.3804634667072 412.5541080574196 1306.7510724277377 683.6175850093523 2.0014965986394 1.7232614590348 4.791631455685 4.323825267494045 1.5576075115447694 10.95194678029684 -1.5407806431758546
