Car 0 1 0 738.9539492072199 410.514368571134 779.3417916795428 443.36433755245525 1.9661835249778 1.9987184599578 4.3153737284047 8.542615249339239 -1.2989979533101403 71.1381648642563 -1.5516065265129386
Car 0 0 0 303.2552488377343 412.7163398785203 474.4376255940299 541.0209288794794 1.9972643479586 1.9053184685718 4.8356948220929 -4.142918670224018 1.1346673496098008 20.439389011297617 1.6446801318243898
Car 0 1 0 759.240461900911 428.0355568611898 817.3185783024767 462.11028547231786 1.4039412423019 1.8256989968834 4.2572323326397 7.648465069777968 -0.13470198377548484 52.4581142676063 -1.6099469330961536
Car 0 0 0 694.603818798897 426.63157027885626 754.4434034244862 476.2289482904614 1.6220286191176 1.7467171677429 4.6808404605571 3.686870768028669 0.3571182006474277 41.884254150393645 -1.5549012626397778
Truck 0 2 0 370.5058691643491 398.907459841985 441.2645480551797 453.61568532619054 2.6824442705082 2.3418939796731 6.0544920676707 -11.381806951071487 -0.6092648433375215 58.25386291026535 1.6276684430233894
Car 0 0 0 105.40375456494472 438.7149388982209 284.31353778755414 533.0906511254094 1.4467286164406 1.7081648920378 4.0717459621788 -7.96058249875418 1.0884820929453634 21.026272783970565 1.62184101445229
Car 0 2 0 511.4227591874384 422.8950308993968 561.1804900129736 459.7963623446772 1.4653752591071 1.803603379926 4.2794817374822 -3.927602441360316 -0.23152296963348534 49.77679547494818 1.62184101445229
Car 0 2 0 -85.64816382726508 438.7518598666986 115.38569111954904 528.3055894574914 1.4408564693026 1.6710937438498 3.9650708343202 -11.810516544230994 1.063431790342736 21.871140589495536 1.62184101445229
Car 0 0 0 744.6287117568063 430.4102558870845 874.0320072125393 527.6952708227177 1.6466006084226 1.8229455664901 4.5773731709263 3.6578829112623197 1.0724156279599562 22.88275093900519 -1.5531514514839055
Car 0 2 0 454.0425199082041 430.6402586619279 532.8514264214334 485.2582333070374 1.4101629107421 1.803603379926 4.2794817374822 -3.9217232681204175 0.5273800741655704 33.78531537628923 1.62184101445229
Car 1 2 0 894.3138704262483 411.49961854182266 1242.0999821975188 656.8438308623971 2.0014965986394 1.7232614590348 4.791631455685 4.319310462937589 1.5051049251661237 11.828830426823925 -1.5407806431758546
Car 1 2 0 929.229755754715 419.5206902973948 1096.13752594315 506.2956476347833 1.6488750742679 1.8646709600747 5.0348409305617 8.596151759096736 0.7445020752786087 25.21129872403682 -1.5682195086873494
