Car 0 1 0 758.7013403780238 409.44785971477495 807.3144057675361 456.42803639298097 2.4290133776775 1.9987184599578 4.3153737284047 8.654600885679749 -0.43725472388072073 61.2481114324805 -1.5516065265129386
Car 0 0 0 426.06108232132925 413.678097988184 528.1591988428067 495.9221177419686 1.9481716117899 1.8118435887283 5.6567892013335 -3.9264948090154133 0.6717030441364423 30.534078098839753 1.6446801318243898
Car 0 0 0 -777.7494265514916 450.6772608135521 97.95258071794626 880.5313609420193 1.6517773384426 1.7115925074729 4.0331149850045 -5.062013652279376 1.6857214395564633 6.812042332398225 1.6160529419871903
Car 0 1 0 781.8461988893845 425.1900656925112 855.4530064337724 473.31312477542974 1.6473677752197 1.8256989968834 4.2572323326397 7.444512539547014 0.27825339162196033 43.14633663385069 -1.6099469330961536
Car 0 2 0 -108.30230335273598 442.0976785203217 170.78809310306707 574.353924842027 1.5537150164913 1.803603379926 4.2794817374822 -8.662913109844087 1.3467205783374665 16.76182849989438 1.62184101445229
Car 0 0 0 710.6158146601632 429.6155837699672 790.553629013639 492.0629621573223 1.5690818624099 1.7574772324312 4.6808404605571 3.647002221351704 0.6816655885580163 33.030049153643816 -1.5549012626397778
Truck 0 2 0 398.7249932393196 400.1753813597271 459.68170026688745 448.8500571802351 2.6824442705082 2.3418939796731 6.0544920676707 -11.409570577696124 -0.9298177083132763 65.25540632261459 1.6276684430233894
Car 0 1 0 262.9282905057072 433.18912641515817 379.7461341704208 498.8324954376903 1.4432903197611 1.803603379926 4.2794817374822 -7.856426201334162 0.7623066451108966 29.188615839554245 1.62184101445229
Car 0 2 0 387.2377485152783 430.18465952847066 452.26950011376505 471.3640682366028 1.4764177287802 1.803603379926 4.2794817374822 -8.407651098724159 0.23218517397395944 45.858983640723125 1.62184101445229
Car 0 2 0 528.8185337714887 417.8006021382527 570.3475668654326 454.4889447888917 1.7582051956212 1.803603379926 4.2794817374822 -3.922325909189702 -0.5178305820077918 58.34372625856111 1.62184101445229
Car 0 2 0 121.25638301081084 434.1872574905555 253.59236520484168 496.4349167491645 1.4101629107421 1.803603379926 4.2794817374822 -11.732233136924103 0.7333366249262707 30.14112250355337 1.62184101445229
Car 1 2 0 802.861741134588 439.0067264668797 1029.2894443151176 589.2712603271968 1.530612244898 1.8229455664901 4.1598937846879 3.6290662060852172 1.3125975221949302 14.698217457737124 -1.5531514514839055
Car 0 2 0 490.306101533251 427.0884962054319 550.2916100880394 469.4012536543988 1.4101629107421 1.803603379926 4.5410056214395 -3.988278915695613 0.12710400640648506 42.97068043627528 1.62184101445229
Car 1 2 0 1170.0353533042778 400.50895125347125 4879.285808347096 2053.901718423532 2.0014965986394 1.7899780123228 4.791631455685 3.925836758170399 1.812851937074533 3.7647675448267837 -1.5407806431758546
Car 1 2 0 1048.4886656602382 418.051012166718 1359.7578822837463 576.8355268677899 1.9107172487835 1.8646709600747 5.058258795355 8.342616571241493 1.3063286717401754 16.73124430253972 -1.5682195086873494
