Car 0 0 0 642.675931038478 402.5663544986208 682.528880984307 443.6685111909449 2.6954889261866 2.0900948379917 5.8999469982067 2.560583143847977 -1.4175816887827053 77.28023720744655 -1.6173490546399796
Car 0 2 0 104.54481189416164 428.3083512315517 276.1663850916645 521.4795002349265 1.5845088143079 1.9815736149661 4.4711003227426 -8.773775054423753 0.9609779002070531 22.92801937759385 1.5426680465088034
Car 1 2 0 691.2540573283378 421.5780107881382 762.8089207248304 469.9566846709603 1.6079812673634 1.8541482994187 5.2810528558363 3.8423568314756995 0.11744122780344002 42.76336125913003 -1.6178491768222845
Car 1 2 0 815.7686983872414 402.4753483933573 909.6653364518324 480.1126266450549 2.4353567927539 2.1152743960676 4.6799107367351 7.990487665829105 0.42864788712414215 37.86041198908153 -1.5516065265129386
Car 0 0 0 123.45282286111312 428.1297739484194 372.7056171497434 583.8706637294542 1.7357235676293 1.9970006557484 4.4605881542465 -5.034442224274084 1.3300066978614067 15.651684094164553 1.5915060789419897
Car 0 2 0 506.48760046119696 414.100623489414 559.2265931584038 459.7954321162743 2.0195379964971 2.000363214755 4.4711003227426 -4.38037031078227 -0.24452940769802134 53.46838722087158 1.63890830947639
Car 0 2 0 381.9046522504515 426.89715574015 484.0292045362937 499.67481791355465 1.6330371477356 1.9815736149661 4.4711003227426 -4.9549861738664385 0.7748232652636028 29.31675001741518 1.5840725198540895
Cyclist 0 0 0 1226.527584418278 422.1304082957796 1328.2127415107936 498.176833649594 2.0039081528723 0.81291747121322 2.2705362726386 17.750048363266924 0.9338550721339398 30.30084169179119 3.1193305693134894
Car 1 2 0 902.7634238704268 428.82432287004417 1063.5921128452055 528.9918174583031 1.6325360713015 1.6692701033957 4.4464426585348 6.898372085750843 1.0483002076633248 21.935661817196547 -1.5484924230753805
Car 0 2 0 324.0303343059531 427.0405069860776 412.6859778648323 477.6396114625896 1.4764177287802 1.9087811148245 4.2794817374822 -8.565575790817578 0.3615007314639567 37.473272212541005 1.62184101445229
Car 1 2 0 802.6950401545221 445.3546770591237 1092.35417855651 641.8498600225012 1.5432849743782 1.8129765134554 4.144826828618 3.1804466678520544 1.4621304584747783 11.925997635132155 -1.5549012626397778
