Car 0 1 0 732.7543338302809 410.19731448530086 770.3652263796395 452.5028200297295 2.7226413952608 1.9987184599578 4.3153737284047 8.56398540361472 -0.7694950786550551 75.56439025775191 -1.5516065265129386
Car 0 0 0 200.32860679243907 411.1991440208618 435.78225885313367 578.4167886092293 1.9775777610927 1.8119967476622 5.0133325910677 -4.180361267633554 1.2807189210501724 16.16584886658846 1.6446801318243898
Car 0 0 0 692.4229290520273 427.83741550362186 745.0867212528248 469.1956298786075 1.4958768236695 1.7467171677429 4.050359908727 3.8059002501956387 0.1520312588817166 45.70365817307451 -1.5549012626397778
Truck 0 1 0 353.35587324596656 397.0952624808886 430.34486020405 457.6029269339044 2.7867615476946 2.3418939796731 6.0544920676707 -11.360566602124251 -0.3965239364752867 54.70036675057104 1.6276684430233894
Car 0 0 0 -23.18158472607536 440.73279837940015 220.34121120140932 558.9746856429373 1.4467286164406 1.7081648920378 4.1963912467353 -7.977656133246818 1.203072757147685 17.366890089530322 1.62184101445229
Car 0 2 0 494.7119016185436 421.6097612470153 555.3453822501159 467.16843555115344 1.6751821828944 2.0244527733863 4.2794817374822 -4.057556143726123 0.06574337588872106 45.75399577568297 1.62184101445229
Car 0 0 0 728.9247847653957 429.1376573248704 840.8262913355405 505.9845765234559 1.5194513536746 1.9456005459638 4.2751840198345 3.6556832266019 0.8147075344584896 26.178128514100283 -1.5531514514839055
Car 0 2 0 424.7300833368749 432.647149809045 518.1340648800046 499.13370492887617 1.4874601984532 1.803603379926 4.2794817374822 -3.9891620785310575 0.7816766527916762 29.548930142170054 1.62184101445229
Car 1 2 0 859.9243342132995 416.0009607720644 1066.6760186968472 588.938607271203 2.0014965986394 1.7232614590348 4.791631455685 4.590090802211888 1.3944080173078925 15.874970666435935 -1.4766668880626046
Car 1 2 0 1262.9504148304663 450.4446285042509 1971.7218797659807 745.9450389256536 1.6068400327158 1.6756299522763 5.0419968142513 7.645059505983258 1.634209369431758 9.528684061890793 -1.4828415388449736
Car 1 2 0 897.5185312149418 414.8339748161223 1031.6342802743127 486.81013485261445 1.6488750742679 1.8646709600747 5.0348409305617 8.868790426958325 0.4432779370885168 29.547799363508446 -1.5682195086873494
