Car 0 0 0 639.8715675333908 403.8870457464647 697.1462173928849 458.2063013357714 2.4504444783515 2.0900948379917 5.8999469982067 2.0538576180684593 -0.3653888100222891 54.33841920205503 -1.6173490546399796
Car 0 2 0 -30.20043006496473 435.1411449224879 192.2421462136305 545.8072383453867 1.5901527375614 1.9815736149661 4.4711003227426 -9.537532028474617 1.1922711825494845 19.998729970168025 1.5426680465088034
Car 0 0 0 731.2252845228512 418.6976577747701 802.233627924738 465.2420894882103 1.5597827628666 1.7987689730087 5.2314760568527 5.371021051087191 -0.049991725592913636 42.78614392969306 -1.5894854743945717
Car 0 0 0 -18.192607441524277 443.7907598304128 292.6496978455164 601.7858343025102 1.5514825873918 2.0145998418822 4.4711003227426 -6.061533021306326 1.4141494533840102 14.57458390423261 1.6170225214577894
Car 0 2 0 336.2482091999601 422.6986914094137 409.78343816850895 470.6829039763958 1.5845088143079 1.9815736149661 4.4711003227426 -9.40805649012971 0.16342926863784124 41.83944476959816 1.5426680465088034
Car 1 2 0 697.6567540559441 427.5353554273053 851.0218762212061 535.0372299802972 1.6079812673634 1.7752483717839 5.2810528558363 2.6447527135217554 1.037003179733357 21.014174951920555 -1.6178491768222845
Car 1 2 0 911.6142071891747 388.4738724357912 1115.5686038048434 530.0330751927586 2.357358280475 2.1152743960676 4.6799107367351 7.109701883984038 0.9931344816898822 21.000158274273453 -1.5516065265129386
Car 0 0 0 404.1027597136218 422.6037932765213 487.70072133037866 480.9218205303223 1.6209154360018 1.9970006557484 4.2258203566546 -5.593000158611573 0.4278530603841132 35.229829790346606 1.5915060789419897
Car 0 2 0 705.7004314644996 415.2821475115017 743.7227767148759 443.81634579029 1.6880117853414 1.7987689730087 4.2943900138582 6.364818395108438 -1.274763448014922 71.39153503271444 -1.5988368071738837
Car 0 2 0 133.3181028505578 419.36146320545697 250.2798977461848 476.9547255628369 1.4854301335596 1.9330452815384 4.4711003227426 -12.757962503748606 0.26944731229505514 33.06037580348431 1.5426680465088034
Car 0 2 0 506.6604769692837 418.0222043724517 544.9616150129872 446.37652619831584 1.6866246424544 1.9330452815384 4.4711003227426 -6.426617279444511 -1.130967894455207 72.35522481864993 1.63890830947639
Car 0 2 0 454.8958146460034 422.4156190500736 512.7513975048422 462.9575177306096 1.5339584669873 1.9815736149661 4.4711003227426 -5.993387395532714 -0.10556669374679452 47.63487146788323 1.5840725198540895
