Car 0 0 0 640.2709721699329 401.4236449003921 685.7636786136499 448.4660282491191 2.6954889261866 2.0900948379917 5.8999469982067 2.2581511352111283 -0.9800549523625868 67.76027660760161 -1.6173490546399796
Car 0 2 0 245.553078771088 428.9916165377901 356.2233510182588 496.3985581848067 1.5845088143079 1.9815736149661 4.4711003227426 -8.877529181235216 0.7400564409217428 30.861992229095755 1.5426680465088034
Car 1 2 0 685.284287162733 423.85272375286576 778.0595294273793 487.6736920401049 1.6079812673634 1.8541482994187 5.2810528558363 3.084973450965619 0.5375353153632262 33.25937089438867 -1.6178491768222845
Car 1 2 0 843.9868291998812 397.2478680122123 967.8278952225448 494.71434532054826 2.4353567927539 2.1152743960676 4.6799107367351 7.5399804043273315 0.676049166815988 30.391862514559655 -1.5516065265129386
Car 0 0 0 312.0267499361386 423.1010579074808 447.10299433957294 517.3742468438953 1.7357235676293 1.9970006557484 4.2258203566546 -5.1539443973070505 0.9543224926079907 23.977504556049283 1.5915060789419897
Car 0 2 0 510.4449799828684 413.5776994527981 554.989682150968 452.9490228558124 2.0195379964971 1.9330452815384 4.4711003227426 -5.075526832339909 -0.6275907889176113 61.63480198118268 1.63890830947639
Car 0 2 0 425.1076202446725 424.8938688477344 502.212941353697 481.35503141669705 1.6330371477356 1.9815736149661 4.4711003227426 -5.286950443009325 0.46138819328211467 36.98166239927713 1.5840725198540895
Cyclist 0 0 0 1233.509445276727 427.4891642748042 1305.7770353875678 494.69071999913047 1.7474829931973 0.89823254297471 1.3764772394161 17.361103108521604 0.8325352791787288 29.98142457005018 3.1193305693134894
Cyclist 0 0 0 1210.3673735328289 421.77075820800025 1295.037518305318 494.879435771446 1.9710571995465 0.78006651788744 1.8792278787459 17.424212526578117 0.8670252007128608 30.90642201423987 3.1193305693134894
Car 1 2 0 994.5133662663646 440.61318952047634 1287.6758093022224 594.3056355710175 1.5490725661317 1.6692701033957 4.7675746283179 6.661496868973697 1.3598262966992778 15.058746823456026 -1.5484924230753805
Car 1 2 0 966.1123212657936 482.7596740927921 2123.008564874136 1178.8030289741082 1.6109412264756 1.8129765134554 4.144826828618 3.169453858930152 1.8729983893292959 5.190192852002525 -1.5549012626397778
