Car 0 1 0 760.1595538834467 408.5352133574344 810.7033213439148 456.650881742456 2.4006492048097 1.9987184599578 4.3153737284047 8.478968388965544 -0.41500263085192074 59.11913138350995 -1.5516065265129386
Car 0 0 0 440.4076379193037 415.1409410843996 530.5994600885979 488.37698427546366 1.8791419090099 1.8118435887283 4.8543374932634 -3.9618402790268954 0.5607052649755916 32.39105401721347 1.6446801318243898
Car 0 0 0 -339.5780556659032 452.9859116853718 203.55478975908116 734.514238056766 1.5260276848324 1.7115925074729 4.0331149850045 -5.009627615573231 1.561324206174555 8.88205760379487 1.6160529419871903
Car 0 1 0 790.3264409813384 425.914356315572 868.3203756069549 477.2523872342739 1.6777960918344 1.8256989968834 4.2572323326397 7.515084552259487 0.3983273725456852 41.29974759028055 -1.6099469330961536
Car 0 2 0 -34.12739096752364 437.4760974176709 207.56241714369537 556.774105390364 1.5715173229465 1.803603379926 4.2794817374822 -8.637519483701842 1.250966928360921 18.357010594223713 1.62184101445229
Car 0 0 0 712.6259188524218 427.9647378948154 798.0814375465054 501.0545260915487 1.747731837462 1.7574772324312 4.6808404605571 3.5650565340216893 0.864898248130118 31.172966143972406 -1.5549012626397778
Truck 0 2 0 404.98466039880896 400.0658210877199 464.00174817731767 447.5178788809284 2.6824442705082 2.3418939796731 6.0544920676707 -11.37495889386076 -1.0253693124355996 66.84610065315243 1.6276684430233894
Car 0 1 0 286.07263974887576 433.75651875887536 393.5181248396888 492.4601927039026 1.36599303205 1.803603379926 4.2794817374822 -7.8391593381945635 0.6556341277823151 30.967031531734143 1.62184101445229
Car 0 2 0 400.866955070272 428.4874858373804 461.5591248651069 467.32301935446367 1.4764177287802 1.803603379926 4.2794817374822 -8.368518440673583 0.08462472629992171 48.31722710213166 1.62184101445229
Car 0 2 0 530.671887943344 417.1268487205104 570.808754836262 453.51704249059344 1.808305289508 1.803603379926 4.2794817374822 -3.9909413679239814 -0.5817885944618999 60.25733001138397 1.62184101445229
Car 0 2 0 152.60293397743584 432.00273658000265 273.4809477444181 489.9238661442999 1.4101629107421 1.803603379926 4.2794817374822 -11.767672468438885 0.6175919978751012 32.07734092702852 1.62184101445229
Car 0 2 0 497.4260715125493 425.7519414735425 554.1923943702661 465.9556834682468 1.4101629107421 1.803603379926 4.5410056214395 -3.956613502455739 0.007700858595153709 44.95984495837808 1.62184101445229
Car 1 2 0 818.3992853638362 442.4703207551297 1102.8696148403108 619.6586710808676 1.530612244898 1.8938378940758 4.6221042052088 3.685736563330106 1.4007977148220996 13.219183073075117 -1.5531514514839055
Car 1 2 0 1089.265886549238 420.44652924201415 1463.6720003092498 603.6742046708463 1.9107172487835 1.8646709600747 5.058258795355 8.285411024851818 1.4161492224073389 14.905116222951609 -1.5682195086873494
