Car 0 1 0 -252.9958592867212 442.3852812913992 110.88235878943 597.150206779117 1.5509360674926 1.9087811148245 4.4711003227426 -8.860771725658733 1.3883744986401183 14.77802848308583 1.62184101445229
Car 0 0 0 692.327297465605 420.2043847591187 745.0727079444597 460.3756563754223 1.7185529338764 1.807854974531 4.2678999001016 4.392452143042943 -0.21403449047793488 52.704809463016346 -1.6178491768222845
Car 0 0 0 790.3980021771156 405.8925804505753 859.3628508236422 476.23149594163215 2.7128297511384 1.9987184599578 4.3153737284047 8.180776755344725 0.42076826915853516 45.90225808481326 -1.5516065265129386
Car 0 0 0 -969.0134302974088 447.08480053157626 111.87447720399472 912.0316898074452 1.6368681909237 1.952036594396 4.6492824048891 -5.236039843562209 1.6576324473970254 6.771619359521273 1.63699277399299
Car 0 1 0 495.1757791997062 415.0016229153456 558.2515395117442 465.5183919728721 1.8553575163006 1.9685501948728 4.8543374932634 -3.9433290578994287 -0.017389294125773766 45.3757165012397 1.63890830947639
Car 0 1 0 286.228992317984 433.4106921562573 440.3991976430593 532.1111369135083 1.5365068226332 1.7115925074729 4.0331149850045 -4.774085210310397 1.0703889288970982 20.902949237892702 1.6628611869793897
Cyclist 0 0 0 1240.472929400485 436.8590725923223 1318.0359661361535 495.9825228555429 1.5122448979592 0.72312228027552 1.6108846196514 17.385521224840897 0.8607936760814882 29.57336874050539 3.1193305693134894
Car 0 1 0 835.2895015469904 428.37244485815467 959.7104591473473 499.3978485080917 1.5966539141951 1.8256989968834 4.2572323326397 7.080886557597595 0.7755181617869987 29.36953843806711 -1.6469813529823565
Car 0 2 0 242.4562732056449 430.96591768346576 360.7399276371045 496.7283064786949 1.4764177287802 1.803603379926 4.2794817374822 -8.480390655885989 0.7225515781450832 29.558380385064975 1.62184101445229
Car 0 0 0 745.3071267053845 432.29497532509976 898.2489307284217 549.7572452580366 1.6437131605607 1.7574772324312 4.6808404605571 3.2820002480596506 1.2050371008726186 19.4722476630737 -1.5549012626397778
Car 0 2 0 -90.65826214923344 429.0210195058751 125.36706859335402 526.3326503725705 1.6420378814428 1.9087811148245 4.2794817374822 -12.05996586509194 1.043981979233479 22.476817096650013 1.62184101445229
Truck 0 2 0 428.95524908585287 399.5621069722677 480.3018487775451 442.6600019144472 2.8197793504364 2.3418939796731 5.3551350695794 -11.640176181722603 -1.4541912976832005 76.33226913515854 1.6707126812554893
Car 0 2 0 384.3289314017097 430.9229332335323 453.5606380973656 474.91721440341314 1.4764177287802 1.803603379926 4.2794817374822 -7.930078679981358 0.3405827235353178 43.13020715807424 1.62184101445229
Car 0 2 0 440.9591227582737 425.4089234261459 487.24883082539753 456.0470178870036 1.4764177287802 1.803603379926 4.2794817374822 -8.685285295022856 -0.44933355839831424 60.26001519294127 1.62184101445229
