Car 0 0 0 640.4278444909725 403.0955692554493 683.1994864475026 447.4468935699765 2.6954889261866 2.0900948379917 5.8999469982067 2.325023428278546 -1.0941396279311761 71.91006476411 -1.6173490546399796
Car 0 2 0 193.45263908188883 433.05942638596525 325.83765757884464 510.90933671007 1.5845088143079 1.9815736149661 4.4711003227426 -8.814553947993314 0.955192690058611 27.26346487707249 1.5426680465088034
Car 1 2 0 686.6994374986309 420.8519063647716 768.56882739389 476.55686910481694 1.6079812673634 1.8541482994187 5.2810528558363 3.3612307355637556 0.2859409824887379 37.425385793057686 -1.6178491768222845
Car 1 2 0 831.3844484207154 399.5603566821737 940.371784828588 487.2317654833823 2.4353567927539 2.1152743960676 4.6799107367351 7.772765897613176 0.5607968547465577 33.644851618059796 -1.5516065265129386
Car 0 0 0 250.79974472047547 426.6124739761892 420.4574511824092 541.2180702644181 1.7357235676293 1.9970006557484 4.2258203566546 -5.088753821286886 1.1563102152205986 20.22713965939644 1.5915060789419897
Car 0 2 0 509.4517908072492 414.6316678110389 556.7787265542961 456.6656110171242 2.0195379964971 1.9330452815384 4.4711003227426 -4.747309278522649 -0.4108269950943013 57.977015386527995 1.63890830947639
Car 0 2 0 409.357309347273 427.5581941186091 495.5495878504049 490.3118591971986 1.6330371477356 1.9815736149661 4.4711003227426 -5.137636675881969 0.6577333045013438 33.686337252798516 1.5840725198540895
Cyclist 0 0 0 1243.1303504123778 427.7695575431822 1329.2446994409256 496.2174708081062 1.7474829931973 0.98560669263457 1.6580161660979 17.56408161443638 0.8550872934334073 29.58044204932388 3.1193305693134894
Cyclist 0 0 0 1208.5073392683184 421.8219089969761 1308.2341401752285 496.7515013775299 2.0039081528723 0.81291747121322 2.2705362726386 17.48458906825841 0.909342676798075 30.74210550982244 3.1193305693134894
Car 1 2 0 940.4325717605284 434.252509168722 1151.2436627955108 554.4410933899347 1.5490725661317 1.6692701033957 4.4464426585348 6.62261009434467 1.1791517269963374 18.07914870344047 -1.5484924230753805
Car 1 2 0 871.3972272086405 457.6656343571984 1397.0455556917004 800.6919887031302 1.6109412264756 1.8129765134554 4.144826828618 3.194137327219898 1.6992450055067136 8.08737924362484 -1.5549012626397778
