Car 0 0 0 640.3663196972745 403.61552136390713 695.679647797075 455.9896662558853 2.4504444783515 2.0900948379917 5.8999469982067 2.1048921266787324 -0.4781144653991301 56.21378398211987 -1.6173490546399796
Car 0 0 0 725.0943393351381 419.688109314546 791.5169328945065 463.83311876037646 1.5597827628666 1.7987689730087 5.2314760568527 5.327933400563307 -0.09727148681586151 45.084441335777974 -1.5894854743945717
Car 0 0 0 -214.9853156528534 446.80253914092987 225.94143284622032 655.346131848875 1.5514825873918 2.0145998418822 4.4711003227426 -6.016290212082397 1.4997731429362575 11.642715035671067 1.6170225214577894
Car 0 2 0 321.9893400909982 424.3131681726479 401.5848520690353 475.76208978916793 1.5845088143079 1.9815736149661 4.4711003227426 -9.225858194339567 0.31324782784557403 39.316730192765355 1.5426680465088034
Car 1 2 0 689.596446058315 425.2364826815692 826.9139768560094 522.2898082365042 1.6079812673634 1.7752483717839 5.2810528558363 2.581437239020069 0.9268578396070599 22.860306810161866 -1.6178491768222845
Car 1 2 0 896.6942713272803 388.97161382373673 1082.2486064733191 520.2877982892861 2.357358280475 2.1152743960676 4.6799107367351 7.151930323281575 0.9057048674494117 22.45436428764939 -1.5516065265129386
Car 0 0 0 392.0063639525108 419.9046129239903 483.1447776896696 482.6489981258058 1.6209154360018 1.9970006557484 4.2258203566546 -5.424642659154218 0.4327617848006271 32.71579377375131 1.5915060789419897
Car 0 2 0 704.6231193664471 417.0891007526185 742.0112595722985 445.3037046083404 1.6880117853414 1.7987689730087 4.2943900138582 6.36934818726851 -1.1980563316654511 72.450078936586 -1.5988368071738837
Car 0 2 0 63.08088439748974 421.12116136498855 207.3939126152748 497.1311908637418 1.6894738021664 1.9330452815384 4.4711003227426 -12.47875859415877 0.6906410685879231 28.689962025904514 1.5426680465088034
Car 0 2 0 506.4092142063709 417.9648243416503 546.0919181391477 447.3924197248498 1.6866246424544 1.9330452815384 4.4711003227426 -6.167850029161096 -1.032837210358303 69.78810181155247 1.63890830947639
Car 0 2 0 450.2135455268023 422.3568070312583 511.8385284155119 465.4594414498709 1.5339584669873 1.9815736149661 4.4711003227426 -5.758540962752776 -0.011548492866909524 44.93265985134049 1.5840725198540895
Car 0 2 0 -166.90719988210878 441.40704369569966 123.73223420516103 576.842827663857 1.5901527375614 1.9815736149661 4.4711003227426 -9.543645317251055 1.3739332276168594 16.967290672212926 1.5426680465088034
Car 1 2 0 1214.7368960979277 453.749102325742 2107.8732445326195 830.1545128899103 1.6285321432703 1.6692701033957 5.0854129368724 6.5456306951965235 1.7044621457764264 8.167881294916798 -1.5484924230753805
