Car 0 1 0 748.3987397599483 409.7823772179685 792.8494927017432 451.1166865591558 2.2958262841241 1.9987184599578 4.3153737284047 8.569518227624433 -0.764487341890386 65.77042846384234 -1.5516065265129386
Car 0 0 0 385.0650942782597 412.2485136477762 512.0734273596883 507.68097265253766 1.9084454634711 1.8118435887283 5.9684898307947 -4.006412950318093 0.7786119050234671 26.36590699828611 1.6446801318243898
Car 0 1 0 772.3594477812787 431.52078186441554 838.4562638919007 469.921634830618 1.4039412423019 1.8256989968834 4.2572323326397 7.593455765778851 0.18168434042701742 47.18386541219817 -1.6099469330961536
Car 0 2 0 -383.2139953736604 451.5436607957048 61.650218892892326 624.8594576151768 1.4432903197611 1.803603379926 4.7135434565696 -8.809206967589892 1.4412964947601148 13.169797119371392 1.62184101445229
Car 0 0 0 704.4375950300351 430.49779019330384 774.3008661760566 483.89495797229546 1.4996395930785 1.7467171677429 4.6808404605571 3.718584138024791 0.5313122410166109 36.86010663169428 -1.5549012626397778
Truck 0 2 0 388.5671036740012 399.8257526822831 453.4702693239278 451.0922236398805 2.6824442705082 2.3418939796731 6.0544920676707 -11.29842455066044 -0.7725710503602192 62.06805930168176 1.6276684430233894
Car 0 0 0 208.5098469814756 436.25556520793873 346.8868661747691 509.043636217872 1.3630633972388 1.7081648920378 4.4336789365947 -7.865988951793536 0.8534166224176483 25.637891574177193 1.62184101445229
Car 0 2 0 369.85575203012434 428.034128161304 441.3351700003392 472.3257108748908 1.4764177287802 1.803603379926 4.2794817374822 -8.337848284377522 0.23982257619596142 42.58403152436514 1.62184101445229
Car 0 2 0 523.3310247713033 417.1138307996599 568.0867297369384 458.5266945294073 1.8584053833948 1.803603379926 4.2794817374822 -3.850272362720462 -0.30125646531254646 54.54912953883582 1.62184101445229
Car 0 2 0 43.81813861678131 431.3353216498957 204.44968454813105 508.6303038566698 1.5528123019915 1.803603379926 4.2794817374822 -11.811329516369135 0.891846601109616 26.5817089423848 1.62184101445229
Car 1 1 0 770.9793742004925 433.5246545232189 948.8767966782392 558.4625893264902 1.6256865034677 1.8229455664901 5.0351104880189 3.7277983209605288 1.2392440518792815 18.62021259867308 -1.5531514514839055
Car 0 2 0 478.0716003614227 427.1572490720917 544.7667194495024 473.9791846328339 1.4101629107421 1.803603379926 4.2794817374822 -3.895913105466224 0.2589447885684265 38.748288879209944 1.62184101445229
Car 1 2 0 1003.9714780244892 411.5063860348941 1817.5858590377304 890.6388365728104 2.0014965986394 1.7788585867748 4.791631455685 4.181270924866545 1.7149644689622203 7.227087117484212 -1.5407806431758546
Car 1 2 0 984.0684336670714 414.26997900061673 1210.747913686411 538.2988318111392 1.9107172487835 1.8646709600747 5.058258795355 8.462144957773633 1.0765517858767784 20.552060891336854 -1.5682195086873494
