Car 0 0 0 637.8615025065744 403.2166009727865 689.8212058985073 452.5977576505641 2.4504444783515 2.0900948379917 5.8999469982067 2.00821789971088 -0.6677214334155015 59.390271439915885 -1.6173490546399796
Car 0 0 0 -399.6431140508947 453.8458464539351 169.90822887771412 710.9661870783206 1.5514825873918 2.0145998418822 4.4711003227426 -6.034714073915422 1.5994287400001574 9.981560984559371 1.6170225214577894
Car 0 2 0 311.9480098722214 425.5324196046082 396.1723924960209 479.6570092795744 1.5845088143079 1.9815736149661 4.4711003227426 -9.071953875862066 0.4157465842960374 37.58726896754893 1.5426680465088034
Car 1 2 0 687.5018344662142 422.2923069104604 807.7954130975102 506.93700194841495 1.6079812673634 1.7752483717839 5.2810528558363 2.689161565436257 0.7600571757733483 25.631395492461138 -1.6178491768222845
Car 1 2 0 882.3575190831899 399.3296663593728 1047.6271493505358 519.2698404274919 2.357358280475 2.1152743960676 4.6799107367351 7.304393346864209 0.9923369063842327 24.493825251081386 -1.5516065265129386
Car 0 0 0 381.4355176779552 421.1275821228331 478.5945771284911 487.7079008187872 1.6209154360018 1.9970006557484 4.2258203566546 -5.344761503559757 0.5332149482434267 31.029432731349402 1.5915060789419897
Car 0 2 0 702.7448852270671 415.86962626029646 737.8296573880696 442.3504897853291 1.6880117853414 1.7987689730087 4.2943900138582 6.550877834098348 -1.4631091232075566 76.85219495718711 -1.5988368071738837
Car 0 2 0 6.61354658102573 417.15267070639646 182.00776278098937 508.6315685629318 1.8398217685083 1.9330452815384 5.0606231801116 -12.32617787679045 0.833541861315763 26.286297711602064 1.5426680465088034
Car 0 2 0 509.5464893504777 411.98662643844 550.0183274988331 447.3606677844151 2.0195379964971 1.9330452815384 4.4711003227426 -5.803005638355371 -1.013183412259961 68.15887346691484 1.63890830947639
Car 0 2 0 446.3020675667776 420.7881326909837 510.3304568874874 467.920979775463 1.6330371477356 1.9815736149661 4.4711003227426 -5.6714508989358885 0.07537405443580389 43.471270375029576 1.5840725198540895
Car 0 2 0 -269.46648600852427 439.08795349008784 78.86001696039114 592.8023052431421 1.5901527375614 1.9815736149661 4.4711003227426 -9.42977073400615 1.371441992356286 15.154247029117778 1.5426680465088034
Car 0 0 0 720.7369945662291 418.0614783190389 781.7387886810229 458.7418397481576 1.5597827628666 1.7987689730087 5.2314760568527 5.434305007210014 -0.30203940318241385 48.48941718243476 -1.5894854743945717
Car 1 2 0 1146.9026639964516 447.1810509753496 1814.0600374034543 745.8125725975007 1.6285321432703 1.6692701033957 5.0854129368724 6.528203776730543 1.6234937182037796 9.521459672116757 -1.5484924230753805
