Car 0 0 0 637.8354992926135 399.9215400476804 703.3665897311245 461.81779864793776 2.4504444783515 2.0900948379917 5.8999469982067 1.873466159167777 -0.1969414691890376 47.67872368235761 -1.6173490546399796
Car 0 0 0 -596.5651776715587 462.4323062321599 175.15287908874365 886.8570996264604 1.6620294149599 1.8698747442382 4.4711003227426 -4.699803046350766 1.8049475099951313 7.380771368496836 1.5377893728622034
Car 0 2 0 133.87883316874093 433.55865086907954 279.68760814949604 514.3697413847344 1.5901527375614 1.9815736149661 4.4711003227426 -9.790785845803429 0.9948787802746912 26.45355244193153 1.5426680465088034
Car 0 0 0 733.3394003730301 427.769130099351 820.8215836337603 486.3431877257911 1.5597827628666 1.7987689730087 5.2314760568527 4.733201932859141 0.5501749479187173 35.352282265552546 -1.5894854743945717
Car 0 0 0 199.32701173804043 434.9598206821033 367.5292995763212 538.4691702272212 1.5514825873918 1.9815736149661 4.4711003227426 -6.205311144456262 1.1304084777785601 20.800669211466484 1.5426680465088034
Car 0 2 0 356.4317779080607 424.2883422475823 419.4506697133629 465.4345096763011 1.5514825873918 1.9815736149661 4.4711003227426 -10.10866304658942 -0.005791033373161197 47.69408112024514 1.5426680465088034
Car 1 2 0 722.1894354233099 430.4009818600775 960.746304609955 591.9384194589363 1.6079812673634 1.7752483717839 5.2810528558363 2.6364234349970737 1.270026381042223 14.981791295813991 -1.6178491768222845
Car 1 2 0 971.7484677450376 389.3855355333296 1247.3785252712162 563.5890591351803 2.1931851145133 1.925843819958 4.6799107367351 6.857103784110095 1.1412733885909059 16.446355826992626 -1.5516065265129386
Car 0 0 0 422.93225876641577 421.105458334077 493.5356898911639 470.6763170409838 1.6209154360018 1.9970006557484 4.2258203566546 -6.07452983284613 0.16665803914880156 40.94640742949356 1.5915060789419897
Car 0 2 0 711.757074827077 419.7359771512676 754.789146362006 452.046865825451 1.6880117853414 1.7987689730087 4.2943900138582 6.180636013129652 -0.6941421536242013 63.89481809716116 -1.5988368071738837
Car 0 2 0 499.4243422150191 416.5366058399585 535.4137371240224 442.6786228941165 1.6866246424544 1.9330452815384 4.4711003227426 -7.527972302671203 -1.4640626338109908 78.04827511352798 1.63890830947639
Car 0 2 0 462.3809995354811 418.13387224354113 513.4232334471182 453.5841905668229 1.5339584669873 1.9815736149661 4.4711003227426 -6.565662147674248 -0.5344402793481051 53.6200082488256 1.5840725198540895
