Car 0 0 0 -571.6559772126676 403.9842835433772 253.4862758245165 851.7725483783883 2.0277076740113 1.8119967476622 5.1974958291069 -4.460476693706165 1.6509389459580728 7.763198014906543 1.6446801318243898
Car 0 0 0 682.729951313241 429.15450375643456 726.0571315691574 462.2021740254514 1.4182449495476 1.7467171677429 4.050359908727 3.8319400346478365 -0.12200326275847957 54.23514350724891 -1.5549012626397778
Truck 0 1 0 304.81590194072385 391.2083017535124 400.4976398159104 465.5222809522119 2.9419225019798 2.3418939796731 6.3235806040116 -11.47008614913234 -0.05881500841212825 47.42907680685988 1.6276684430233894
Car 0 1 0 476.97005938264095 418.9720950223279 545.6483776297132 479.0018738648459 1.8186532931583 1.78895520587 4.2270799202885 -3.7808797498560165 0.40978251264732957 37.6296367595165 1.6253662848034898
Car 0 0 0 714.8431950071214 428.316290274755 795.1211563240832 490.6912406368817 1.6215528400517 1.8229455664901 4.6416283643918 3.8760837960008865 0.6669330019145153 33.871270733459866 -1.5531514514839055
Car 0 1 0 328.3609882020139 437.4140661051583 467.34471146236046 536.7207793064592 1.4874601984532 1.6158813954847 4.2794817374822 -4.082048181803432 1.1137975653470247 20.671127485394123 1.62184101445229
Car 0 2 0 836.9607839076355 417.8372873587152 924.588424311754 483.1336106149881 1.9907314169483 1.8646709600747 4.2152156627958 8.579942841799587 0.5401062954948452 37.671464952903136 -1.5682195086873494
Car 0 0 0 807.8203717122693 412.12075130914616 919.4664771568836 521.9187915656873 2.1079591836734 1.7232614590348 4.3720876876757 5.0860468153788085 1.057781760799819 24.249373635014063 -1.4766668880626046
Car 0 2 0 180.13810075874255 430.70146420082574 320.9672376362247 505.460917280122 1.4874601984532 1.803603379926 4.2794817374822 -8.751296834405533 0.8151441191384352 26.4056583281555 1.62184101445229
Car 0 2 0 525.1218352972329 424.1098412724542 568.419091190012 458.4899424839003 1.5377345901957 1.78895520587 4.2270799202885 -3.882211272718185 -0.30511784268920095 55.68288691545405 1.62184101445229
Car 0 2 0 429.8059980185408 423.806687207906 470.9810604059717 452.8136346828655 1.6172437104566 1.78895520587 4.2270799202885 -10.747567526108494 -0.6868747363605636 68.61070013034694 1.62184101445229
Car 1 2 0 1061.103720886317 440.5416727268357 1329.8634929958844 585.03674444251 1.6068400327158 1.6756299522763 4.6781413740476 7.997890137372055 1.3916537722693365 16.180837997942405 -1.4828415388449736
Car 1 2 0 1004.1380036616138 489.8954778561831 2385.0829856100268 1269.4121434428546 1.5679198893991 1.812715073283 4.2084975473741 3.355959731983213 1.8723940140724369 4.890386963024003 -1.571763501319051
Car 0 2 0 555.2844088115146 425.9793171253221 589.3755449718186 451.74583217236 1.525527572513 1.9674185756784 4.537640894024 -3.477451901652829 -0.8088571965486901 73.94166371191048 1.62184101445229
