Car 0 0 0 636.6207355655919 401.556467825709 682.6778866696552 449.5256146490357 2.6954889261866 2.0900948379917 5.8999469982067 2.013865567765262 -0.9043227882308276 66.52576464833294 -1.6173490546399796
Car 0 2 0 253.1522116193866 428.29192839906665 360.4289942630048 493.94024374962567 1.5845088143079 1.9815736149661 4.4711003227426 -8.923083479145559 0.6973921685562022 31.579627079282197 1.5426680465088034
Car 1 2 0 684.3378691241388 424.6139493813099 779.8169040374185 490.5467727225094 1.6079812673634 1.8541482994187 5.2810528558363 3.0056702860267706 0.5930759693714688 32.341919570507386 -1.6178491768222845
Car 1 2 0 849.1644850919329 397.2823086512264 977.102210550943 497.25237432653336 2.4353567927539 2.1152743960676 4.6799107367351 7.551187173648812 0.7179445752162992 29.691216946087152 -1.5516065265129386
Car 0 0 0 323.4965950273143 425.1271846628196 452.3120635105484 512.7302242615361 1.6652932283518 1.9970006557484 4.2258203566546 -5.16649159063408 0.9024702220715588 24.844505464423538 1.5915060789419897
Car 0 2 0 -289.74263707896523 425.0646107481632 23.69962585837652 563.2998352369884 1.8398217685083 1.9330452815384 5.0606231801116 -12.255217165412345 1.296063967228586 18.55760811188284 1.5426680465088034
Car 0 2 0 510.873135308712 413.3757922376704 554.8732849139485 452.24470766522415 2.0195379964971 1.9330452815384 4.4711003227426 -5.129466000482279 -0.671896797467511 62.380854111735324 1.63890830947639
Car 0 2 0 429.2831872321474 424.2789886174291 504.2874471581837 479.3262078706844 1.6330371477356 1.9815736149661 4.4711003227426 -5.305426257387299 0.4110266748328395 37.824498032370265 1.5840725198540895
Cyclist 0 0 0 1231.10751727014 427.5112149032793 1304.0411808660538 494.8194694975261 1.7474829931973 0.927357259528 1.3764772394161 17.29409485860646 0.8341219677259097 29.963048406443868 3.1193305693134894
Cyclist 0 0 0 1209.5360543789616 421.701250949752 1293.9694261710115 494.6223462313605 1.9710571995465 0.78006651788744 1.8792278787459 17.44167786332557 0.8622473189695988 30.98405791477613 3.1193305693134894
Car 0 0 0 711.5090941016673 418.6861598393924 761.9822854666869 452.98322123592834 1.5597827628666 1.7987689730087 5.2314760568527 5.6813104646895525 -0.6103626554689383 57.115004198644286 -1.5894854743945717
Car 1 2 0 1006.5728018872106 437.4851363972524 1321.079029770012 605.7631092841838 1.6285321432703 1.6692701033957 4.7675746283179 6.623680671233214 1.4049924134088432 14.397560275339327 -1.5484924230753805
Car 1 2 0 992.1301494394424 477.37439676121056 2651.523592276032 1410.2463949076573 1.6109412264756 1.8129765134554 4.4441754329071 3.1811388984696447 1.8403968914878568 4.553984549087412 -1.5549012626397778
