Car 0 0 0 636.5338125024418 403.645511330604 691.4652917617386 456.0392780983036 2.4504444783515 2.0900948379917 5.8999469982067 1.9013750396676865 -0.4756477067489922 56.197235371772386 -1.6173490546399796
Car 0 2 0 -114.83079085374423 439.0447238911708 148.88857818180782 564.8231455418268 1.5901527375614 1.9815736149661 4.4711003227426 -9.55468842189147 1.311538629340735 18.01007493721424 1.5426680465088034
Car 0 0 0 723.2389634323205 419.7037539183797 789.4443786022259 463.8551202840816 1.5597827628666 1.7987689730087 5.2314760568527 5.2481060715799295 -0.09643757405574549 45.08018105523583 -1.5894854743945717
Car 0 0 0 -143.31254612618443 443.4737150919578 246.93449167066592 631.199998375686 1.5514825873918 2.0145998418822 4.4711003227426 -6.083904564729724 1.4422786416782307 12.610555142149208 1.6170225214577894
Car 0 2 0 327.02369600143624 423.7681287905218 404.53243964642354 474.0422831937833 1.5845088143079 1.9815736149661 4.4711003227426 -9.277695843685708 0.2646988282571662 40.13334916021945 1.5426680465088034
Car 1 2 0 689.596446058315 425.2364826815692 826.9139768560094 522.2898082365042 1.6079812673634 1.7752483717839 5.2810528558363 2.581437239020069 0.9268578396070599 22.860306810161866 -1.6178491768222845
Car 1 2 0 896.6942713272803 388.97161382373673 1082.2486064733191 520.2877982892861 2.357358280475 2.1152743960676 4.6799107367351 7.151930323281575 0.9057048674494117 22.45436428764939 -1.5516065265129386
Car 0 0 0 395.3128821714331 422.1012834023408 483.8256634327844 483.3979664011711 1.6209154360018 1.9970006557484 4.2258203566546 -5.5141986207015705 0.47013189414082823 33.58701628332686 1.5915060789419897
Car 0 2 0 705.8144293808967 419.3126572227053 743.2639498779363 447.6574012318663 1.6880117853414 1.7987689730087 4.2943900138582 6.450216434381477 -1.0493093566849128 72.46404845257092 -1.5988368071738837
Car 0 2 0 82.68789623735756 421.7602113660721 219.02469118265537 486.64256533635785 1.4854301335596 1.9330452815384 4.4711003227426 -12.549041068504424 0.46511449245427783 29.769153904353043 1.5426680465088034
Car 0 2 0 505.488784431053 417.72698651736295 544.7795123555687 446.7854246150242 1.6866246424544 1.9330452815384 4.4711003227426 -6.312569377330078 -1.0811254202934863 70.61160621083881 1.63890830947639
Car 0 2 0 450.76724189403154 421.8793476015302 511.19807002891577 464.0528968460764 1.5339584669873 1.9815736149661 4.4711003227426 -5.877155954995627 -0.0640273546255178 45.82295321919738 1.5840725198540895
Car 1 2 0 1257.3471219019434 457.88029193372273 2326.0156909114617 892.4827123115525 1.6285321432703 1.6692701033957 5.0854129368724 6.5547072152309225 1.74663320180385 7.462892556791759 -1.5484924230753805
