Car 0 1 0 -309.78298765383795 449.677336246468 86.37753623741776 609.9276692121332 1.4764177287802 1.9087811148245 4.4711003227426 -8.872683941059513 1.4332927823675303 14.029724455745637 1.62184101445229
Car 0 0 0 692.7815613084147 419.64567013096206 744.3053321856174 460.9607754126334 1.8189893213504 1.807854974531 4.2678999001016 4.490889551874073 -0.1886626958864334 53.948875838340065 -1.6178491768222845
Car 0 1 0 787.136213674608 405.7103881593687 854.4332317510705 479.46565076844666 2.9064165692155 1.9987184599578 4.3153737284047 8.168258493066357 0.5619685901472077 46.78405108963007 -1.5516065265129386
Car 0 0 0 -1445.1327500162893 453.52909415750986 44.522366395749714 1061.4727230029544 1.6368681909237 1.952036594396 4.6492824048891 -5.2668941777104346 1.7172819319805885 5.779724101369112 1.63699277399299
Car 0 1 0 494.0258812862917 415.4105741106862 558.5868455444851 467.1904212238898 1.8553575163006 1.9685501948728 4.8543374932634 -3.868215365934123 0.04268085668907182 44.36397801528935 1.63890830947639
Car 0 0 0 267.5417341981561 434.8722828721696 430.97266136029526 538.4560740460261 1.5365068226332 1.7115925074729 4.0331149850045 -4.82183641805784 1.1208609105049718 20.066283062986166 1.6628611869793897
Cyclist 0 0 0 1238.153782502377 427.28550656585054 1316.0063220453196 493.77166598536337 1.7091307959166 0.72312228027552 1.6108846196514 17.297849367206187 0.8014102220632653 29.527626302665954 3.1193305693134894
Car 0 1 0 831.5659877312097 427.5032363749076 951.7152400583374 498.25800569243 1.6473677752197 1.8256989968834 4.2572323326397 7.132989298168886 0.7752286809112402 30.216087224688845 -1.6469813529823565
Car 0 2 0 227.1090797126224 431.97749757939175 350.85799642546664 500.0312293214939 1.4764177287802 1.803603379926 4.2794817374822 -8.549332119713373 0.7746990151288077 28.696312597035824 1.62184101445229
Car 0 0 0 741.8668311176854 436.6525923763067 886.2973108994701 538.2431298847697 1.4616804759835 1.7574772324312 4.6808404605571 3.3074613333870224 1.0881235359499764 20.35590578312094 -1.5549012626397778
Car 0 2 0 -119.3193257193609 435.6714757217758 108.64337947573324 531.4789232021124 1.523163388735 1.9087811148245 4.2794817374822 -12.072223262046297 1.090201864923393 21.706829382630197 1.62184101445229
Truck 0 2 0 426.5471456091335 399.59783567371846 478.5394711987752 449.8727728121173 3.2702302717561 2.3418939796731 5.3551350695794 -11.691496586403769 -0.9690078163664595 75.77242535837645 1.6707126812554893
Car 0 2 0 382.51722821875 427.1761097304352 453.5445628547328 471.91851794355256 1.4764177287802 1.803603379926 4.2794817374822 -7.770966445887324 0.22066135941101972 42.09667200155204 1.62184101445229
Car 0 2 0 546.347386436781 416.4791499837321 579.3931483723139 446.4038177257248 1.7770182921012 1.803603379926 4.2794817374822 -3.9752321478447987 -1.1138355740858903 71.56720253651655 1.62184101445229
Car 1 2 0 1158.8006722580917 499.44796316605857 9342.28524638931 3943.528742021172 1.5832188530668 1.8938378940758 5.1356713391209 3.775969986757224 1.9343317519001348 3.2472734460377417 -1.5531514514839055
Car 0 2 0 439.376603707969 425.8841227406631 486.5307515641778 457.0920112815165 1.4764177287802 1.803603379926 4.2794817374822 -8.600965622522661 -0.39013776684187085 59.2617570246509 1.62184101445229
