Car 0 0 0 639.5463560934088 402.03298861146646 690.013632289504 454.367068043188 2.6954889261866 2.0900948379917 5.8999469982067 2.128470526472103 -0.5910253224311879 61.28255018919184 -1.6173490546399796
Car 0 0 0 -723.6998330420193 464.2641035405757 88.34317602951865 808.6242085534043 1.5514825873918 2.0145998418822 4.4711003227426 -6.043871575388111 1.709422690059563 8.146724998171411 1.6170225214577894
Car 0 2 0 295.6833924882782 426.8658131214154 385.6264749679799 483.8905317666204 1.5845088143079 1.9815736149661 4.4711003227426 -9.085987489412004 0.5171178644442894 35.8969466998743 1.5426680465088034
Car 1 2 0 685.5351065423607 424.755369949734 799.7407043903745 503.5087374858645 1.6079812673634 1.8541482994187 5.2810528558363 2.7815196476450015 0.7593729921940318 27.526358887692485 -1.6178491768222845
Car 1 2 0 871.3739722517914 396.0062342630504 1023.5305243513624 507.4410827889866 2.357358280475 2.1152743960676 4.6799107367351 7.383676203283929 0.8199433920788715 26.047740533570796 -1.5516065265129386
Car 0 0 0 366.6050748344628 420.9822371516117 471.28758250609513 493.6659098258549 1.6652932283518 1.9970006557484 4.2258203566546 -5.3193280035726005 0.6383209020335907 29.271998457617872 1.5915060789419897
Car 0 2 0 -56.8188108856898 418.9365285315074 145.53713932285046 520.1621880801493 1.8398217685083 1.9330452815384 5.0606231801116 -12.326823034772458 0.9649587119869734 24.09285531284018 1.5426680465088034
Car 0 2 0 508.1190747623906 412.3750755194472 549.6658775915755 448.69110362393457 2.0195379964971 1.9330452815384 4.4711003227426 -5.712069769642284 -0.91407826101528 66.49367494400603 1.63890830947639
Car 0 2 0 441.8838782054383 421.7763592140177 508.9352138204728 471.1195412170831 1.6330371477356 1.9815736149661 4.4711003227426 -5.544822504371494 0.1797895556580839 41.71311644276671 1.5840725198540895
Cyclist 0 0 0 1248.1789216061454 420.05223901229056 1316.165105210355 487.87746804115375 1.7474829931973 0.64905314241631 1.3764772394161 17.36111756030854 0.6483708621531052 29.402762146008296 3.1193305693134894
Cyclist 0 0 0 1225.1561813637668 427.2210900216945 1288.1708655139753 484.0601710557538 1.5122448979592 0.56572536232468 1.3764772394161 17.265764372009713 0.5717979071367933 30.41143328249622 3.1193305693134894
Cyclist 0 0 0 1202.4914987435675 425.1834884579712 1267.456056644328 480.681204702364 1.5122448979592 0.76015684920515 1.3764772394161 17.166921135346534 0.4880184293305525 31.31718403339181 3.1193305693134894
Car 0 2 0 699.2253502872001 417.5945446935499 733.2386398008316 443.50308823826816 1.6880117853414 1.7987689730087 4.2943900138582 6.4299950397095715 -1.4179667350416483 78.78697523889281 -1.5988368071738837
Car 0 0 0 716.9943880815485 417.1263480106157 774.7931589440052 455.8349621478797 1.5597827628666 1.7987689730087 5.2314760568527 5.445151023391317 -0.43444253431028823 50.698087634525336 -1.5894854743945717
Car 1 2 0 1098.2490743633814 447.8409252181812 1621.6270472253218 696.4727840597104 1.6285321432703 1.6692701033957 5.0854129368724 6.603314699604251 1.6124656082886988 10.9370233887654 -1.5484924230753805
