Car 0 1 0 735.13213455025 409.0043349962029 774.0486340565913 459.9255450585397 3.1967146609004 1.9987184599578 4.3153737284047 8.515981118642998 -0.2746399870924714 73.39610158002013 -1.5516065265129386
Car 0 0 0 262.3467367452065 414.5143658877405 455.7203915430557 552.8388293077214 1.8872110063364 1.8119967476622 4.8356948220929 -4.155185554416292 1.1524467077850358 18.303835012189253 1.6446801318243898
Car 0 0 0 694.6548807438654 427.5737721862251 750.0023338435652 471.6241639997237 1.5249887764652 1.7467171677429 4.050359908727 3.7791962447468017 0.2306882436131244 43.74493263109929 -1.5549012626397778
Truck 0 1 0 363.45913160121984 398.99767937218616 437.01613023979655 455.49529928888506 2.6824442705082 2.3418939796731 6.0544920676707 -11.32112538100959 -0.505408322568197 56.513018429556524 1.6276684430233894
Car 0 0 0 49.1964992061528 442.1046285072436 256.35243208530625 547.4152331996612 1.4467286164406 1.7081648920378 4.1963912467353 -7.988110151933059 1.1922826786669816 19.29703493492168 1.62184101445229
Car 0 2 0 506.6650422597059 422.5213918199141 558.8828367602631 464.4268904438446 1.6056555219902 1.803603379926 4.2794817374822 -3.9149579080938066 -0.03703961734131114 47.76691220942044 1.62184101445229
Car 0 1 0 -162.27250583847126 442.54317991032656 70.35643109027649 542.4361725038298 1.4408564693026 1.6710937438498 3.9650708343202 -11.820527944642281 1.1782014268668692 19.956695419826023 1.62184101445229
Car 0 0 0 738.7632071926187 427.47480686294375 860.7629831038519 522.1869818641167 1.7374935259066 1.8229455664901 5.17850159051 3.7647609383429708 1.0436829852566962 24.86928750389701 -1.5531514514839055
Car 0 2 0 440.6922769791998 432.8170332401742 526.0679060839473 491.5914135735703 1.4101629107421 1.803603379926 4.2794817374822 -3.9549184576068983 0.652551663964846 31.700053051401888 1.62184101445229
Car 1 2 0 861.0402649101198 417.3007856745804 1111.2345895149206 605.8517605592627 2.0014965986394 1.7232614590348 4.791631455685 4.527332728600333 1.4584304900710754 14.813944710349574 -1.5407806431758546
Car 1 2 0 902.41368613446 413.50722214475206 1048.096559518929 490.8861742085402 1.6488750742679 1.8646709600747 5.0348409305617 8.517900578122989 0.4912665618682075 27.57668969186993 -1.5682195086873494
