Car 0 1 0 682.5947502903589 421.5722254900176 721.1093867939773 455.5602956462338 1.6899565089743 1.7467171677429 4.050359908727 4.164544130897475 -0.47263119101768103 60.780207677169486 -1.5549012626397778
Truck 0 1 0 257.6762039106059 390.6373150863998 370.7765466947249 475.0762552568192 2.9419225019798 2.3418939796731 6.239833661579 -11.586542914626378 0.26268425197337136 42.076921231191925 1.6276684430233894
Car 0 1 0 435.4900698514522 418.8314930680618 522.9384266479416 492.29938164898175 1.8198702694888 1.78895520587 4.2270799202885 -3.9956094159417006 0.6587200655980224 31.1399345769763 1.6253662848034898
Car 0 0 0 706.2057852156382 427.288536368849 772.8780059208624 478.6110242817552 1.5810429385741 1.8229455664901 4.6416283643918 4.020252629253336 0.410541953700327 39.6954844539199 -1.5531514514839055
Car 0 0 0 136.4855316532163 444.19487569881073 389.666385354444 610.7318890235363 1.5369259554578 1.6158813954847 4.2794817374822 -4.1940563613334545 1.4144137722323111 13.681837384855996 1.62184101445229
Car 0 2 0 817.0468067442841 420.0231909462081 889.106858092431 466.4616889319191 1.6488750742679 1.8646709600747 4.2152156627958 8.981483469534503 0.031974726333898446 44.12101991815548 -1.5682195086873494
Car 0 0 0 787.1238079092766 416.6835371115441 865.9922807723401 492.3072197437945 1.8920722165084 1.6813674848283 4.144966249355 5.56695099258814 0.6654828265914289 31.14344622357379 -1.4766668880626046
Car 0 2 0 30.44868087661939 437.2366410114202 236.77236084652628 537.5366915715539 1.4874601984532 1.803603379926 4.2794817374822 -8.845777648285692 1.1147914595048818 20.492337584909137 1.62184101445229
Car 0 1 0 510.9649960703661 426.0903001985368 560.9544757760573 460.9935119945144 1.3489004295761 1.78895520587 4.2270799202885 -3.8900220527582228 -0.17789684863438934 49.104444831445676 1.62184101445229
Car 0 2 0 412.7981402047652 424.327314834203 458.3343452208367 451.00914439539423 1.3489004295761 1.78895520587 4.2270799202885 -10.757483547231255 -0.7422397096567577 63.317828196774755 1.62184101445229
Car 1 2 0 983.2388982807088 434.21204289555146 1149.3879119178546 536.0733276458425 1.6068400327158 1.6756299522763 4.189380334968 8.266738804463532 1.151053617580933 21.253883626835183 -1.4828415388449736
Truck 1 2 0 1200.4782861406954 -248.22292740532797 5106.154562011734 1407.0869025128425 3.5205037091742 2.8937015045598 10.625817919727 7.950430073052821 1.76840911318962 7.833298468997307 -1.4712448431193286
Car 1 2 0 872.4637097068936 449.8940174230898 1285.1838918256576 703.7785976100861 1.5679198893991 1.812715073283 4.2084975473741 3.6566414323606304 1.5673524424446108 9.945551458880583 -1.571763501319051
Car 0 2 0 548.592117130612 428.1661442535449 585.5517397633249 456.0432989272896 1.525527572513 1.9674185756784 4.537640894024 -3.5583591668967345 -0.5037741054879172 68.85921427774272 1.62184101445229
