Car 0 0 0 -931.7610739980144 401.542391723268 201.8385458303834 982.4136958558404 2.0565826508397 1.8119967476622 5.1974958291069 -4.504830716020383 1.7197178098388601 6.620554796897642 1.6446801318243898
Car 0 0 0 679.6052752509953 429.501532418672 721.8557812347636 461.9291784346536 1.4182449495476 1.7467171677429 4.050359908727 3.7249156184569276 -0.13497099783035685 55.27587651849361 -1.5549012626397778
Truck 0 1 0 297.7408692509597 391.1226160658812 395.6224870005253 466.9568657529729 2.9419225019798 2.3418939796731 6.239833661579 -11.49031356298569 -0.002973696269985865 46.49945914685104 1.6276684430233894
Car 0 1 0 470.94467707091417 419.7174826704013 542.4194553673335 478.1112108400469 1.699389612767 1.78895520587 4.2270799202885 -3.805355959352476 0.3636358585307661 36.40855706770193 1.6253662848034898
Car 0 0 0 706.6190517372888 427.5342564043172 783.4182780709749 488.35246589586274 1.6316803154211 1.8229455664901 4.6416283643918 3.677376328927742 0.6225932687782536 34.804750674807664 -1.5531514514839055
Car 0 1 0 305.84865700906994 437.26103664129886 457.3403933304571 546.747890283826 1.5369259554578 1.6158813954847 4.2794817374822 -4.101613762601542 1.1875749677879952 19.44205275697601 1.62184101445229
Car 0 2 0 836.9437573132218 418.9449490141056 921.9978368159356 479.32984301384806 1.887138585833 1.8646709600747 4.2152156627958 8.781628225926253 0.43484535989940254 38.73231800383054 -1.5682195086873494
Car 0 0 0 801.3549282963885 411.66609913832366 908.385287898839 515.8334572479232 2.1079591836734 1.805237649511 3.9746251706143 5.099392911040262 1.002577740330099 25.16918667198825 -1.4766668880626046
Car 0 2 0 161.9457403089909 431.87466287150335 310.29658501488217 509.7705670370098 1.4874601984532 1.803603379926 4.2794817374822 -8.765866947765922 0.870084737977374 25.490389913377435 1.62184101445229
Car 0 2 0 523.997716362442 423.0909786904873 568.168395810349 459.73033438539824 1.6172437104566 1.78895520587 4.2270799202885 -3.843478636424062 -0.24312590979984167 54.674724101595096 1.62184101445229
Car 0 2 0 427.4907140213134 424.1405106502133 469.2703666436224 451.8556405698688 1.5178573101305 1.78895520587 4.2270799202885 -10.739542571038115 -0.7366016970899337 67.77782956828528 1.62184101445229
Car 1 2 0 1044.8617839376648 438.5667916271456 1290.8374859412158 573.6367438844806 1.6068400327158 1.6756299522763 4.631592703659 8.043336153958695 1.3398969180526106 17.039229310227938 -1.4828415388449736
Car 1 2 0 981.2072609830072 480.03372356729074 2022.2858167882573 1073.102487195601 1.5679198893991 1.812715073283 4.2084975473741 3.4681448935604435 1.8237695795082278 5.688418863460644 -1.571763501319051
Car 0 2 0 554.1937469370872 426.3370564585725 588.7499703415618 452.4462595901285 1.525527572513 1.9674185756784 4.537640894024 -3.4914704872148663 -0.7559962649292162 73.06104128519769 1.62184101445229
