Car 0 1 0 729.041886743151 410.02281454182827 765.9195713709468 454.3914541640669 2.9009322897183 1.9987184599578 4.3153737284047 8.402003678421412 -0.6518230866391417 76.60121301473764 -1.5516065265129386
Car 0 0 0 162.64371363911636 410.3518457352246 422.4502566444325 592.99964890925 2.0054296088209 1.8119967476622 5.0133325910677 -4.219578488807098 1.3415322537794563 15.15553932835497 1.6446801318243898
Car 0 0 0 690.4898991692205 428.462515112807 741.7283639643983 468.8892890003263 1.4958768236695 1.7467171677429 4.050359908727 3.7857858423919812 0.1465392840634399 46.771362059451874 -1.5549012626397778
Truck 0 1 0 347.4987555704916 396.8324388434527 426.5904312742135 465.29142462853 3.0973952175387 2.3418939796731 6.0544920676707 -11.380159641499002 -0.041332256317113875 53.719244147352974 1.6276684430233894
Car 0 0 0 -64.97690763981029 442.9353176324587 199.89758346194876 569.1759282440498 1.4467286164406 1.7081648920378 4.1963912467353 -7.991943353036399 1.2569466479898972 16.469392541975726 1.62184101445229
Car 0 2 0 491.53006910106194 422.1212645448321 553.6393436333879 468.705582072305 1.6751821828944 2.0244527733863 4.2794817374822 -4.072126257086484 0.12068399472771907 44.8387273609039 1.62184101445229
Car 0 0 0 732.6684648607868 432.2835263246262 835.5210384519503 506.71517434444746 1.5194513536746 1.8229455664901 4.2751840198345 3.780752240620213 0.8689534200407716 27.1203932720708 -1.5531514514839055
Car 0 2 0 415.7124105198982 428.6835385137952 513.6934631011984 497.2728030017248 1.4874601984532 1.803603379926 4.2794817374822 -4.007278098832528 0.7014411772394898 28.468095727500543 1.62184101445229
Car 1 2 0 851.1052794412624 414.8966005866844 1040.2327728600203 575.4103769301986 2.0014965986394 1.7232614590348 4.791631455685 4.649710972142932 1.333586668182862 16.882945324718076 -1.4766668880626046
Car 1 2 0 1224.2581516021737 446.6940141196907 1827.7284443856345 707.1976741532025 1.6068400327158 1.6756299522763 5.0419968142513 7.6908851492048536 1.582020171923301 10.394245820123327 -1.4828415388449736
Car 1 2 0 887.6294323660965 414.2237101063485 1014.884771833898 483.3719782545803 1.6488750742679 1.8646709600747 5.0348409305617 8.834169480445894 0.37999526727538246 30.608259547973983 -1.5682195086873494
