Car 0 0 0 636.3083392797543 400.36231408959753 708.8353413637093 469.1580520289402 2.4504444783515 2.0900948379917 5.8999469982067 1.7597359049858388 0.06995379324205517 43.23765090888321 -1.6173490546399796
Car 0 0 0 -40.41377319551418 441.4071035070539 304.70834516385 658.8309335983437 1.6620294149599 1.8698747442382 4.4711003227426 -4.845478732243882 1.5415597491565016 11.79468651234945 1.5377893728622034
Car 0 2 0 709.3516643260799 419.5823824024787 755.9622276688815 454.7032998079408 1.6880117853414 1.7987689730087 4.2943900138582 5.6623860732782525 -0.5136404022976868 58.93948245115205 -1.5988368071738837
Car 0 2 0 199.59658680087196 428.5130266473884 316.5891832716545 495.9559700488117 1.5901527375614 1.9815736149661 4.4711003227426 -10.073536660419009 0.7300660552472049 30.907837718950674 1.5426680465088034
Car 0 0 0 732.4258187738832 422.0371055707087 834.1417324217613 489.698861087784 1.5597827628666 1.7987689730087 5.0627187646962 4.208292347175622 0.5321206431699552 30.369864889878254 -1.5894854743945717
Car 0 1 0 -355.544964279232 444.2307995064408 43.59380304032129 623.9813118729958 1.6414529898521 1.9051680984344 4.4711003227426 -9.19766758400071 1.5255807083415072 13.728583690448845 1.5426680465088034
Car 0 0 0 269.86573679584035 431.63630407703664 398.3693951426078 510.8837508998857 1.4854301335596 1.9815736149661 4.4711003227426 -6.494265652461606 0.8706997762359647 25.354596956050333 1.5426680465088034
Car 0 2 0 372.473442108204 425.66498943857135 429.0824131803815 461.89358210439553 1.4854301335596 1.9815736149661 4.4711003227426 -10.436124339027382 -0.15128419805273596 52.00302269063738 1.5426680465088034
Car 1 2 0 773.2982713137694 443.29573808579767 1140.2348449583487 688.9705780358177 1.6079812673634 1.7752483717839 4.5646419993771 2.7737300265119185 1.53390278077384 10.560732755379398 -1.6178491768222845
Car 1 2 0 1020.433772527394 384.0425074350719 1405.7521159946791 618.291197998598 2.357358280475 2.1152743960676 4.6799107367351 6.769275731615237 1.4375601477721094 13.623298454528898 -1.5516065265129386
