Car 0 0 0 637.8549461557152 403.7411196830551 693.709272251682 456.8951983949951 2.4504444783515 2.0900948379917 5.8999469982067 1.9629030976188606 -0.43115727473646054 55.447186741886405 -1.6173490546399796
Car 0 2 0 -74.00781231974531 436.9894923103613 168.20649265475367 554.5919724755016 1.5901527375614 1.9815736149661 4.4711003227426 -9.61909277410945 1.2512201753067143 19.02466213920163 1.5426680465088034
Car 0 0 0 727.0810056467811 418.1317446062964 795.5828446982838 463.2983782133281 1.5597827628666 1.7987689730087 5.2314760568527 5.308456107183663 -0.11896436922064788 43.944958401382415 -1.5894854743945717
Car 0 0 0 -72.76686457368248 446.6799954645752 272.15347663812827 618.8185363014951 1.5514825873918 2.0145998418822 4.4711003227426 -6.071982375778809 1.4706705382858936 13.632436830468272 1.6170225214577894
Car 0 2 0 331.3449971915621 423.2331224776019 406.8820421780128 472.35361455212 1.5845088143079 1.9815736149661 4.4711003227426 -9.35307716506552 0.21492063183768118 40.973333743510246 1.5426680465088034
Car 1 2 0 694.2983723720771 426.2784715510455 839.0898430683314 528.0335694751665 1.6079812673634 1.7752483717839 5.2810528558363 2.634053579906927 0.979035021237503 21.983034483150934 -1.6178491768222845
Car 1 2 0 904.7926714361436 388.7373402780654 1098.8304206333603 524.6152289108626 2.357358280475 2.1152743960676 4.6799107367351 7.1627220270726335 0.9460485940570613 21.779668555047202 -1.5516065265129386
Car 0 0 0 398.6887581400065 421.53568736942896 484.8701250847831 481.24730520486617 1.6209154360018 1.9970006557484 4.2258203566546 -5.581193469635778 0.42293241395176906 34.38294396037049 1.5915060789419897
Car 0 2 0 705.8019160307811 414.99384747510607 743.2599376146784 443.0818534844569 1.6880117853414 1.7987689730087 4.2943900138582 6.448119461452156 -1.3385847520581506 72.4467175887138 -1.5988368071738837
Car 0 2 0 103.4773288371282 420.78422240481433 231.7396800149664 482.6654231917658 1.4854301335596 1.9330452815384 4.4711003227426 -12.629153799312618 0.3900842203631556 31.03120139950854 1.5426680465088034
Car 0 2 0 507.4541029753273 417.7867450318972 546.1616598850097 446.48456766890087 1.6866246424544 1.9330452815384 4.4711003227426 -6.283767967032778 -1.111857385994168 71.48023140888417 1.63890830947639
Car 0 2 0 451.6287351741292 422.9578522770294 510.9647016166104 464.45924436450434 1.5339584669873 1.9815736149661 4.4711003227426 -5.971651143323353 -0.04631784851235278 46.64330013483248 1.5840725198540895
