Car 0 0 0 695.9582541927689 420.7514479905248 750.3010569197398 462.4178926666762 1.7386402113712 1.807854974531 4.2678999001016 4.493441764462221 -0.12151408106201252 51.48419562162646 -1.6178491768222845
Car 0 0 0 794.0890442120251 406.099036816238 864.9700302700852 476.4634085125009 2.6527385116006 1.9987184599578 4.3153737284047 8.195526343749234 0.4175515519618337 44.94933790102842 -1.5516065265129386
Car 0 0 0 -646.5091145236521 445.3513202480532 167.91747413485157 815.3781598074213 1.6368681909237 1.952036594396 4.6492824048891 -5.2370970298507356 1.626879321412128 7.884592324017336 1.63699277399299
Car 0 1 0 494.11560850030577 414.9317588829711 556.1447765525396 469.0665073739993 2.0412761458164 1.9685501948728 4.8543374932634 -4.09222103055763 0.12588209827027563 46.312751863674954 1.63890830947639
Car 0 1 0 299.7526545444324 432.0326749034837 446.0125908026647 526.1541315405955 1.5365068226332 1.7115925074729 4.0331149850045 -4.798162842143435 1.0187119310610926 21.76841975587648 1.6628611869793897
Cyclist 0 0 0 1236.9874743037728 428.5805419286595 1314.681522803888 493.99168742554656 1.6822827189224 0.72312228027552 1.6108846196514 17.28685454474035 0.8082427567423622 29.564560990370317 3.1193305693134894
Car 0 1 0 842.9555628843005 426.0657998529741 972.7882867684626 501.9594729949897 1.6641054404077 1.8256989968834 4.2572323326397 7.123649726461397 0.8063191658244909 28.482871684547163 -1.6469813529823565
Car 0 2 0 254.6186569764976 427.2782072944132 368.22164831428535 493.6391955574588 1.5565778789991 1.803603379926 4.2794817374822 -8.466653120431985 0.6707504232396976 30.42134774757086 1.62184101445229
Car 0 1 0 751.6711764390959 433.6344246472494 913.6757790751568 555.2657823274155 1.6177084913354 1.7574772324312 4.6808404605571 3.318229334315812 1.2250579854405044 18.698847228815026 -1.5549012626397778
Car 0 2 0 -60.204543153128725 427.8592196858614 143.19319686129614 520.9228694335791 1.6420378814428 1.9087811148245 4.2794817374822 -12.045997057997793 0.9913087510131853 23.354312529232708 1.62184101445229
Truck 0 2 0 426.8611996535793 399.54688811851815 477.7893114607942 443.7631746186479 2.9302603779607 2.3418939796731 5.3551350695794 -11.939781781413673 -1.3959581841018494 77.24396187652403 1.6707126812554893
Car 0 2 0 390.5772025577936 428.369098124222 457.70461407161184 471.0479083154656 1.4764177287802 1.803603379926 4.2794817374822 -7.914376091432043 0.2058803979801181 44.14567522888021 1.62184101445229
