Car 0 0 0 637.7197180346487 400.5495828488608 699.519280194635 458.9996623283309 2.4504444783515 2.0900948379917 5.8999469982067 1.898621280423261 -0.3177530659744259 50.37511081274493 -1.6173490546399796
Car 0 2 0 54.96012363502325 432.6877759907034 236.67975493513572 527.6885235360753 1.5901527375614 1.9815736149661 4.4711003227426 -9.626826737656305 1.0690147014370477 22.803186338067114 1.5426680465088034
Car 0 0 0 725.9454037106455 421.29964216105134 804.920649648373 473.9420874886781 1.5597827628666 1.7987689730087 5.2314760568527 4.7574742202774605 0.21751601108724294 38.39532418009906 -1.5894854743945717
Car 0 0 0 95.43492920259212 437.04966078963577 334.5860624677045 564.5076738015266 1.5514825873918 1.9815736149661 4.4711003227426 -6.124851006958318 1.251149674416688 17.302926318942834 1.6170225214577894
Car 0 2 0 346.48351250101354 423.378597867709 415.0173210590904 468.5583823354017 1.5845088143079 1.9815736149661 4.4711003227426 -9.677508858249906 0.10248865499013071 44.36190449489162 1.5426680465088034
Car 1 2 0 706.182964133606 425.7854341600506 896.459534495011 556.5868703511712 1.6079812673634 1.7752483717839 5.2810528558363 2.5818743110243876 1.1087185633686825 17.68083164528106 -1.6178491768222845
Car 1 2 0 933.2263076549845 387.4641520255834 1176.5262093463766 551.6952287472337 2.357358280475 2.1152743960676 4.6799107367351 6.8496216700898485 1.1492139748892998 18.42645458161889 -1.5516065265129386
Car 0 0 0 412.0988835271673 420.9349821782888 489.52740558437296 474.9219098845133 1.6209154360018 1.9970006557484 4.2258203566546 -5.840391381898584 0.27820498527033133 37.757586875071674 1.5915060789419897
Car 0 2 0 708.6229522945546 420.9811271207018 749.2747671030182 451.7310088611856 1.6880117853414 1.7987689730087 4.2943900138582 6.243070758851142 -0.7424832025997825 67.20067690623334 -1.5988368071738837
Car 0 2 0 505.5247079470244 417.3367418181808 542.6652153122807 444.6872320657493 1.6866246424544 1.9330452815384 4.4711003227426 -6.764178082107124 -1.2763397973325088 74.82251715034792 1.63890830947639
Car 0 2 0 455.6531460146201 427.5133351625362 510.691467020161 466.4161418104658 1.5339584669873 1.9815736149661 4.4711003227426 -6.342734354576538 0.04554275913296724 50.1252127628623 1.5840725198540895
