Car 0 1 0 672.0883854261808 427.8188129861758 703.1747782091188 451.7769442861417 1.4104955696955 1.7467171677429 4.050359908727 4.105453907933405 -0.7903332978887645 73.45688645862599 -1.5549012626397778
Truck 0 1 0 96.13046842466724 377.8317825031479 280.5662777236401 490.4254410930981 2.9419225019798 2.3418939796731 6.239833661579 -12.40553063455267 0.5569868848314198 32.29894135781668 1.6978213383835898
Car 0 0 0 276.9936065187294 420.08555810833695 452.782407387198 544.5183357367097 1.7546808758905 1.7597626756884 4.8740819489041 -4.2755148553304645 1.0913505547731086 19.1510107200802 1.6253662848034898
Car 0 0 0 692.8751168059416 429.23810703178543 742.1453727021193 465.14861150810566 1.4301642238873 1.8229455664901 4.2437745045868 4.17453532675528 0.0005521639993335825 50.74488650838515 -1.5531514514839055
Car 0 0 0 764.8693702643207 417.5806468535317 816.2877340703253 474.017925337252 2.0751759793963 1.6813674848283 4.144966249355 6.607165683595187 0.331670655469116 44.71250114583046 -1.4766668880626046
Car 0 1 0 463.2777194407114 424.7014940863514 537.1425549336567 477.4953854508513 1.5059946884706 1.8327663537688 4.6487667934695 -4.055732812792619 0.33444390330852836 36.820166008622714 1.62184101445229
Car 0 1 0 883.9854973091839 431.1086178814317 987.8133511794211 493.66119796866616 1.5211587279 1.6756299522763 4.0328540367383 8.727785462773417 0.7118392626577433 31.556653429210137 -1.572582485643587
Car 1 1 0 772.1793008194708 435.2038297030373 931.1004144036008 543.3112174302706 1.547778610807 1.812715073283 4.2084975473741 3.8641522717762053 1.1524074179147201 19.709189799637063 -1.571763501319051
Car 0 2 0 537.0335645670856 423.14258817228296 581.8503117284489 459.99792925029686 1.7113393268827 1.9674185756784 4.537640894024 -3.35709135010902 -0.2455526446717806 57.63132927095612 1.62184101445229
Truck 1 2 0 965.6189905515528 292.78439852870326 1499.798557597913 606.9117971457058 3.5205037091742 2.7567930269808 10.625817919727 8.445947640704064 1.318249982526672 17.903480949499087 -1.5260325052874535
