Car 0 0 0 638.336456747352 399.8380042794753 702.6078271394248 460.4715393014711 2.4504444783515 2.0900948379917 5.8999469982067 1.9071048828504478 -0.25241933886117035 48.60065228773733 -1.6173490546399796
Car 0 0 0 -732.773686848512 447.1442539670296 153.2972346044719 905.7524158583732 1.6620294149599 1.8698747442382 4.4711003227426 -4.66540367752006 1.680274066006693 6.851951890930195 1.5377893728622034
Car 0 2 0 117.63132452031368 433.00107273336334 270.8447100059672 516.8075082682992 1.5901527375614 1.9815736149661 4.4711003227426 -9.73455431506443 1.003886322449255 25.56006198533947 1.5426680465088034
Car 0 0 0 729.187843733245 422.7043264338028 813.5760583738261 478.84415720330026 1.5597827628666 1.7987689730087 5.2314760568527 4.6805012129684345 0.3436473124224353 36.29933996477071 -1.5894854743945717
Car 0 0 0 178.57604014091942 436.4234661493328 357.33048866121754 545.1062773703425 1.5514825873918 1.9815736149661 4.4711003227426 -6.21939199763385 1.1796834322905845 19.979909003576775 1.5426680465088034
Car 0 2 0 356.5214921100024 424.7148374735009 420.5346518866902 466.6257969987034 1.5514825873918 1.9815736149661 4.4711003227426 -9.915572812967262 0.03971388207494611 46.911180869719786 1.5426680465088034
Car 1 2 0 714.6725350273699 428.6028991108332 933.0031201170532 577.6372463204025 1.6079812673634 1.7752483717839 5.2810528558363 2.5962375255317904 1.2124165092353185 15.948238344845898 -1.6178491768222845
Car 1 2 0 955.8915653125864 386.70569945087794 1229.062682254215 565.9922153641897 2.357358280475 2.1152743960676 4.6799107367351 6.871205077671995 1.2299014281046585 17.077063116413512 -1.5516065265129386
Car 0 0 0 418.78612498755456 421.6148134263257 491.2264523269144 472.3423256244429 1.6209154360018 1.9970006557484 4.2258203566546 -6.062321752852298 0.21710889696808483 40.10283897810234 1.5915060789419897
Car 0 2 0 710.7599637035638 422.2677596320592 753.7228447288371 454.7519390243439 1.6880117853414 1.7987689730087 4.2943900138582 6.121882949843031 -0.5438582769786822 63.900028380042656 -1.5988368071738837
Car 0 2 0 499.9769164476972 416.7283763370771 536.2851988240626 443.15060472275417 1.6866246424544 1.9330452815384 4.4711003227426 -7.403082094198348 -1.4186429103889318 77.2750487904595 1.63890830947639
Car 0 2 0 459.5739938849703 426.1110418095666 511.82317994741663 462.9960914127869 1.5339584669873 1.9815736149661 4.4711003227426 -6.539607217495508 -0.09987743433541417 52.576288388322254 1.5840725198540895
