Car 0 1 0 677.5588897804652 422.3839542332808 715.1066898728228 456.0428723656011 1.6996604932395 1.7467171677429 4.050359908727 3.9270164708002615 -0.4524784803191131 61.7707081277031 -1.5549012626397778
Truck 0 1 0 247.41080616093225 390.5129495721798 364.5251136457497 477.15540504585033 2.9419225019798 2.3418939796731 6.239833661579 -11.608111562408238 0.32222827485550604 41.08566273285453 1.6276684430233894
Car 0 1 0 427.05695799888537 419.64461553885656 518.6558352984406 496.1517268386166 1.8198702694888 1.78895520587 4.2270799202885 -4.0172130099400105 0.7254162187304954 30.029301825778983 1.6253662848034898
Car 0 0 0 703.8801625697263 426.55783331064697 768.5444979255545 478.2192536008073 1.6418077907905 1.8229455664901 4.6416283643918 4.003277227929894 0.41184809739170747 40.69182788241407 -1.5531514514839055
Car 0 0 0 84.25659375686769 447.7666639015988 371.2385179042233 632.7442403599738 1.5369259554578 1.6158813954847 4.2794817374822 -4.211124208412718 1.4787727828722357 12.609665813258408 1.62184101445229
Car 0 2 0 807.9462505552056 419.4444835714481 877.1604668013323 472.53245679104566 1.9596535676137 1.8646709600747 4.2152156627958 8.800115636877639 0.2728392994206759 45.3193576758684 -1.5682195086873494
Car 0 0 0 783.5937683879907 415.8872418448577 858.6559121729998 492.7063163924216 2.014141391767 1.6813674848283 4.144966249355 5.642619338916709 0.7110385507465765 32.41510785082908 -1.4766668880626046
Car 0 2 0 -7.704374175847306 439.3264707071048 216.55935641375663 546.3446078240652 1.4874601984532 1.803603379926 4.2794817374822 -8.862845495364828 1.1791504701448652 19.420166013310556 1.62184101445229
Car 0 1 0 507.6911137321347 426.7876363167323 559.0947321050633 462.61806290178737 1.3489004295761 1.78895520587 4.2270799202885 -3.9081144804038392 -0.10967437523527034 47.96791094449944 1.62184101445229
Car 1 2 0 971.817509488104 432.7087912768836 1127.7429555929718 529.5783376669141 1.6068400327158 1.6756299522763 4.189380334968 8.315869633205766 1.095100261670924 22.181874234712033 -1.4828415388449736
Truck 1 2 0 1168.9808866716735 -66.31175100569021 3859.233783908903 1138.9770131455698 3.5205037091742 2.8937015045598 10.625817919727 8.007411051628647 1.7151516338298123 8.715341503585565 -1.4712448431193286
Car 1 2 0 856.1203968830522 451.2128989265865 1225.514549443635 684.1571152852421 1.5679198893991 1.812715073283 4.2084975473741 3.6308307376678854 1.5744856905641 10.671601443886251 -1.571763501319051
Car 0 2 0 410.03110475864815 424.6523918110201 456.2614775063223 451.67676659752857 1.3489004295761 1.78895520587 4.2270799202885 -10.7690502128851 -0.698624416267317 62.59123098538074 1.62184101445229
Car 0 2 0 547.2609953303936 428.8956340831807 585.1379246560003 457.49109729704855 1.525527572513 1.9674185756784 4.537640894024 -3.528549908212485 -0.41047749927002936 67.29836412987815 1.62184101445229
