Car 0 1 0 746.1851633356014 409.4766214011368 789.7453240707762 449.9695903059314 2.2881992768599 1.9987184599578 4.3153737284047 8.552131840146467 -0.8419717070956236 66.85083700036513 -1.5516065265129386
Car 0 0 0 368.2339377970561 412.90123612808094 507.3914967711982 513.1957313939902 1.9084454634711 1.9053184685718 5.9684898307947 -4.060532805642289 0.8444870874620015 25.272911681968235 1.6446801318243898
Car 0 1 0 770.7952151360827 430.2382446256207 835.1038054646215 472.1861610340848 1.5966539141951 1.8256989968834 4.2572323326397 7.676765839194443 0.2840643079023088 48.34820071610096 -1.6099469330961536
Car 0 2 0 -487.051790085956 455.48697326541367 21.053750201834987 647.8743455975543 1.4432903197611 1.803603379926 4.6886040732015 -8.82512552047723 1.5013217756226958 12.16982214961794 1.62184101445229
Car 0 0 0 701.8892876673509 426.3993375685334 769.4404764138714 482.2918687190289 1.6451993570571 1.7467171677429 4.6808404605571 3.6992836037634653 0.49993468363500004 37.87297562757082 -1.5549012626397778
Truck 0 2 0 385.727969634392 398.7326542428361 451.5396219777024 450.4452075849551 2.6824442705082 2.3418939796731 6.0544920676707 -11.312583583400764 -0.8003680515821671 61.43525157134099 1.6276684430233894
Car 0 0 0 193.67652979337143 437.9926276774855 334.33367513725665 512.9097711829046 1.3630633972388 1.7081648920378 4.0717459621788 -7.881142730495386 0.9105581119195725 24.685958348455745 1.62184101445229
Car 0 2 0 342.3943079591647 425.22108100602566 418.1367371157152 470.2774810684063 1.4764177287802 1.803603379926 4.2794817374822 -9.095373035418575 0.15818708633931783 41.63786014243313 1.62184101445229
Car 0 2 0 521.2024285882912 417.4706167562286 566.8348509919089 457.130650969768 1.7414370009325 1.803603379926 4.2794817374822 -3.8656888464050847 -0.3630718173111999 53.6268661225203 1.62184101445229
Car 0 2 0 28.08842675699782 434.1796727000328 185.56867169703207 507.561810884386 1.4101629107421 1.6710937438498 3.9650708343202 -11.762119092429785 0.8424264410485732 25.554155260909535 1.62184101445229
Car 1 1 0 765.7166010749432 432.3162235989764 930.188499470166 549.6326751821578 1.6256865034677 1.8229455664901 4.8062418294726 3.713609319301668 1.1908897776486165 19.429025990895624 -1.5531514514839055
Car 0 2 0 472.0440499384421 426.7162240268065 540.7760555828254 474.5749288889003 1.4101629107421 1.803603379926 4.2794817374822 -3.9795535841960534 0.2692309288560439 37.91651344399591 1.62184101445229
Car 1 2 0 973.6288501010145 410.23699282945023 1639.5626105551098 818.5294927561175 2.0014965986394 1.7788585867748 4.791631455685 4.17702974482871 1.6656438575155974 8.050826300585681 -1.5407806431758546
Car 1 2 0 974.0515879106264 417.5167174826648 1187.450771798418 536.6399171246056 1.9107172487835 1.8646709600747 5.058258795355 8.529867326380417 1.1085770982806897 21.429340368262668 -1.5682195086873494
