Car 0 1 0 744.1431793827377 409.2736643595191 786.8873775977561 452.42051127595727 2.4837875100736 1.9987184599578 4.3153737284047 8.53709732622232 -0.7082345051846116 67.8909707910607 -1.5516065265129386
Car 0 0 0 355.537402649072 413.53597109088577 502.52395225268106 518.6294495071406 1.9084454634711 1.9053184685718 5.9684898307947 -4.075382329621038 0.9036086496811642 24.287891618888825 1.6446801318243898
Car 0 1 0 767.9814356968508 429.5158744108557 830.5818197495572 465.9266722352144 1.4039412423019 1.8256989968834 4.2572323326397 7.685212296357373 0.027500033265768054 49.40709403209749 -1.6099469330961536
Car 0 0 0 699.3034031756291 426.7424489524788 764.5125889501355 479.1401241450292 1.5832126820567 1.7467171677429 4.6808404605571 3.678171867422925 0.4157957887548679 38.95869676521042 -1.5549012626397778
Truck 0 2 0 382.50971641315806 398.7697682726636 449.3578363296546 451.1155930860626 2.6824442705082 2.3418939796731 6.0544920676707 -11.327877118118673 -0.758147575342074 60.73238663459177 1.6276684430233894
Car 0 0 0 171.7550713150532 435.7331701586818 321.490124149978 518.310791066151 1.4535466408428 1.7081648920378 4.0717459621788 -7.917899099146341 0.970430639582136 23.691054332481457 1.62184101445229
Car 0 2 0 518.8038603489142 417.8715155854 565.4548378951455 458.3446160928253 1.7414370009325 1.803603379926 4.2794817374822 -3.8815078266248464 -0.30342200257173885 52.633146129331976 1.62184101445229
Car 0 2 0 1.6487815736069251 435.5989313964153 168.8754513970087 512.3665044837234 1.4101629107421 1.6710937438498 3.9650708343202 -11.777547270775118 0.900602629860008 24.584984741236863 1.62184101445229
Car 1 1 0 757.4526085969491 434.7425907131956 916.3002307272768 544.8614307562882 1.5649216512514 1.8229455664901 5.2385492956157 3.6967825406245214 1.161313453819909 20.401670345481662 -1.5531514514839055
Car 0 2 0 466.2588035199623 427.5598202175524 537.4724328705383 476.9568662879981 1.4101629107421 1.803603379926 4.2794817374822 -4.016211287512952 0.3320296186563762 36.872755986761945 1.62184101445229
Car 1 2 0 952.08487444529 408.89284345526806 1491.7777690585256 754.3075367213364 2.0014965986394 1.7343808845828 4.791631455685 4.249663784983086 1.6046002117915248 9.06093675015166 -1.5407806431758546
Car 1 2 0 959.5356221185698 417.964711541124 1157.4642773304522 530.6569817817456 1.9107172487835 1.8646709600747 5.058258795355 8.547446388146795 1.0746279205015359 22.52637676036198 -1.5682195086873494
Car 0 2 0 319.1565450646802 428.51592989178346 398.72365189619336 474.9032686100067 1.4764177287802 1.803603379926 4.2794817374822 -9.689319231251513 0.3131281635289259 40.799070697874235 1.62184101445229
