Car 0 0 0 640.4723967933485 403.3132352126012 684.5695459670349 449.05782387826736 2.6954889261866 2.0900948379917 5.8999469982067 2.299537181455205 -0.9699228883025685 69.83980739255786 -1.6173490546399796
Car 0 2 0 221.9660487518512 430.94083706053465 342.6396689679315 503.2998361626638 1.5845088143079 1.9815736149661 4.4711003227426 -8.816219265107534 0.849528856980558 29.027335025957264 1.5426680465088034
Car 1 2 0 684.8379856716707 422.2282409213686 771.4461752201333 481.583933503391 1.6079812673634 1.8541482994187 5.2810528558363 3.1862819447552737 0.4077841658146405 35.41283064055548 -1.6178491768222845
Car 1 2 0 837.9611017065487 397.1228568507121 953.4599870774196 488.7906504625159 2.4353567927539 2.1152743960676 4.6799107367351 7.701143471909999 0.5689859852250692 32.159387979755685 -1.5516065265129386
Car 0 0 0 285.01066357685625 425.2004125666724 435.2434094288499 528.6317481132467 1.7357235676293 1.9970006557484 4.2258203566546 -5.116061444865793 1.064944386827832 22.126495626461125 1.5915060789419897
Car 0 2 0 510.0623453648705 414.0778210007861 555.9213367652262 454.70997704260014 2.0195379964971 1.9330452815384 4.4711003227426 -4.9101903698959735 -0.5214448024027494 59.84308042999174 1.63890830947639
Car 0 2 0 423.08605097077793 426.1203840341244 503.78500431890495 485.5286286765999 1.6330371477356 1.9815736149661 4.4711003227426 -5.052980896355072 0.5574585900140456 35.34981136352296 1.5840725198540895
Cyclist 0 0 0 1240.1579683677703 427.698042301019 1320.4887348323996 495.8230596341782 1.7474829931973 0.98560669263457 1.5123925833315 17.475014529892103 0.8490582050431061 29.69185228175464 3.1193305693134894
Cyclist 0 0 0 1211.80844696406 421.8463109129797 1297.5550331726606 495.2754932515267 1.9710571995465 0.81291747121322 1.8792278787459 17.419250115780333 0.8733096795417175 30.802126212943612 3.1193305693134894
Car 1 2 0 966.3518762764744 437.300065254661 1207.1501021612492 570.7876189662877 1.5490725661317 1.6692701033957 4.4464426585348 6.641656677836454 1.2676453937896044 16.599768190795192 -1.5484924230753805
Car 1 2 0 917.1882230103598 468.6559781904879 1666.6028580787024 937.6879240584616 1.6109412264756 1.8129765134554 4.144826828618 3.2133358561869247 1.7899896062111575 6.570409292144589 -1.5549012626397778
