Car 0 0 0 644.3830833705916 402.9553333803588 686.7924840797156 446.5937849425491 2.6954889261866 2.0900948379917 5.8999469982067 2.6098587003036715 -1.1624961168946535 73.01656061291605 -1.6173490546399796
Car 0 2 0 172.0859755451761 434.24458616909385 312.0026484210987 515.1488274684247 1.5845088143079 1.9815736149661 4.4711003227426 -8.935357296326032 1.0086199330548433 26.38631054315494 1.5426680465088034
Car 1 2 0 683.4493047469575 420.1437059150833 762.1907236029784 473.92673249454737 1.6079812673634 1.8541482994187 5.2810528558363 3.3059282125873795 0.21619093664923195 38.59629740529137 -1.6178491768222845
Car 1 2 0 826.624052780344 399.4475478379335 931.5602249731284 484.4230946446973 2.4353567927539 2.1152743960676 4.6799107367351 7.797576448239513 0.501501056693216 34.63157465811218 -1.5516065265129386
Car 0 0 0 230.59659410582012 428.0091820441767 411.9830865024626 549.3747803553126 1.7357235676293 1.9970006557484 4.2258203566546 -5.074850174627171 1.2137681366258766 19.266408923090058 1.5915060789419897
Car 0 2 0 508.25876725058953 414.9232027363673 556.4107545949865 457.6841227243602 2.0195379964971 1.9330452815384 4.4711003227426 -4.710312577951932 -0.3560278523995204 57.05786899417182 1.63890830947639
Car 0 2 0 405.0835658238551 426.6962287645262 494.2896280162509 491.3736141756471 1.6330371477356 1.9815736149661 4.4711003227426 -5.061269622094786 0.6615688967791862 32.692652408200914 1.5840725198540895
Cyclist 0 0 0 1247.2944885308352 427.73126780710544 1333.531519938066 496.1622938421641 1.7474829931973 0.98560669263457 1.6580161660979 17.680385443992073 0.8538474013428647 29.587065133307537 3.1193305693134894
Cyclist 0 0 0 1208.5073392683184 421.8219089969761 1308.2341401752285 496.7515013775299 2.0039081528723 0.81291747121322 2.2705362726386 17.48458906825841 0.909342676798075 30.74210550982244 3.1193305693134894
Car 1 2 0 933.897524323479 432.7575922445648 1132.92548941691 552.3770778851275 1.6325360713015 1.6692701033957 4.4464426585348 6.724328409831599 1.2143777781038552 18.874522376920332 -1.5484924230753805
Car 0 2 0 349.81795442240303 420.21968823603794 428.1555249915357 465.1960044973269 1.4764177287802 1.9087811148245 4.2794817374822 -8.686534059396212 -0.024046684350842257 41.263365901894545 1.62184101445229
Car 1 2 0 851.2059862782909 452.9644111067281 1300.0605393206408 751.6303632020752 1.6109412264756 1.8129765134554 4.144826828618 3.17817269736689 1.6497939528070449 8.914714158868383 -1.5549012626397778
