Car 0 0 0 638.4563957453147 400.4492292752554 713.0248973107223 470.9146752001531 2.4504444783515 2.0900948379917 5.8999469982067 1.8373147606634381 0.12605042491003188 42.29193741902693 -1.6173490546399796
Car 0 0 0 4.612548201581262 439.30297002041175 319.7539143452701 641.4551112381525 1.6620294149599 1.8698747442382 4.4711003227426 -4.839337167947604 1.5012884106219826 12.466125127439451 1.5377893728622034
Car 0 2 0 711.801682304702 419.9545657664353 759.3830265801608 455.7025651230172 1.6880117853414 1.7987689730087 4.2943900138582 5.722652614004338 -0.45711801712686606 57.988757302616854 -1.5988368071738837
Car 0 2 0 210.4623131212045 430.8983760310876 322.88813328356014 496.6544996477779 1.5901527375614 1.9815736149661 4.4711003227426 -10.129369900927838 0.7760022666112336 31.804619927028025 1.5426680465088034
Car 0 0 0 732.8798965578615 422.9046637272266 838.540889701674 493.2986723954143 1.5597827628666 1.7987689730087 5.0627187646962 4.12308656937074 0.5936529381758942 29.353119375200617 -1.5894854743945717
Car 0 1 0 -277.4252261673961 441.4771972751197 72.64323124947396 606.1299815452287 1.6414529898521 1.8338516455518 4.4711003227426 -9.223344347286437 1.4678127132499001 14.695914470492792 1.5426680465088034
Car 0 0 0 279.4487423311336 433.6600846632682 402.780941311292 510.64312015364834 1.4854301335596 1.9815736149661 4.4711003227426 -6.543974857626634 0.9005432134073834 26.15107834626692 1.5426680465088034
Car 0 2 0 375.1594788416302 425.2650208184819 430.7770365073954 460.9249780655113 1.4854301335596 1.9815736149661 4.4711003227426 -10.483249474796699 -0.19541965222399327 52.74540357014074 1.5426680465088034
Car 1 2 0 787.8827912329798 446.14819223561386 1199.1464851989772 717.5826820413943 1.6079812673634 1.7752483717839 4.5646419993771 2.834117407240871 1.5772988987092396 9.829087687758552 -1.6178491768222845
Car 1 2 0 1034.3311407751894 383.4750845492344 1444.6767901240028 629.0361766853956 2.357358280475 2.1152743960676 4.6799107367351 6.7775770422237285 1.4685937836241476 13.104301737142599 -1.5516065265129386
