Car 0 0 0 636.8408054125653 403.3705471503799 689.7813561488401 453.80073881365774 2.4504444783515 2.0900948379917 5.8999469982067 1.9390338835060599 -0.5980451951720287 58.23565420181231 -1.6173490546399796
Car 0 0 0 -299.6586717246598 450.1505306101088 199.29357906165507 680.8796875760075 1.5514825873918 2.0145998418822 4.4711003227426 -6.025639634505104 1.550344639953782 10.799741338091613 1.6170225214577894
Car 0 2 0 317.93972593379425 424.8869282768303 399.63677335856494 477.5991635091829 1.5845088143079 1.9815736149661 4.4711003227426 -9.128504038785204 0.3627840392905398 38.478126022952765 1.5426680465088034
Car 1 2 0 688.0949314120274 423.31972064629264 814.1830016276799 512.2021625578144 1.6079812673634 1.7752483717839 5.2810528558363 2.6457054267804647 0.8222044625697134 24.599333396462605 -1.6178491768222845
Car 1 2 0 882.2985390087288 389.3804091511109 1053.3141908158293 512.7327569393209 2.357358280475 2.1152743960676 4.6799107367351 7.131177046760345 0.8281207778193159 23.751856081115143 -1.5516065265129386
Car 0 0 0 385.6529932457231 420.5249408436227 479.9295480197174 485.1859397493319 1.6209154360018 1.9970006557484 4.2258203566546 -5.412095465827161 0.4846140553371685 31.848792865376065 1.5915060789419897
Car 0 2 0 703.1746870996842 416.1487003703052 738.7841714803916 443.0245567440884 1.6880117853414 1.7987689730087 4.2943900138582 6.507468570725945 -1.3997269339257443 75.79951503921718 -1.5988368071738837
Car 0 2 0 41.3454670383536 422.0587330674743 194.44324278346875 501.5817100525856 1.6894738021664 1.9330452815384 4.4711003227426 -12.408070890504593 0.7568442498448068 27.576390706649484 1.5426680465088034
Car 0 2 0 505.2148094129105 418.221392580396 545.4297793774717 448.0265395892085 1.6866246424544 1.9330452815384 4.4711003227426 -6.15192700345133 -0.9838726363275336 68.96889190048222 1.63890830947639
Car 0 2 0 447.3544343072553 422.81304514623673 510.31641573158913 466.78001929034446 1.5339584669873 1.9815736149661 4.4711003227426 -5.741151960985267 0.035850583320643614 44.13940278489989 1.5840725198540895
Car 0 2 0 -206.97517764258555 443.2981327430285 105.85097867065052 586.8121125418604 1.5901527375614 1.9815736149661 4.4711003227426 -9.494949343622762 1.4195398635938332 16.20016376339266 1.5426680465088034
Car 0 0 0 718.0203345716706 418.64119797720616 780.3550516622217 460.4860501400797 1.5597827628666 1.7987689730087 5.2314760568527 5.209060007146577 -0.22831950970859172 47.286188831988326 -1.5894854743945717
Car 1 2 0 1178.8012992690717 450.2683101235295 1944.9810886361724 783.450632962209 1.6285321432703 1.6692701033957 5.0854129368724 6.536917235963535 1.663977931990106 8.844670483516726 -1.5484924230753805
