Car 0 0 0 645.4920902763969 402.7308362659444 686.6733067565955 444.9967745233431 2.6954889261866 2.0900948379917 5.8999469982067 2.7264413870207496 -1.297650959009808 75.25836698775412 -1.6173490546399796
Car 0 2 0 141.24118594098098 432.67911667591306 295.8211981630006 519.7515354827311 1.5845088143079 1.9815736149661 4.4711003227426 -8.822973892894066 1.015646266696312 24.598671279673766 1.5426680465088034
Car 1 2 0 687.4657734671434 422.9353399797231 762.5987205904556 474.2717696979972 1.6079812673634 1.8541482994187 5.2810528558363 3.566530308763955 0.2493129037557673 40.59562319239168 -1.6178491768222845
Car 1 2 0 819.6553368537726 402.7892872922752 918.5049750917576 484.0972691925366 2.4353567927539 2.1152743960676 4.6799107367351 7.853474500055071 0.524628036210556 36.27495489298264 -1.5516065265129386
Car 0 0 0 185.0407113943557 429.1479571231326 393.5257264313595 565.3225568379542 1.7357235676293 1.9970006557484 4.2258203566546 -5.048640169251382 1.2898554260167199 17.43668685125749 1.5915060789419897
Car 0 2 0 507.44495894518985 415.48205093584215 558.4151404226333 459.6991618002159 2.0195379964971 2.000363214755 4.4711003227426 -4.532125933053946 -0.2529219653735253 55.31533588432912 1.63890830947639
Car 0 2 0 393.8587468676876 425.276990490644 489.01245030259184 493.423396769 1.6330371477356 1.9815736149661 4.4711003227426 -5.026042070317576 0.6714194857541466 31.051292906290723 1.5840725198540895
Cyclist 0 0 0 1250.402800511304 427.875019627807 1337.1507087321593 496.6314604798203 1.7474829931973 0.98560669263457 1.6580161660979 17.68818485014608 0.8619059708452614 29.451613285790824 3.1193305693134894
Cyclist 0 0 0 1214.1000591907125 422.0448363564384 1314.8607983575082 497.645445085147 2.0039081528723 0.81291747121322 2.2705362726386 17.4999214490674 0.9251845311575817 30.47582891563929 3.1193305693134894
Car 1 2 0 918.169922383278 431.1902203488162 1096.9239797131834 540.6537894532214 1.6325360713015 1.6692701033957 4.4464426585348 6.816688594236351 1.143508611054031 20.356391480400536 -1.5484924230753805
Car 0 2 0 338.47218885496375 425.65056982552153 421.70647757268847 473.6069884473044 1.4764177287802 1.9087811148245 4.2794817374822 -8.578900416856461 0.2520890117231949 39.301110264854586 1.62184101445229
Car 1 2 0 822.3891612366147 446.25271590784223 1177.342833262137 671.0815701391934 1.4727803321883 1.8129765134554 4.144826828618 3.149234878119953 1.4253446129856393 10.35428789384794 -1.5549012626397778
