Car 0 0 0 697.5761266282163 421.43475582329086 747.1043404893685 458.9518921463501 1.7185529338764 1.807854974531 4.2678999001016 4.892860535435058 -0.28923744520848776 56.41869673895 -1.6178491768222845
Car 0 1 0 783.0579090144796 407.5673718733439 847.1181859924723 473.88920332826046 2.7173469244239 1.9987184599578 4.3153737284047 8.265551369001956 0.358630732725307 48.732318569517226 -1.5516065265129386
Car 0 1 0 484.7939637675853 416.2978973233667 553.1809271671463 470.71167071738 1.8553575163006 1.9685501948728 4.8543374932634 -3.9689846382710092 0.1605825067265701 42.40823679112162 1.63890830947639
Car 0 0 0 224.90137538034816 432.7549372298397 412.09390381819503 547.911112565459 1.5365068226332 1.7115925074729 4.0331149850045 -4.835175587593472 1.1287202568155923 18.18442577902068 1.6628611869793897
Cyclist 0 0 0 1243.014760670222 431.7262764603022 1321.0625265064327 491.04346461444135 1.5122448979592 0.72312228027552 1.6108846196514 17.366182800842783 0.7269329844260832 29.415646197539402 3.1193305693134894
Car 0 1 0 818.242391744061 430.4952875418449 929.1836049043123 492.0699490062676 1.505368964351 1.8256989968834 4.2572323326397 7.0635845142453135 0.6684662973225245 32.04110297477485 -1.6469813529823565
Car 0 2 0 194.08737942018888 431.2168407316095 330.10816605390943 503.8794544900472 1.4764177287802 1.803603379926 4.2794817374822 -8.665692790673729 0.8016984584736326 26.967194620241205 1.62184101445229
Car 0 0 0 734.7640159675992 430.9383136028104 866.1179311692857 528.4126542047476 1.5656991528848 1.7574772324312 4.8888778143596 3.358216995627291 1.0270407077451131 22.209052939655844 -1.5549012626397778
Car 0 2 0 -241.22140343940248 438.9585285952514 40.70386542441554 550.8116639164366 1.523163388735 1.9087811148245 4.2794817374822 -12.115231364178584 1.2164235734748254 19.01897686415695 1.62184101445229
Truck 0 2 0 423.44411373448406 399.6278147247494 478.5186159115405 441.90015788741897 2.6824442705082 2.3418939796731 6.0544920676707 -11.6056130969394 -1.4877339281157642 74.59148387728021 1.6707126812554893
Car 0 2 0 370.88273058376143 425.3553808130399 446.1798814033858 472.0562145961797 1.4764177287802 1.803603379926 4.2794817374822 -7.767863238612862 0.20908824274134075 40.258331387251 1.62184101445229
Car 0 2 0 546.0886859666925 416.9933159951311 579.9866659584336 448.4059377872961 1.8170983672107 1.803603379926 4.2794817374822 -3.8623849057688355 -0.9664030032835975 69.7629108774247 1.62184101445229
Car 1 2 0 1050.424737155365 476.76920391471344 3046.906088314574 1442.558983996973 1.5832188530668 1.8938378940758 5.1356713391209 3.8216307060086327 1.8383865359051401 4.843200783606786 -1.5531514514839055
