Car 0 0 0 638.4671721906881 400.0915697169444 706.9860604883223 464.7670113180173 2.4504444783515 2.0900948379917 5.8999469982067 1.879378006714802 -0.08293924950964808 45.77516105505688 -1.6173490546399796
Car 0 0 0 -377.3827263802251 455.5765781982455 220.67365840636157 799.9999568255461 1.6620294149599 1.8698747442382 4.4711003227426 -4.701693746526077 1.739454675011164 8.474161879635272 1.5377893728622034
Car 0 2 0 148.89882619783043 432.4277888091693 287.95540090393143 510.1632133063866 1.5901527375614 1.9815736149661 4.4711003227426 -9.847336008726563 0.9419162352691945 27.344409497335356 1.5426680465088034
Car 0 0 0 734.8357855729024 423.8342355217322 825.3189844180339 483.6083288023075 1.5597827628666 1.7987689730087 5.2314760568527 4.685441023366351 0.4502438678154934 34.35240275801736 -1.5894854743945717
Car 0 0 0 216.5894682142653 433.4317818887366 374.8539993404384 531.5848384589195 1.5514825873918 1.9815736149661 4.4711003227426 -6.265002983097247 1.0745035691616291 21.741018325504136 1.5426680465088034
Car 0 2 0 360.44988369115055 427.6291821825738 421.9274600909096 466.6966369591512 1.4854301335596 1.9815736149661 4.4711003227426 -10.16598746691119 0.04966274689290895 48.616267707936466 1.5426680465088034
Car 1 2 0 731.5745884536319 438.7612240850045 986.9249290985864 613.8707200605799 1.6079812673634 1.7752483717839 5.1383216975704 2.6941129418711287 1.416599475228285 14.177487610842626 -1.6178491768222845
Car 1 2 0 971.1385368323764 386.0761523025064 1270.0085317907267 578.6134173710462 2.357358280475 2.1152743960676 4.6799107367351 6.82192052435715 1.2909524518708972 16.064004312815925 -1.5516065265129386
Car 0 0 0 426.1820679473944 420.59543289820897 495.0350657654746 469.0021409553412 1.6209154360018 1.9970006557484 4.2258203566546 -6.120695136870348 0.11367348721259246 41.83637527862232 1.5915060789419897
Car 0 2 0 707.605953918207 420.110089733048 750.9986660990835 452.92705371134576 1.6880117853414 1.7987689730087 4.2943900138582 5.867383385816675 -0.6377971357980231 62.99224793299271 -1.5988368071738837
Car 0 2 0 497.2344154469636 416.3344234511435 532.956294227794 442.1664352291984 1.6866246424544 1.9330452815384 4.4711003227426 -7.778385005509263 -1.5147684208622627 78.92492058117656 1.63890830947639
Car 0 2 0 461.3780179687553 420.7391530933251 511.738039547208 455.83363445265337 1.5339584669873 1.9815736149661 4.4711003227426 -6.7371440354931655 -0.43513906487274495 54.46843253910179 1.5840725198540895
