Car 0 0 0 638.4671721906881 400.0915697169444 706.9860604883223 464.7670113180173 2.4504444783515 2.0900948379917 5.8999469982067 1.879378006714802 -0.08293924950964808 45.77516105505688 -1.6173490546399796
Car 0 0 0 -247.7750197675757 450.5265901789144 248.3377439074129 744.2901116869007 1.6620294149599 1.8698747442382 4.4711003227426 -4.7693640058177 1.680661378006994 9.463687363587152 1.5377893728622034
Car 0 2 0 710.6269659156757 420.5847223507429 755.1419260073056 454.1302409665905 1.6880117853414 1.7987689730087 4.2943900138582 5.947236552278797 -0.5629049754466822 61.73253711118351 -1.5988368071738837
Car 0 2 0 161.75512353426743 431.4494752037698 295.1092351232734 506.5617151493242 1.5901527375614 1.9815736149661 4.4711003227426 -9.899173658072705 0.8933672356807865 28.161028464789446 1.5426680465088034
Car 0 0 0 728.5458711076948 420.3857962101213 821.0527175740535 481.6037805533292 1.5597827628666 1.7987689730087 5.2314760568527 4.379950037097901 0.37469734754040585 33.31090220892029 -1.5894854743945717
Car 0 0 0 233.05389515393816 432.4381139435335 381.979336475014 525.6172630981455 1.5514825873918 1.9815736149661 4.4711003227426 -6.327756839410318 1.0266450476410844 22.731517848471672 1.5426680465088034
Car 0 2 0 363.7207459296213 427.1448225626525 423.9613413264818 465.5095635822764 1.4854301335596 1.9815736149661 4.4711003227426 -10.216254278398429 0.002584929110278633 49.408140646072646 1.5426680465088034
Car 1 2 0 736.8848790553949 434.4876981139327 1018.275718483698 623.7389364529957 1.6079812673634 1.7752483717839 5.1383216975704 2.674806996312266 1.3766204850595543 13.197950921915766 -1.6178491768222845
Car 1 2 0 986.1678356824856 385.4425870556059 1311.4324345004516 591.2388171475676 2.357358280475 2.1152743960676 4.6799107367351 6.783655065190553 1.3441379799031605 15.180897729503977 -1.5516065265129386
Car 0 0 0 429.78863001150427 420.1507292157056 497.0660239458954 467.5598908017327 1.6209154360018 1.9970006557484 4.2258203566546 -6.132224990197888 0.06602545482770689 42.63307881604747 1.5915060789419897
Car 0 2 0 498.81639480353874 416.1430396515576 534.1269800421122 441.7165460883496 1.6866246424544 1.9330452815384 4.4711003227426 -7.753831294803182 -1.5594866287979958 79.66835550390235 1.63890830947639
Car 0 2 0 481.3074618647551 424.5414502757963 529.2921252538282 459.3579195139138 1.5339584669873 1.9815736149661 4.4711003227426 -5.918107985262424 -0.2715959937751863 55.36729829610173 1.5840725198540895
