Car 0 0 0 644.065982463524 402.6475446740613 684.5725607631671 444.3234770233 2.6954889261866 2.0900948379917 5.8999469982067 2.6435122654343997 -1.3576163238962864 76.26930209760083 -1.6173490546399796
Car 0 2 0 121.52812071193377 433.9244930841624 284.81511899220806 524.78886260708 1.5845088143079 1.9815736149661 4.4711003227426 -8.822926653266414 1.0677425923325397 23.729109219888837 1.5426680465088034
Car 1 2 0 689.7631095812114 422.1196100560313 762.7489931343188 471.67189182424994 1.6079812673634 1.8541482994187 5.2810528558363 3.729847227600201 0.17162481489228565 41.87257903180286 -1.6178491768222845
Car 1 2 0 819.8849903508508 402.6099996462493 916.462078817362 482.0052374481349 2.4353567927539 2.1152743960676 4.6799107367351 8.002939631741842 0.47519834090220026 37.08191691300207 -1.5516065265129386
Car 0 0 0 157.87557559789627 429.4694554051871 382.93184330050656 574.3919598771313 1.7357235676293 1.9970006557484 4.2258203566546 -5.035575305665314 1.3223619202870496 16.52149407748322 1.5915060789419897
Car 0 2 0 506.70588078455125 415.7892473749055 558.5408313979066 460.7893814397046 2.0195379964971 2.000363214755 4.4711003227426 -4.471884238645799 -0.19973120086301188 54.42022288239867 1.63890830947639
Car 0 2 0 387.7807232287717 426.1776120900476 486.7179693952553 496.8949424476058 1.6330371477356 1.9815736149661 4.4711003227426 -4.971288363023385 0.7303866313377713 30.060428517203242 1.5840725198540895
Cyclist 0 0 0 1253.3144172357372 428.0096751775692 1340.5418908350332 497.07106849760834 1.7474829931973 0.98560669263457 1.6580161660979 17.6954271558609 0.8693889282404088 29.32583657023846 3.1193305693134894
Cyclist 0 0 0 1226.527584418278 422.1304082957796 1328.2127415107936 498.176833649594 2.0039081528723 0.81291747121322 2.2705362726386 17.750048363266924 0.9338550721339398 30.30084169179119 3.1193305693134894
Car 1 2 0 907.7890412241338 429.985712874226 1076.5687053433585 534.605748176281 1.6325360713015 1.6692701033957 4.4464426585348 6.806530416374158 1.0963119887642836 21.145394420478087 -1.5484924230753805
Car 0 2 0 332.3871885281901 426.2986748309563 418.0750530726007 475.4899647437434 1.4764177287802 1.9087811148245 4.2794817374822 -8.55046604362909 0.3045252748901655 38.422439457497326 1.62184101445229
Car 1 2 0 814.491572533492 448.3075280323601 1134.76777202703 654.5441140770772 1.4727803321883 1.8129765134554 4.144826828618 3.1950142100038263 1.438457622926279 11.140409416964838 -1.5549012626397778
