Car 0 0 0 692.5739351839647 428.5574916707406 735.7605464208386 456.1561529308326 1.3928520773537 1.807854974531 4.2678999001016 5.083274451263368 -0.4656768046279135 63.90936247498417 -1.6178491768222845
Car 0 1 0 768.1897858488516 408.4307946413269 823.4967058374658 464.15025146801344 2.5780370770862 1.9987184599578 4.3153737284047 8.375835032019326 -0.038286177392800116 54.87814197167965 -1.5516065265129386
Car 0 0 0 462.1441208471576 414.0584412878852 540.1424896128696 477.297710552901 1.8452495699696 1.8118435887283 4.8543374932634 -3.9745597393220624 0.3170804447594035 36.45901240222532 1.6446801318243898
Car 0 0 0 11.711620269213428 447.1029527940898 318.29857945000055 629.0132175940926 1.5365068226332 1.7115925074729 4.0331149850045 -4.908435142891109 1.4646629988140216 12.585962748373559 1.6160529419871903
Car 0 1 0 802.1280181191914 425.2526818107403 889.7787461439376 480.36456811175776 1.6270822308099 1.8256989968834 4.2572323326397 7.37806930444788 0.4461543623550499 37.54822553667826 -1.6099469330961536
Car 0 2 0 83.27504851261892 439.117202891802 267.11474314514595 527.2981511854621 1.399120441069 1.803603379926 4.2794817374822 -8.712144747309909 1.033605261959923 21.994092705946233 1.62184101445229
Car 0 0 0 719.6988484465198 428.1101978217315 819.4772100005154 500.9720043575223 1.4909717631907 1.7574772324312 4.6808404605571 3.452635646670569 0.7291545808144072 27.359584154896915 -1.5549012626397778
Truck 0 2 0 415.66681929539305 399.8687093160757 471.2402517757655 445.0757371756428 2.6824442705082 2.3418939796731 6.0544920676707 -11.355796921778396 -1.213958588018512 69.99158571509075 1.6276684430233894
Car 0 1 0 324.6610559870731 426.51221369373167 416.6755542223806 481.2710966406577 1.4764177287802 1.803603379926 4.2794817374822 -7.8564992286634885 0.43007751946885275 34.73396669966237 1.62184101445229
Car 0 2 0 417.4906744080948 426.2183768969569 472.6774907248552 461.9656759584039 1.4764177287802 1.803603379926 4.2794817374822 -8.375446001825335 -0.13863137092371244 52.04450385284705 1.62184101445229
Car 0 2 0 534.35417137405 417.1224545299373 571.7670298863478 447.3890306864501 1.5978848951833 1.803603379926 4.2794817374822 -4.131398227337517 -0.9560482672765296 64.29516937771226 1.62184101445229
Car 0 2 0 210.62911772487763 430.13603823344175 312.39660792136027 480.7165680355776 1.399120441069 1.803603379926 4.2794817374822 -11.682331754695406 0.43553604218925834 36.02901238024543 1.62184101445229
Car 0 2 0 506.78659086823336 423.9270855113512 558.4518169216761 460.6486999383037 1.4101629107421 1.803603379926 4.5410056214395 -4.005746034319986 -0.2013419165389804 48.79009247760949 1.62184101445229
Car 1 2 0 870.101265574104 443.7277009685625 1347.9050549834735 720.1924323546438 1.5832188530668 1.8938378940758 5.1356713391209 3.7332087535309175 1.5370560095630514 9.883503198825045 -1.5531514514839055
Car 1 2 0 1189.9210331989968 419.84254941174487 1765.4963226441787 672.4947104045975 1.9107172487835 1.8646709600747 5.058258795355 8.130320065542861 1.536257987551331 11.499089749569414 -1.5682195086873494
