Car 0 1 0 725.4779757278275 410.6101914922623 761.0131839333992 453.5973809034719 2.8981729612517 1.9987184599578 4.3153737284047 8.364553982995842 -0.7232019219449718 78.97875528142399 -1.5516065265129386
Car 0 0 0 56.93175181669119 412.3760908265661 391.1495434774404 634.0942786266579 2.0042400970208 1.8119967476622 5.1974958291069 -4.300389732437419 1.4668445757667086 13.073689370784741 1.6446801318243898
Car 0 0 0 686.2120737693033 430.8022100333373 734.7807008028958 467.7684084124081 1.4182449495476 1.7467171677429 4.050359908727 3.7137768434007032 0.11219781049824751 48.87991349170846 -1.5549012626397778
Truck 0 1 0 336.38075545153504 394.6732441256946 422.42123477652 461.3741569709479 2.9059812930506 2.3418939796731 6.7608494755656 -11.368034833479454 -0.24021727649709967 52.09230619436505 1.6276684430233894
Car 0 0 0 -172.30279429898758 437.380018113822 150.1774958341838 595.1602897446604 1.6099216093692 1.7081648920378 4.1963912467353 -8.021742411454833 1.3693121917463797 14.597469085649783 1.62184101445229
Car 0 2 0 483.88751886620446 421.1860663895806 549.5871922424691 472.38006354417206 1.761944444611 2.0244527733863 4.2794817374822 -4.104596795432265 0.24312308814040312 42.79898632225409 1.62184101445229
Car 0 0 0 726.0916892776894 429.4277532206462 820.9815448839261 498.41416907785015 1.5194513536746 1.8229455664901 4.2751840198345 3.77138618554584 0.7410757660672921 28.91727622560025 -1.5531514514839055
Car 0 2 0 394.434233666113 431.3312552776686 503.4422820285049 506.7778418372785 1.4874601984532 1.803603379926 4.2794817374822 -4.043078948803544 0.8364381263867225 26.21915047975802 1.62184101445229
Car 1 1 0 837.1518879655355 411.4571612593694 995.8657740093572 552.2129607002242 2.0267327853515 1.7232614590348 4.5487376952586 4.765848720345186 1.2083691767290416 18.846859475014195 -1.4766668880626046
Car 1 2 0 1175.0560459197698 445.61548251522566 1625.7070799945168 658.0784719688824 1.6068400327158 1.6756299522763 4.6781413740476 7.769401376931626 1.5394451457385783 11.873694398740463 -1.4828415388449736
Car 1 2 0 867.7588172862996 416.9808085488664 982.2772144278686 481.4738721557292 1.6488750742679 1.8646709600747 5.0348409305617 8.731122238366916 0.3711391386231978 32.84724440136475 -1.5682195086873494
