Car 0 1 0 676.6314220385632 426.7925258844487 712.660382639845 454.4127405969882 1.4182449495476 1.7467171677429 4.050359908727 3.9828254371026293 -0.556595417142441 64.15087223265749 -1.5549012626397778
Truck 0 1 0 228.6216600000489 385.5751337912594 353.1939876221738 476.2730768488881 2.9419225019798 2.3418939796731 6.239833661579 -11.645718083582109 0.270460333060295 39.39900979650104 1.6276684430233894
Car 0 1 0 400.70428774461067 420.06185515206624 512.1270804951326 499.97897777003993 1.7307337664934 1.9641997974654 4.8740819489041 -4.141955103464395 0.7268968943403314 28.156540077458462 1.6253662848034898
Car 0 0 0 699.5968939347521 425.2119786708572 760.6273956983867 475.04788093704656 1.6721902168986 1.8229455664901 4.6416283643918 3.9691644675966407 0.3251742950620899 42.650700774740024 -1.5531514514839055
Car 0 0 0 -84.64656954233067 448.19412179876633 317.9238844408117 684.6288034790837 1.507246501255 1.6158813954847 4.2794817374822 -4.25042499264741 1.4849355241862308 10.195534516267633 1.62184101445229
Car 0 2 0 801.0150286966709 418.40377849745937 866.2866131493952 461.2901283103866 1.6488750742679 1.8646709600747 4.2152156627958 8.840295736756573 -0.16593353851152445 47.44145293784839 -1.5682195086873494
Car 0 0 0 779.4748891143164 416.1801794203066 848.3475177863213 487.6426969430215 2.0243138230386 1.6813674848283 4.144966249355 5.85532547185034 0.6288889468639361 34.86794330607374 -1.4766668880626046
Car 0 2 0 -104.7334743945595 443.58148793893486 161.97441170944558 564.5781561194166 1.4874601984532 1.803603379926 4.2794817374822 -9.14895050971414 1.292210711990916 17.56765923838685 1.62184101445229
Car 0 1 0 502.9150940147655 428.1989220435965 557.0747759157333 465.9420034733436 1.3489004295761 1.78895520587 4.2270799202885 -3.865996752973117 0.02008767093505362 45.79691525718663 1.62184101445229
Car 1 2 0 958.3711112654214 432.48337108800064 1096.7171028399305 522.4859542357693 1.6347671985871 1.6756299522763 4.0328540367383 8.520693368688304 1.0694436593809664 23.9100584778752 -1.4828415388449736
Truck 1 2 0 1118.053691785634 96.7639206501152 2741.4220726373483 887.0031538478015 3.5205037091742 2.8937015045598 10.625817919727 8.117574276875208 1.6121871737341698 10.420624703789773 -1.4712448431193286
Car 1 2 0 835.3595482159865 447.9344498117929 1136.4176853377896 637.6702090032928 1.527637332215 1.812715073283 4.2084975473741 3.7025552675619156 1.4758709796040095 12.308932542830672 -1.571763501319051
Car 0 2 0 548.4552632344379 428.7727545969394 587.1531134426792 458.0885933453254 1.525527572513 1.9674185756784 4.537640894024 -3.346939047967036 -0.36967126384679216 65.68143128555317 1.62184101445229
