Car 0 0 0 698.8548210127717 420.8992785248993 747.4155090250935 459.17680118765423 1.7989020438556 1.807854974531 4.2678999001016 5.039567159292999 -0.2813687687214194 57.613179694208654 -1.6178491768222845
Car 0 1 0 779.7529014356252 407.34309197211695 842.1852638845256 472.2436293002812 2.7156132907681 1.9987184599578 4.3153737284047 8.249932633684566 0.29855803251900376 49.70791165411386 -1.5516065265129386
Car 0 1 0 480.1272652406005 412.1832000138088 550.6442262732096 469.2381052403813 1.91561925696 1.9685501948728 4.8543374932634 -4.003152423638227 0.1009173474484287 41.39290542118979 1.63890830947639
Car 0 0 0 202.3525842426584 434.57165256625024 403.4181647230865 557.3249567466755 1.5365068226332 1.7115925074729 4.0331149850045 -4.8048493994966 1.1848107428192671 17.244532272958704 1.6628611869793897
Cyclist 0 0 0 1245.5010576420077 435.458106241493 1323.583335180051 494.8474949321846 1.5122448979592 0.72312228027552 1.6108846196514 17.438385967740196 0.8266193555118325 29.425734432829795 3.1193305693134894
Car 0 1 0 817.7546964161107 425.72990851907866 925.5118266318506 491.4566288926448 1.6877567311445 1.8256989968834 4.2572323326397 7.20172930977846 0.6753550732478241 32.92398508541448 -1.6469813529823565
Car 0 2 0 187.49323385606243 429.702310270906 328.98540132360324 504.9054448566494 1.4764177287802 1.803603379926 4.2794817374822 -8.448885817427017 0.7890501916193411 26.044185788993754 1.62184101445229
Car 0 0 0 732.509273008582 429.94098226221206 856.1982918364901 529.4664404923726 1.6957224990114 1.7574772324312 4.6808404605571 3.3757731822065806 1.108056363415564 23.028880074664254 -1.5549012626397778
Car 0 2 0 -277.1806258728068 437.8104411539443 21.38561233555879 553.8917018004215 1.523163388735 1.9087811148245 4.2794817374822 -12.125976834450862 1.2090061016270628 18.36241820347556 1.62184101445229
Truck 0 2 0 421.23774811311904 399.66657571521495 476.9901223418873 442.3613072123708 2.6824442705082 2.3418939796731 6.0544920676707 -11.618414595364788 -1.4454826908374692 73.88780397073707 1.6707126812554893
Car 0 2 0 362.46897419294055 425.9736929814789 440.1575342497125 473.78946996095664 1.4764177287802 1.803603379926 4.2794817374822 -7.858469984836562 0.2598044605896086 39.42277395514882 1.62184101445229
Car 0 2 0 436.619200251301 423.8481706239484 486.1584785179092 456.45706588489145 1.4764177287802 1.803603379926 4.2794817374822 -8.28167681486184 -0.40908775071551606 56.547431587115035 1.62184101445229
Car 0 2 0 544.3083801111486 417.28268378088745 578.7590653009065 448.4899463003236 1.7770182921012 1.803603379926 4.2794817374822 -3.9024008613595416 -0.9497447575121911 68.8194981905067 1.62184101445229
Car 0 2 0 248.46603944685864 430.5119009734817 337.79691832157914 474.4866786388875 1.3328656230309 1.803603379926 4.2794817374822 -11.704267602134564 0.2839283016143185 39.48544307092519 1.62184101445229
Car 1 2 0 998.9103617531188 467.30672737750905 2301.3060642137766 1128.9921788773654 1.5832188530668 1.8938378940758 5.1356713391209 3.804645698188008 1.7805038359298246 5.811394467885987 -1.5531514514839055
