Car 0 1 0 674.4232081529756 425.9489172775783 707.2596281151222 451.04247996381423 1.4104955696955 1.7467171677429 4.050359908727 4.107502982621878 -0.8025209303075055 69.92792588358097 -1.5549012626397778
Truck 0 1 0 146.963118359364 382.3912251954638 310.69465830564417 485.8867024874125 2.9419225019798 2.3418939796731 6.239833661579 -12.170065494146499 0.4927566336908741 34.848474235915944 1.6978213383835898
Car 0 0 0 338.9998758249836 418.7304097242825 479.1409752475406 524.9635731952831 1.8028880447677 1.7597626756884 4.8740819489041 -4.19910806007319 0.9841419588516629 22.46206486737702 1.6253662848034898
Car 0 0 0 694.1705104240435 425.2906894113059 747.0111292849457 467.5533164189486 1.6023313051669 1.8229455664901 4.2437745045868 4.039602256439469 0.09016983230088929 47.57189137689521 -1.5531514514839055
Car 0 2 0 807.0961572839984 418.9219906553183 865.3758351202763 456.9286841788583 1.6488750742679 1.8646709600747 4.2152156627958 10.073680302178838 -0.3711207886855419 53.31543351682729 -1.5682195086873494
Car 0 0 0 769.4642532498543 418.887806054289 826.2860197008902 473.8617948240566 1.8310376288791 1.6813674848283 4.144966249355 6.319704061646367 0.2863359270790669 41.00847426072987 -1.4766668880626046
Car 0 1 0 481.77282872523847 428.2504760922743 547.2910538236032 473.9204863794053 1.4162265405309 1.8327663537688 4.537640894024 -3.933150252632635 0.2637049649989336 40.23767213357798 1.62184101445229
Car 1 1 0 905.9267887652144 428.5281629664871 1024.465455759198 503.6921279665417 1.6701036125467 1.6756299522763 4.0328540367383 8.66008754402654 0.8701885603752415 28.667642311847388 -1.572582485643587
Car 1 2 0 789.7522264031525 438.9768374612818 981.9945821698184 576.2093716860376 1.6675677345116 1.812715073283 4.2084975473741 3.8164640810911687 1.401095178156349 17.061915212508335 -1.571763501319051
Car 0 2 0 542.4820901654583 422.5858677576578 584.733080576005 453.978119636926 1.525527572513 1.9674185756784 4.537640894024 -3.310451370506529 -0.5675892586787036 60.617434907487876 1.62184101445229
Truck 1 2 0 1019.6168852899632 245.8599931595612 1719.434339804905 646.3320466754476 3.5205037091742 2.8937015045598 10.625817919727 8.429070293089932 1.3210462865672685 15.242459959538094 -1.4712448431193286
