Car 0 0 0 639.7054271389552 401.7168976991705 687.550126791038 451.2788174189097 2.6954889261866 2.0900948379917 5.8999469982067 2.179723810938035 -0.7843920584579307 64.50389442864052 -1.6173490546399796
Car 0 2 0 264.8779343942789 429.8881656579874 367.7297432846847 493.7649917314035 1.5845088143079 1.9815736149661 4.4711003227426 -8.91472837108163 0.7191537417754207 32.50397985651895 1.5426680465088034
Car 1 2 0 684.0642298135101 425.4883757924063 782.8364334616338 493.8954516457583 1.6079812673634 1.8541482994187 5.2810528558363 2.9438603066404574 0.6536857189162478 31.33774174728109 -1.6178491768222845
Car 1 2 0 851.3738871381443 397.3303155815156 982.5811320191378 499.54373190942505 2.4353567927539 2.1152743960676 4.6799107367351 7.493095279544435 0.7541864063368453 29.09332192606355 -1.5516065265129386
Car 0 0 0 334.03946802114643 424.206268687599 457.1966228059439 508.4275842474372 1.6652932283518 1.9970006557484 4.2258203566546 -5.179038783961109 0.8506179515350769 25.711506372797782 1.5915060789419897
Car 0 2 0 -267.95860292465534 424.4965267872928 34.04765228874237 559.0146116546517 1.8398217685083 1.9330452815384 5.0606231801116 -12.281886501507545 1.2710865694605291 18.97774069850599 1.5426680465088034
Car 0 2 0 507.15045536463055 413.1279325496112 550.7012692010794 451.3115337167394 2.0195379964971 1.9330452815384 4.4711003227426 -5.442702126108518 -0.7326768341546996 63.433253495358414 1.63890830947639
Car 0 2 0 433.15047470319456 423.706489097052 506.2191630983099 477.44692926594513 1.6330371477356 1.9815736149661 4.4711003227426 -5.323358665460004 0.36214637751439577 38.64254438213762 1.5840725198540895
Cyclist 0 0 0 1228.7695717225247 427.401189080335 1295.1163868968524 493.6333403091545 1.7474829931973 0.67494304939951 1.3764772394161 17.28072444805627 0.8203072771502831 30.19525157361693 3.1193305693134894
Cyclist 0 0 0 1207.641846580975 421.62011307000375 1291.1234270591292 487.771374740871 1.7918701814059 0.76015684920515 1.8792278787459 17.43409752318465 0.6768931366606513 31.082471835076433 3.1193305693134894
Car 0 0 0 715.0043639222388 419.2277385682239 767.137167155967 454.4767324815757 1.5597827628666 1.7987689730087 5.2314760568527 5.756388397373789 -0.5275954831156093 55.72442683261627 -1.5894854743945717
Car 1 2 0 1014.905278404746 438.5129957160316 1364.4494908425245 619.0600071307819 1.6285321432703 1.6692701033957 5.0854129368724 6.612283003989527 1.438350330723339 13.842151742859228 -1.5484924230753805
Car 1 2 0 1017.4655906988428 482.7549986693903 3468.201438770451 1799.826506905441 1.6109412264756 1.8129765134554 4.6744435900525 3.191338523097886 1.8719906196015295 4.025409464348568 -1.5549012626397778
