Car 0 1 0 753.4278237845866 409.31828600769165 799.8586367813054 453.3413862929205 2.3626950108461 1.9987184599578 4.3153737284047 8.617731053464242 -0.6194338078109003 63.52981983425781 -1.5516065265129386
Car 0 0 0 408.2804482373288 413.599731938951 520.2273829685151 497.7399028243621 1.8408233801198 1.8118435887283 5.6567892013335 -3.9708904316009876 0.6513384450760704 28.485970707905484 1.6446801318243898
Car 0 1 0 776.9008654561783 425.6798415213858 846.5688921294177 470.5453463955415 1.6067966864001 1.8256989968834 4.2572323326397 7.51870556269105 0.19153764780415694 45.16279855893141 -1.6099469330961536
Car 0 2 0 -231.92482674030123 445.7732782797223 124.39818140031252 592.3132167314149 1.4432903197611 1.803603379926 4.6836550126889 -8.725757818012223 1.3344438394076794 14.943211731563556 1.62184101445229
Car 0 0 0 705.3465665268054 429.49296341265085 780.0142897207147 489.3980247866453 1.598373149617 1.7574772324312 4.6808404605571 3.612266543064191 0.6532045182155554 34.86541686941201 -1.5549012626397778
Truck 0 2 0 394.0917902746173 400.2756887170273 456.9058965125178 450.7520456601175 2.7122492068472 2.3418939796731 6.0544920676707 -11.344648728000305 -0.807321027857843 63.70130870861187 1.6276684430233894
Car 0 1 0 241.66053943202175 434.01325560937033 363.0959407186265 501.1877587512943 1.3630633972388 1.6379663348307 4.3093701813631 -7.804234597545677 0.7526660099010984 27.312080041228494 1.62184101445229
Car 0 2 0 368.31135594359466 426.2501567336387 436.9848884694561 468.35652768802 1.4764177287802 1.803603379926 4.2794817374822 -8.839091069367235 0.10606444458643033 44.50798224075879 1.62184101445229
Car 0 2 0 528.9602234814047 417.22645171480553 571.8130792477015 456.5595781376937 1.8283453270627 1.803603379926 4.2794817374822 -3.7531201690196148 -0.4037479700726494 56.484032786200494 1.62184101445229
Car 0 2 0 83.89167427376617 430.9207230862844 229.1374754552189 500.7588718243905 1.5052625049084 1.803603379926 4.2794817374822 -11.826352432347903 0.7822423890944239 28.412965431523695 1.62184101445229
Car 1 1 0 785.765176927521 433.63208596172205 984.6998427431728 575.2173598090022 1.6692753710543 1.8229455664901 4.6683252472609 3.7150191972509936 1.3254181760758637 16.792504972968178 -1.5531514514839055
Car 0 2 0 482.8188152128428 425.3837769583185 546.2215551803571 469.5685214304151 1.4101629107421 1.803603379926 4.5410056214395 -4.019211061891361 0.12043955309484644 41.07504243925111 1.62184101445229
Car 1 2 0 1061.8577378757905 404.0685195371998 2430.036641069117 1133.643616404613 2.0014965986394 1.7788585867748 4.791631455685 4.011559911736856 1.7404327435843527 5.520973743037248 -1.5407806431758546
Car 1 2 0 1013.0685421818852 415.9290943240275 1275.0577791740238 554.7123501735839 1.9107172487835 1.8646709600747 5.058258795355 8.416463910904943 1.1879481060855142 18.698236717635677 -1.5682195086873494
