Car 0 0 0 637.7197180346487 400.5495828488608 699.519280194635 458.9996623283309 2.4504444783515 2.0900948379917 5.8999469982067 1.898621280423261 -0.3177530659744259 50.37511081274493 -1.6173490546399796
Car 0 2 0 79.82856160900008 431.279665107545 250.1821704412017 521.6051458752197 1.5901527375614 1.9815736149661 4.4711003227426 -9.656701000753424 1.0098044517468758 23.795098130956397 1.5426680465088034
Car 0 0 0 725.9454037106455 421.29964216105134 804.920649648373 473.9420874886781 1.5597827628666 1.7987689730087 5.2314760568527 4.7574742202774605 0.21751601108724294 38.39532418009906 -1.5894854743945717
Car 0 0 0 132.69385397552753 435.39527372071024 338.7528142775268 556.9456426158569 1.5514825873918 1.9815736149661 4.4711003227426 -6.099074746860978 1.2050544256683937 18.069197943808096 1.5426680465088034
Car 0 2 0 350.9721923162892 424.6544778046559 417.73934066636446 469.00030478331007 1.5845088143079 1.9815736149661 4.4711003227426 -9.735072252709777 0.12497618313302583 45.282116031691764 1.5426680465088034
Car 1 2 0 706.182964133606 425.7854341600506 896.459534495011 556.5868703511712 1.6079812673634 1.7752483717839 5.2810528558363 2.5818743110243876 1.1087185633686825 17.68083164528106 -1.6178491768222845
Car 1 2 0 933.2263076549845 387.4641520255834 1176.5262093463766 551.6952287472337 2.357358280475 2.1152743960676 4.6799107367351 6.8496216700898485 1.1492139748892998 18.42645458161889 -1.5516065265129386
Car 0 0 0 415.353396782825 422.5426501352598 490.82353454691935 475.4581282167574 1.6209154360018 1.9970006557484 4.2258203566546 -5.896409510952503 0.3056330751598764 38.60517896817672 1.5915060789419897
Car 0 2 0 708.6229522945546 420.9811271207018 749.2747671030182 451.7310088611856 1.6880117853414 1.7987689730087 4.2943900138582 6.243070758851142 -0.7424832025997825 67.20067690623334 -1.5988368071738837
Car 0 2 0 504.1896109328035 417.1041419642248 540.9785304690128 444.1065155555767 1.6866246424544 1.9330452815384 4.4711003227426 -6.949374166691954 -1.3288743733627284 75.72179653797872 1.63890830947639
Car 0 2 0 458.3153793741224 426.97992014257454 512.2019574838232 465.12253085958326 1.5339584669873 1.9815736149661 4.4711003227426 -6.362296981564974 -0.0077812015780290705 51.01762696260796 1.5840725198540895
