Car 0 0 0 643.8024737541143 407.18524297283153 683.1857429469542 448.0769754416172 2.6954889261866 2.0900948379917 5.8999469982067 2.6592412699331733 -1.1359196807893097 78.32633248538276 -1.6173490546399796
Car 0 2 0 55.70349877794581 430.6857833539301 249.36839063613547 532.7384036618357 1.5845088143079 1.9815736149661 4.4711003227426 -8.809781502148343 1.0625911653298248 21.236316696441005 1.5426680465088034
Car 1 2 0 687.9419283115026 420.437373989835 755.5700848505468 466.27901239996805 1.6079812673634 1.8541482994187 5.2810528558363 3.8252944078094853 -0.0073505246551963666 44.84836459040469 -1.6178491768222845
Car 1 2 0 809.9822217805969 403.97062574469294 898.7234749954721 478.1555033917879 2.4353567927539 2.1152743960676 4.6799107367351 8.071389216636936 0.3913261184835871 39.604774631633276 -1.5516065265129386
Car 0 0 0 38.62490542619128 432.1928587618771 343.307201742571 616.4437750021262 1.7357235676293 1.9970006557484 4.4605881542465 -5.005805987251448 1.4483482162029666 13.672943282258709 1.5915060789419897
Car 0 2 0 504.4041003932216 414.7287866163602 559.1453214947701 462.2020462046374 2.0195379964971 2.000363214755 4.4711003227426 -4.273555561443591 -0.1336171722568522 51.604191611570165 1.63890830947639
Car 0 2 0 365.2262820193896 428.9096881912664 476.5108843558879 507.56215681314296 1.6330371477356 1.9815736149661 4.4711003227426 -4.913143888363373 0.8888772923398718 27.407975201293 1.5840725198540895
Cyclist 0 0 0 1226.527584418278 422.1304082957796 1328.2127415107936 498.176833649594 2.0039081528723 0.81291747121322 2.2705362726386 17.750048363266924 0.9338550721339398 30.30084169179119 3.1193305693134894
Car 1 2 0 886.1910011564768 426.741262387313 1031.3524373537346 518.9467484393339 1.6325360713015 1.6692701033957 4.4464426585348 6.91482914050957 0.9521356472513716 23.538783841644104 -1.5484924230753805
Car 0 2 0 309.19355999261137 428.4612668146376 403.5441887604396 481.8062510023581 1.4764177287802 1.9087811148245 4.2794817374822 -8.550362446380133 0.46379051913297276 35.76408006584734 1.62184101445229
Car 1 2 0 781.6384787158132 440.079688649805 1021.667752719572 606.4191932669158 1.5432849743782 1.8129765134554 4.144826828618 3.148517408146033 1.363228353075429 13.580667465619442 -1.5549012626397778
Car 0 2 0 98.81810760912651 429.43531253492125 238.7779012359989 494.12876687801366 1.4764177287802 1.9087811148245 4.2794817374822 -12.139651621300269 0.6685873297301473 29.92478961386909 1.62184101445229
Truck 0 2 0 436.5588402651134 400.0554198633822 481.12600555214925 434.737711249379 2.4187457609309 2.1039567171164 5.3551350695794 -12.12051080232424 -2.104349673094271 81.39316558097035 1.6707126812554893
