Car 0 0 0 693.0905643072904 427.2011176059687 735.4286231740767 454.1424016408785 1.3928520773537 1.807854974531 4.2678999001016 5.1927243749020855 -0.586807387029018 65.19817751732589 -1.6178491768222845
Car 0 1 0 767.6147611073208 408.6087463208469 821.7816123320814 459.26558745158 2.3849845864201 1.9987184599578 4.3153737284047 8.480529083885889 -0.27281592997958326 55.9246413759847 -1.5516065265129386
Car 0 0 0 459.0557458788032 414.5849851858002 539.729354354305 480.0108566879208 1.8452495699696 1.8118435887283 4.8543374932634 -3.904249269340225 0.382548852854266 35.35775105949334 1.6446801318243898
Car 0 0 0 -47.76741653805527 450.5687543445688 297.08767647487895 651.0373177692575 1.5365068226332 1.7115925074729 4.0331149850045 -4.917663582918571 1.5193653692262845 11.674024690419412 1.6160529419871903
Car 0 1 0 797.6503067103208 425.54307224251886 882.5146708766638 478.9480478256596 1.6168028589339 1.8256989968834 4.2572323326397 7.364328246532201 0.41532355150132694 38.48795211408698 -1.6099469330961536
Car 0 2 0 54.94517386278028 441.18520924642417 252.8922936489652 534.9890236114613 1.399120441069 1.803603379926 4.2794817374822 -8.652343383619447 1.0990492096569746 20.894511203943935 1.62184101445229
Car 0 0 0 719.4741239577925 427.0398906664351 815.4155412625872 506.7599909816738 1.7217271682367 1.7574772324312 4.6808404605571 3.5321150705044166 0.8997946946219186 28.36037822766021 -1.5549012626397778
Truck 0 2 0 413.0509530142713 399.9148195140103 469.6164856214364 459.5922870714334 3.5169824879996 2.3418939796731 6.0544920676707 -11.365856752809924 -0.33649326425804 69.30163535757353 1.6276684430233894
Car 0 1 0 314.5680600371157 430.8522225006936 410.4093212258568 484.1134916837922 1.36599303205 1.803603379926 4.2794817374822 -7.862110001114843 0.49279754172627366 33.687765739305924 1.62184101445229
Car 0 2 0 413.7231676759582 426.8116367979183 470.2904069329062 463.3649439377161 1.4764177287802 1.803603379926 4.2794817374822 -8.347722249848289 -0.07691915345200605 51.011091123985565 1.62184101445229
Car 0 2 0 530.9325926708477 417.5967669521234 569.439177721469 454.8084329650444 1.9385655336138 1.803603379926 4.2794817374822 -4.2013323907483935 -0.5315580129631463 62.91508365278669 1.62184101445229
Car 0 2 0 196.47923288239548 431.1420976571866 302.8483925093256 483.8738824639955 1.4101629107421 1.803603379926 4.2794817374822 -11.699319699681293 0.5109174696566062 34.95750117592477 1.62184101445229
Car 0 2 0 503.77071089636206 424.501828907493 556.7524374489759 462.0915134544848 1.4101629107421 1.803603379926 4.5410056214395 -4.021779154947756 -0.14088462650794034 47.78292056768425 1.62184101445229
Car 1 2 0 862.022773814366 447.55456843647454 1263.1563597649872 691.2628847533324 1.5832188530668 1.8938378940758 4.6221042052088 3.732045687593869 1.5586131938724488 10.57943146917265 -1.5531514514839055
Car 1 2 0 1158.190104614265 418.4561347607205 1667.3390376731586 648.6639904801814 1.9107172487835 1.8646709600747 5.058258795355 8.134688165483954 1.485773684128576 12.341210793407367 -1.5682195086873494
