Car 0 0 0 643.7730375887032 402.46818246803895 683.1648964174738 443.0028073221839 2.6954889261866 2.0900948379917 5.8999469982067 2.6567490588313865 -1.4797178012812826 78.30573509439867 -1.6173490546399796
Car 0 2 0 80.9400293082033 429.5169409064655 263.407082887921 527.1826564336388 1.5845088143079 1.9815736149661 4.4711003227426 -8.772156976937156 1.014545407648938 22.033711288493002 1.5426680465088034
Car 1 2 0 690.9528883904366 420.9082065261161 760.4256513408855 467.81625126660407 1.6079812673634 1.8541482994187 5.2810528558363 3.8999777389784183 0.04631907664382995 43.943511784675295 -1.6178491768222845
Car 1 2 0 811.2871568872848 404.16560224914895 902.2990821393294 480.1238351381343 2.4353567927539 2.1152743960676 4.6799107367351 7.976864937054344 0.44341665746456094 38.74675197589911 -1.5516065265129386
Car 0 0 0 85.49678375064923 429.9911283806496 359.2325053760234 598.4563006347832 1.7357235676293 1.9970006557484 4.4605881542465 -5.020482058725628 1.387698188052935 14.687047948360165 1.5915060789419897
Car 0 2 0 503.6514235697928 414.4164298924214 557.5075453525371 460.9700932038701 2.0195379964971 2.000363214755 4.4711003227426 -4.4106532206532005 -0.18937695124396137 52.55148414950998 1.63890830947639
Car 0 2 0 373.7632218445448 427.8850128976321 480.3384408742927 503.5255091439674 1.6330371477356 1.9815736149661 4.4711003227426 -4.933793327962271 0.8325908893671529 28.34996796769121 1.5840725198540895
Cyclist 0 0 0 1226.527584418278 422.1304082957796 1328.2127415107936 498.176833649594 2.0039081528723 0.81291747121322 2.2705362726386 17.750048363266924 0.9338550721339398 30.30084169179119 3.1193305693134894
Car 1 2 0 894.9319695654152 427.9315280821587 1048.742845307468 524.6345909871718 1.6325360713015 1.6692701033957 4.4464426585348 6.889801123179538 1.0084780576063308 22.601383047887317 -1.5484924230753805
Car 0 2 0 317.0279876399174 427.7707711916884 408.5347407532775 479.7832707567053 1.4764177287802 1.9087811148245 4.2794817374822 -8.537519161269945 0.41536138104526565 36.57087222405996 1.62184101445229
Car 1 2 0 791.870394389767 442.64235559828575 1055.232847644884 623.2508340322236 1.5432849743782 1.8129765134554 4.144826828618 3.164925499939367 1.414053046127862 12.730351024952546 -1.5549012626397778
