Car 0 0 0 -1461.6764193889517 410.0339360688302 145.55440916687758 1153.3442639144466 1.9410827435262 1.8119967476622 5.1974958291069 -4.543454420543503 1.7196310602763207 5.633058507522654 1.6446801318243898
Car 0 0 0 681.8597600871462 429.0265263849735 723.4234370611578 460.7668245150357 1.4182449495476 1.7467171677429 4.050359908727 3.896823151095208 -0.19198924154931793 56.369052932776526 -1.5549012626397778
Truck 0 1 0 290.1386363557344 391.0305408509841 390.8523977377384 468.49808873409097 2.9419225019798 2.3418939796731 6.239833661579 -11.510223084014179 0.051990017159668916 45.58445130223193 1.6276684430233894
Car 0 1 0 465.4112643889303 420.4397279288741 539.6437195817455 480.8756896133331 1.699389612767 1.78895520587 4.2270799202885 -3.8160091182171647 0.4302656314130352 35.29770732671018 1.6253662848034898
Car 0 0 0 710.7720957105543 429.658732208008 785.9661969978011 486.0268667154703 1.5405330370966 1.8229455664901 4.6416283643918 3.8880260245493083 0.5748679610378022 35.74520955952173 -1.5531514514839055
Car 0 1 0 282.1039950456227 433.0967499854938 447.0250535201136 549.1685943430153 1.5369259554578 1.6158813954847 4.2794817374822 -4.120373216625566 1.1365712141037196 18.310480511023485 1.62184101445229
Car 0 2 0 834.0876159441999 418.3187561275189 916.3645889246436 476.8949340636048 1.887138585833 1.8646709600747 4.2152156627958 8.880918898566533 0.36907776768797207 39.818051989353975 -1.5682195086873494
Car 0 0 0 795.7255626459636 415.0980583482692 898.2921620466391 508.8549339909465 1.9695578231292 1.8217393501913 4.144966249355 5.161920106720635 0.8983024405316569 26.368043157411925 -1.4766668880626046
Car 0 2 0 138.727547799817 433.3522461538572 296.8605958994007 515.2690007484134 1.4874601984532 1.803603379926 4.2794817374822 -8.782934794845058 0.9344437486173576 24.41821834177885 1.62184101445229
Car 0 2 0 522.3729520765736 423.6380831234574 567.5507901422168 461.11214438767263 1.6172437104566 1.78895520587 4.2270799202885 -3.8173554059195487 -0.17672872292636932 53.56330671547893 1.62184101445229
Car 0 2 0 424.6548589205921 424.4956379014504 467.08355150117393 449.7073114141074 1.3489004295761 1.78895520587 4.2270799202885 -10.75433444513912 -0.854084901172441 66.9153251094515 1.62184101445229
Car 1 2 0 1026.0379429746508 436.2801151201799 1253.6960983602453 562.7783515209277 1.6068400327158 1.6756299522763 4.7479643796303 8.096765930215826 1.2790476435004479 18.048419096294484 -1.4828415388449736
Car 1 2 0 944.0632467839828 470.69871843355565 1727.7881874179534 929.3019793498572 1.5679198893991 1.812715073283 4.2084975473741 3.4838453127212947 1.7662564350796173 6.646489358243943 -1.571763501319051
Car 0 2 0 553.3979238084039 426.5977562797804 588.2940986304349 452.9573263793252 1.525527572513 1.9674185756784 4.537640894024 -3.5014837626164086 -0.7182384566296245 72.43202526611768 1.62184101445229
