Car 0 1 0 676.9102551901746 419.4899006155398 711.1570151311837 446.9639784434954 1.5174374371083 1.7467171677429 4.050359908727 4.152626594208506 -1.0179277735113774 67.43122309738325 -1.5549012626397778
Truck 0 1 0 179.2840006386345 384.9052633266937 330.1625796094997 482.515327203808 2.9419225019798 2.3418939796731 6.239833661579 -12.012375899492401 0.43170547306286766 36.75198016019586 1.6978213383835898
Car 0 0 0 361.4035858085899 418.67633600033054 493.641330736154 512.5934088926329 1.7788366186763 1.9641997974654 4.8740819489041 -4.25536526514887 0.8674790935884659 24.818309159373015 1.6253662848034898
Car 0 0 0 698.2365935644002 427.0011810035141 754.1194405617664 467.1463265835756 1.4301642238873 1.8229455664901 4.2437745045868 4.07667869949032 0.06351618355951022 45.384204079504315 -1.5531514514839055
Car 0 0 0 -666.026331156149 465.4741805734094 180.1996335286284 903.6071955643864 1.5369259554578 1.6158813954847 4.2794817374822 -4.384924564823755 1.694206260533275 6.718804052582382 1.62184101445229
Car 0 2 0 811.8818421264393 416.7139038040871 873.3643973342812 456.34816086650847 1.6488750742679 1.8646709600747 4.2152156627958 9.92000961469365 -0.385849642517455 50.98150105360146 -1.5682195086873494
Car 0 0 0 774.514794241573 416.6983252531378 835.7905200896874 475.14134363416025 1.8310376288791 1.6813674848283 4.144966249355 6.184854796959448 0.30229919805094096 38.54704000331761 -1.4766668880626046
Car 0 2 0 -282.15490168256736 448.74450069959215 79.77773382636224 595.5312776332419 1.4212053804151 1.803603379926 4.2794817374822 -9.099168169189872 1.353999459268008 14.499164406297 1.62184101445229
Car 0 1 0 490.9143590017219 428.4828495032528 551.5123685079349 469.4886783784067 1.3489004295761 1.8327663537688 4.2270799202885 -3.8994325465659325 0.1365630827550819 42.35575801379664 1.62184101445229
Car 1 1 0 927.6717610977896 433.22038416232647 1044.7708435194018 499.03346767693006 1.3199691451946 1.6756299522763 4.0328540367383 8.56533359919534 0.6991039328933072 26.709179312448295 -1.4828415388449736
Car 1 2 0 808.7115388184931 444.1406475170277 1037.436571726867 586.6519977579319 1.4571428571429 1.812715073283 4.2084975473741 3.805886045943987 1.312598027534738 15.021670669513885 -1.571763501319051
Truck 1 2 0 1054.2480947771846 206.85837957463767 1986.7731769291136 710.2754660248606 3.5205037091742 2.8937015045598 10.625817919727 8.299913408317938 1.4417632397827986 13.24316241447196 -1.4712448431193286
Car 0 2 0 545.8413470985482 425.6425404145134 586.5512218739306 456.217213454454 1.525527572513 1.9674185756784 4.537640894024 -3.2771677267673183 -0.46043390026012243 62.61869364095753 1.62184101445229
