Car 0 1 0 733.2397058090327 409.4520974178909 771.4315336979075 452.0961641900141 2.7070897854186 1.9987184599578 4.3153737284047 8.494622711438993 -0.7868435231560325 74.50339483126307 -1.5516065265129386
Car 0 0 0 235.57049335986505 413.4580602724341 448.76927936975625 564.7784271397666 1.9218740656364 1.8119967476622 5.0133325910677 -4.1375788445351676 1.214377103527519 17.268004726478814 1.6446801318243898
Car 0 0 0 692.8206107936707 426.93106989635504 746.7814636759938 471.9663874671253 1.6026206505871 1.7467171677429 4.050359908727 3.761610144069855 0.2519655216974914 44.69005042396106 -1.5549012626397778
Truck 0 1 0 358.6214740557581 399.0526808003913 433.94862510633743 465.9221772743056 3.1295183155929 2.3418939796731 6.0544920676707 -11.337208551609315 -0.005815024761649523 55.65192518075379 1.6276684430233894
Car 0 0 0 12.388654245664384 444.40542580935295 237.48997550202125 561.5426987715064 1.5166684705529 1.7081648920378 4.1963912467353 -8.003524119765318 1.3221264307111844 18.301148817108515 1.62184101445229
Car 0 2 0 497.9332409988799 421.0899175757716 557.1072611531027 468.4057949118037 1.7876517814159 2.0244527733863 4.2794817374822 -4.041339634840022 0.1199286496906854 46.72829120575102 1.62184101445229
Car 0 1 0 -211.5970824334314 441.0789438902617 42.181436976655846 546.8077943563346 1.4408564693026 1.6710937438498 3.9650708343202 -11.82740183260172 1.1691884153698733 18.91038746103181 1.62184101445229
Car 0 0 0 732.3085711523657 432.0225993538584 851.1189209648134 513.3477455379601 1.5194513536746 1.9140928448146 4.90594887522 3.705705126868235 0.9139884980155726 25.596702348849767 -1.5531514514839055
Car 0 2 0 432.9623047074225 431.4248881672698 522.218793109003 495.232127891442 1.4874601984532 1.803603379926 4.2794817374822 -3.9720942314518224 0.7173176421516919 30.62110171376864 1.62184101445229
Car 1 2 0 861.0402649101198 417.3007856745804 1111.2345895149206 605.8517605592627 2.0014965986394 1.7232614590348 4.791631455685 4.527332728600333 1.4584304900710754 14.813944710349574 -1.5407806431758546
Car 1 2 0 905.813349014873 412.9164088687037 1047.2283383332729 487.56546466750905 1.6488750742679 1.8646709600747 5.0348409305617 8.83132314150844 0.436507395770354 28.452769338693592 -1.5682195086873494
