Car 0 0 0 699.6923274705401 427.3848434326755 747.2048321917791 457.3437611326748 1.3928520773537 1.807854974531 4.2678999001016 5.168079338405956 -0.3782457766035505 58.878742005675335 -1.6178491768222845
Car 0 1 0 774.2293045837497 408.1274070537945 833.9730296491621 467.3177356959965 2.55958626175 1.9987184599578 4.3153737284047 8.221735893861897 0.09573960812856741 51.419393511784364 -1.5516065265129386
Car 0 1 0 480.4181621724544 414.84949983140257 545.9647985016637 473.08721869457065 1.8452495699696 1.6310844471803 4.8543374932634 -3.892782428118435 0.21774670022030002 39.42951515205067 1.6446801318243898
Car 0 0 0 142.7755658446888 438.7824119410087 369.2940464504822 580.3536492659648 1.5365068226332 1.7115925074729 4.0331149850045 -4.880250988212485 1.297599002690118 15.371070871314013 1.6160529419871903
Cyclist 0 0 0 1246.6874918320482 431.0834522873045 1324.8651044960625 490.4140607521501 1.5122448979592 0.72312228027552 1.6108846196514 17.45646624342847 0.710121315937639 29.40126394386522 3.1193305693134894
Car 0 1 0 809.6218732802565 430.6373295461878 910.0560816319922 483.5441096417562 1.4039412423019 1.8256989968834 4.2572323326397 7.259319080432801 0.4929934749478123 34.81130135611468 -1.6469813529823565
Car 0 2 0 148.7753243396566 431.8342468538238 305.2155908916493 512.8951107064532 1.4764177287802 1.803603379926 4.2794817374822 -8.58510358926927 0.8870661377194669 24.4246523174818 1.62184101445229
Car 0 0 0 727.2396634498848 432.80403376009735 840.5729973983536 513.9159805659733 1.4616804759835 1.7574772324312 4.6808404605571 3.407492011585561 0.895673765873326 24.682248831558184 -1.5549012626397778
Truck 0 2 0 418.29088206221024 399.7641557768367 471.9252338577072 443.43809939759007 2.6824442705082 2.3418939796731 6.0544920676707 -11.633463265067922 -1.3520074498201762 72.32939982224806 1.6276684430233894
Car 0 2 0 350.67854736438903 427.4676944952216 433.5105051642424 478.1155229165281 1.4764177287802 1.803603379926 4.2794817374822 -7.768243013901442 0.37677253752918904 37.45950543106084 1.62184101445229
Car 0 2 0 428.5246741932418 424.76750655818415 480.269378771208 458.5791638223972 1.4764177287802 1.803603379926 4.2794817374822 -8.354873989796221 -0.2993299228812717 54.72428536440768 1.62184101445229
Car 0 2 0 538.7386937369322 417.9219458223289 574.4899960605212 447.04514948686 1.5978848951833 1.803603379926 4.2794817374822 -4.085196082935744 -1.0098802984300614 66.84994494716719 1.62184101445229
Car 0 2 0 245.77786917921128 430.775072315465 336.0697493541639 475.15229555853375 1.3328656230309 1.803603379926 4.2794817374822 -11.687181498223381 0.3026265723848912 39.17127692749624 1.62184101445229
Car 0 2 0 512.0289353765995 422.46058905247327 560.5636759777587 456.9692047810288 1.4101629107421 1.803603379926 4.5410056214395 -4.071457522330748 -0.36841961474453233 51.586790344847806 1.62184101445229
Car 1 2 0 943.6463933973392 457.1762164330244 1790.459236749518 911.0611217217014 1.5832188530668 1.8938378940758 5.1356713391209 3.7806668636178022 1.6987870830234955 7.178256139809581 -1.5531514514839055
