Car 0 1 0 675.5562802657267 425.44391411095074 709.0248989993454 452.38761129449375 1.4978314280826 1.7467171677429 4.050359908727 4.129646242014919 -0.7103558010278646 68.79090077373075 -1.5549012626397778
Truck 0 1 0 159.9686473526076 382.6890170655317 324.86765954136774 483.7517363980926 2.9419225019798 2.3418939796731 6.8638170277369 -12.089285715105195 0.4279932840392625 35.919685841633914 1.6978213383835898
Car 0 0 0 355.9424805267567 417.6851356096912 486.61963174719017 517.8677318692168 1.8028880447677 1.7597626756884 4.8740819489041 -4.176515027621629 0.9143911408985095 23.623564282308887 1.6253662848034898
Car 0 0 0 696.0659255747103 427.4536244210264 750.3083543758917 466.6067894105393 1.4301642238873 1.8229455664901 4.2437745045868 4.057038019343715 0.04717212343415139 46.52831987950014 -1.5531514514839055
Car 0 0 0 -1127.8466517032316 476.1166091202902 105.30813294996416 1074.575977640249 1.5369259554578 1.6158813954847 4.2794817374822 -4.442807849466038 1.76352265945317 5.568825658811775 1.62184101445229
Car 0 2 0 806.7997428934149 418.99536647121096 866.3233865950687 457.8351574976207 1.6488750742679 1.8646709600747 4.2152156627958 9.880635492465538 -0.32517558123785156 52.22545583750877 -1.5682195086873494
Car 0 0 0 768.4999739642111 418.5309032874865 827.0792444798983 477.9496567735271 1.9225895103231 1.6813674848283 4.144966249355 6.1236855629981335 0.41232614106928256 39.77975002302796 -1.4766668880626046
Car 0 2 0 -311.42900997760955 444.6662151954078 66.88854375343271 601.7300139869361 1.4985026681262 1.803603379926 4.2794817374822 -9.10508872319024 1.3763245361295824 14.127245812355648 1.62184101445229
Car 0 1 0 486.38744054012034 429.3722255769652 549.0828256780966 473.9980547084079 1.4303567119658 1.8327663537688 4.2270799202885 -3.917346757066836 0.2876444267540596 41.19826510045675 1.62184101445229
Car 1 1 0 921.6843049089543 429.7799130160684 1033.9606892571717 504.7812674992082 1.5956311702233 1.6756299522763 4.0328540367383 8.643222100684664 0.8607594163614528 27.5817630819888 -1.4828415388449736
Car 1 2 0 797.4037318076007 445.6487974938258 1005.4094938124672 584.2094047176626 1.537707971511 1.812715073283 4.2084975473741 3.7959404723889842 1.400619911652661 16.079643668602976 -1.571763501319051
Truck 1 2 0 1040.1636182581972 223.960058524659 1869.5487202174656 682.3247919859477 3.5205037091742 2.8937015045598 10.625817919727 8.349296923083703 1.3956067576709714 14.007599711115011 -1.4712448431193286
Car 0 2 0 543.7657460074395 422.2631354412467 585.4228825564903 453.2305617159344 1.525527572513 1.9674185756784 4.537640894024 -3.298435440024789 -0.6128986286382364 61.37225413038427 1.62184101445229
