Car 0 1 0 722.4430988703862 410.2264756058596 756.8559633668266 449.2605038713367 2.7010105177818 1.9987184599578 4.3153737284047 8.328962432804815 -1.0477284692849633 81.10294927406332 -1.5516065265129386
Car 0 0 0 -91.74406062242316 411.92370926029497 349.50652798477114 674.1803820052279 1.9060732351259 1.8119967476622 5.1974958291069 -4.380218023978956 1.4543837956900303 11.034251542391189 1.6446801318243898
Car 0 0 0 686.5360755394688 431.6691135146969 733.1061523300117 467.16413778169374 1.4182449495476 1.7467171677429 4.050359908727 3.841229868661878 0.09605577211560878 50.91886068949902 -1.5549012626397778
Truck 0 1 0 325.0092556652714 394.2936241773913 412.1230854220472 463.7614886050815 2.92088376122 2.3418939796731 6.0544920676707 -11.412730412282167 -0.11682731742695507 50.038173140911454 1.6276684430233894
Car 0 2 0 486.9046699428226 421.0179083380149 549.2608991810285 471.8321002258193 1.6555784648681 1.78895520587 4.2270799202885 -3.8529711320400084 0.20692684878650885 40.678339762601716 1.62184101445229
Car 0 0 0 720.8968441907593 428.12180033067136 808.6071720272967 492.2653834696549 1.5194513536746 1.8229455664901 4.2751840198345 3.7934150844344905 0.6454656719442645 30.85262230284115 -1.5531514514839055
Car 0 2 0 369.6835891887836 431.9695473717125 491.8441258696003 515.0175304112759 1.4874601984532 1.803603379926 4.2794817374822 -4.078030442382931 0.911613795496774 24.045354974036172 1.62184101445229
Car 0 1 0 868.980323706602 417.80237368316426 969.4691804441576 477.8573704722789 1.6488750742679 1.8646709600747 4.2152156627958 9.018032660792779 0.3253803409103797 34.446754719708046 -1.5682195086873494
Car 1 1 0 821.3304986069091 414.967826342863 958.1164555700506 533.2679366341887 1.9163265306122 1.7977852685586 3.9746251706143 4.7953169223227725 1.0806522158953404 20.698391992051885 -1.4766668880626046
Car 1 2 0 1124.5527866475925 442.3395974691889 1486.2969638766317 622.2749792494237 1.6068400327158 1.6756299522763 4.6781413740476 7.856012299876348 1.4689136318761489 13.507467994643548 -1.4828415388449736
Car 1 2 0 1162.781375835763 517.3850397128306 9576.878204152008 4584.837870532379 1.5679198893991 1.812715073283 4.2084975473741 3.2838620519478727 1.9342209646430248 2.6883508104439433 -1.571763501319051
