Car 0 0 0 639.3049306345195 400.1648711889678 709.2663850311119 466.1130331910917 2.4504444783515 2.0900948379917 5.8999469982067 1.9055529131725701 -0.03408673254864729 44.95658108311196 -1.6173490546399796
Car 0 0 0 -165.21261542656111 447.1373958729503 269.58702863104696 710.5495518791623 1.6620294149599 1.8698747442382 4.4711003227426 -4.790717063177769 1.6347450549947367 10.232674961703388 1.5377893728622034
Car 0 2 0 712.4446263546658 418.7596055425293 757.6472382027908 452.5964452999848 1.6880117853414 1.7987689730087 4.2943900138582 5.9930754084052955 -0.638800290541969 60.98855372912783 -1.5988368071738837
Car 0 2 0 176.28679809993503 430.33198191276375 303.2823203760841 502.4898422645366 1.5901527375614 1.9815736149661 4.4711003227426 -9.96200717243171 0.8345199634524827 29.150869637459927 1.5426680465088034
Car 0 0 0 733.5886950629871 420.4994105819084 830.3234175568316 483.958097775336 1.5597827628666 1.7987689730087 5.2314760568527 4.4376779913858835 0.4185470156289619 32.237803590617546 -1.5894854743945717
Car 0 0 0 245.1018616528646 431.31815608312695 387.2782965927649 520.7858328094989 1.5514825873918 1.9815736149661 4.4711003227426 -6.378023650897485 0.9795672298583931 23.523390786608854 1.5426680465088034
Car 0 2 0 367.0774698991706 426.64621558969577 426.0551625969226 464.2912492474279 1.4854301335596 1.9815736149661 4.4711003227426 -10.269662765603545 -0.047435252283846374 50.24950564284365 1.5426680465088034
Car 1 2 0 742.7685091530543 436.7397019689814 1051.9039276909975 643.9167922741045 1.6079812673634 1.7752483717839 5.1383216975704 2.6664964289725535 1.4281105015859037 12.339520225250501 -1.6178491768222845
Car 1 2 0 994.0060999992754 385.07763471419423 1334.7433621571663 598.6636260376777 2.357358280475 2.1152743960676 4.6799107367351 6.751842979337364 1.3723895124828294 14.713191561040128 -1.5516065265129386
Car 0 0 0 433.4555199664705 419.69684009346514 499.1390967437479 466.09337344459067 1.6209154360018 1.9970006557484 4.2258203566546 -6.144433070191721 0.015574597008423618 43.476647267438686 1.5915060789419897
Car 0 2 0 495.166976196257 416.2140714569512 530.7609574103535 441.8546440535936 1.6866246424544 1.9330452815384 4.4711003227426 -7.985772515295228 -1.5463781361812379 79.47762154555443 1.63890830947639
Car 0 2 0 481.4191387995756 424.5166393541114 529.3536487823933 459.29858121929794 1.5339584669873 1.9815736149661 4.4711003227426 -5.919194797872886 -0.2745584360369083 55.41687686275427 1.5840725198540895
