Car 0 1 0 737.1764639603406 409.9813242173199 776.8771823547974 455.39751052189615 2.7909133195549 1.9987184599578 4.3153737284047 8.532394228841456 -0.5578525323390011 72.1882246167618 -1.5516065265129386
Car 0 0 0 281.62073672214126 413.52537366804887 465.51290911126495 549.6002715263681 1.9972643479586 1.9053184685718 4.8356948220929 -4.181892596778011 1.1951034104107556 19.435347201052256 1.6446801318243898
Car 0 0 0 692.3632620287755 425.86931030935335 750.3120015840781 474.2836220995651 1.6317326033828 1.7467171677429 4.6808404605571 3.665416335480938 0.30013113609241127 43.000306252744124 -1.5549012626397778
Truck 0 1 0 365.4276348728055 398.97524478747545 438.32798733554057 455.0825923973369 2.6824442705082 2.3418939796731 6.0544920676707 -11.313076152210707 -0.5276296258524685 56.882947343635266 1.6276684430233894
Car 0 0 0 75.5644013203871 440.67673342467776 268.1289480580748 540.6969945359901 1.4467286164406 1.7081648920378 4.0717459621788 -7.976425752382275 1.148223437245594 20.03102797876226 1.62184101445229
Car 0 2 0 508.44222019221206 421.7698471835666 559.5455113308207 465.835097975096 1.735915766096 1.803603379926 4.2794817374822 -3.942855712849326 0.024158603517842187 48.742330856850224 1.62184101445229
Car 0 1 0 -124.08944881670038 440.6432962040274 92.44606289458989 535.2853413597029 1.4408564693026 1.6710937438498 3.9650708343202 -11.826330427035398 1.1230623838744338 20.877740806831486 1.62184101445229
Car 0 0 0 740.3994030616445 431.23005932081446 866.1692113099707 522.978528039133 1.6004711566297 1.8229455664901 4.9977441764195 3.701608853701048 1.0210725680390262 23.979172159423115 -1.5531514514839055
Car 0 2 0 447.9075787164006 431.6450775990333 529.7198470328291 488.1688651436022 1.4101629107421 1.803603379926 4.2794817374822 -3.93754224834018 0.5870298889050313 32.79159538310091 1.62184101445229
Car 1 2 0 881.7364695351298 413.6649981096581 1189.4828412399406 636.1908315516796 2.0014965986394 1.7232614590348 4.791631455685 4.39226633884319 1.4884582112516231 12.841600754115719 -1.5407806431758546
Car 1 2 0 913.877297339686 414.1551348222436 1068.4388729303182 495.0914526402844 1.6488750742679 1.8646709600747 5.0348409305617 8.552521524635422 0.5545492316813418 26.516229507404393 -1.5682195086873494
