Car 0 1 0 723.959510143686 410.4182046240708 758.930279850526 452.24219657089503 2.8581068189741 1.9987184599578 4.3153737284047 8.347392511037986 -0.8262679697543166 80.03116653435067 -1.5516065265129386
Car 0 0 0 -9.258074299702573 413.5769377644508 371.8883149683558 659.8194986021095 2.0042400970208 1.8119967476622 5.1974958291069 -4.339815530050105 1.5279813436606735 12.058006510332044 1.6446801318243898
Car 0 0 0 686.5704852429142 430.3413539459151 734.1863658602227 466.52104836643247 1.4182449495476 1.7467171677429 4.050359908727 3.7836459706808077 0.06345068131763623 49.84738038583072 -1.5549012626397778
Truck 0 1 0 330.8084459324497 395.0084409864999 415.8690535049787 462.5466172416382 2.8910788248811 2.3418939796731 6.0544920676707 -11.394217186044372 -0.16793631498068562 50.889009643291786 1.6276684430233894
Car 0 0 0 -240.84466102961449 450.4472352068006 130.23893988563665 612.0218109297882 1.4467286164406 1.7081648920378 4.5227772325925 -8.034661384269876 1.4180267311374986 13.785922361433544 1.62184101445229
Car 0 2 0 487.0143911339989 421.874350122046 547.9736312414211 470.0078960108618 1.6008145299945 1.78895520587 4.2270799202885 -3.9691704449942673 0.15038227800078352 41.63620288460856 1.62184101445229
Car 0 0 0 724.2876764590045 428.716872217217 815.4960466139755 497.94953666265 1.5903436812603 1.8229455664901 4.2751840198345 3.8103517821318964 0.7621386320241113 29.915782164611475 -1.5531514514839055
Car 0 2 0 382.5243528450634 432.78372981656815 497.8207427907832 512.0954058739652 1.4874601984532 1.803603379926 4.2794817374822 -4.0605630848359215 0.902366868993508 25.120828382023344 1.62184101445229
Car 1 1 0 825.8547798821037 416.0150809846599 973.1449910842102 542.0500269065134 1.9163265306122 1.808431527062 3.9746251706143 4.692146001938229 1.1480935241975336 19.585190974980392 -1.4766668880626046
Car 1 2 0 1152.0351115749156 445.3217354280997 1560.362488336715 643.0468087519725 1.6068400327158 1.6756299522763 4.6781413740476 7.806635816990449 1.5251467545656936 12.574837433727547 -1.4828415388449736
Car 1 2 0 872.2051858098688 416.3161969701228 983.8187820798156 478.6645103002273 1.6488750742679 1.8646709600747 5.0348409305617 9.092668062368908 0.3092438161035986 33.83661316194711 -1.5682195086873494
