Car 0 0 0 636.5583661607852 400.5523935767088 712.3876423447509 472.4891810894724 2.4504444783515 2.0900948379917 5.8999469982067 1.7522720877608362 0.17428417987519046 41.497142331558564 -1.6173490546399796
Car 0 0 0 59.875841342456624 436.19037688057415 336.1860202432966 616.7786878407503 1.6620294149599 1.8698747442382 4.4711003227426 -4.9171579661329 1.4336761190671747 13.604079433984309 1.5377893728622034
Car 0 2 0 710.7200169759865 420.3597293991533 759.0340695580481 456.7512485761828 1.6880117853414 1.7987689730087 4.2943900138582 5.591926427098639 -0.3999228964685093 57.04991275215391 -1.5988368071738837
Car 0 2 0 222.7479919289584 429.81735051461385 330.06247589693527 493.0756578250882 1.5901527375614 1.9815736149661 4.4711003227426 -10.198486766722741 0.7112702671600637 32.89344521696615 1.5426680465088034
Car 0 0 0 734.4903372817478 423.7665458414431 844.3816920165132 496.9420371194185 1.5597827628666 1.7987689730087 5.0627187646962 4.074767120062275 0.6514308908198241 28.3945756687784 -1.5894854743945717
Car 0 1 0 -210.91041945069264 443.3910536826269 101.07034291467164 589.5420160535928 1.5669346511397 1.8338516455518 4.4711003227426 -9.290890375222464 1.404551895604447 15.759993731114003 1.5426680465088034
Car 0 0 0 288.11553161871694 432.55335228049694 406.4281176569989 506.6432029382667 1.4854301335596 1.9815736149661 4.4711003227426 -6.620927016865419 0.8492938351821819 27.015808958874633 1.5426680465088034
Car 1 2 0 1045.4579793044873 382.7884058773316 1486.6739977918924 643.4911567916565 2.357358280475 2.1152743960676 4.6799107367351 6.695877662352094 1.5065837540432259 12.48008438970762 -1.5516065265129386
Car 1 2 0 797.090072740118 449.3259661392192 1288.0279056886704 766.6198848629151 1.6079812673634 1.7752483717839 4.8435923437835 2.8350727666158466 1.6282648992882618 8.978282363823372 -1.6178491768222845
Car 0 2 0 372.5293739221662 424.9058369054748 427.61731406986223 460.010669760704 1.4854301335596 1.9815736149661 4.4711003227426 -10.773646624345572 -0.23836445348083934 53.497345930693754 1.5426680465088034
