Car 0 0 0 642.1104225527472 401.3298948670793 687.0929541973995 447.6746127199645 2.6954889261866 2.0900948379917 5.8999469982067 2.3895164888649747 -1.0386841229113253 68.72298000408054 -1.6173490546399796
Car 0 2 0 233.3095324260628 429.921062640857 348.82188872927856 499.65653258727286 1.5845088143079 1.9815736149661 4.4711003227426 -8.87591110374862 0.7936239483636275 29.967684139994915 1.5426680465088034
Car 1 2 0 687.1202760431077 423.0087977541238 777.0647301073507 484.533583881568 1.6079812673634 1.8541482994187 5.2810528558363 3.2035597493646626 0.47271458981225656 34.32696572524514 -1.6178491768222845
Car 1 2 0 840.7051718089075 397.1702579983221 959.5585354184074 491.1392179592876 2.4353567927539 2.1152743960676 4.6799107367351 7.6451269054577935 0.612986225308624 31.431743780385503 -1.5516065265129386
Car 0 0 0 299.2416394484817 424.1234150630943 441.5584258145109 522.8226661935051 1.7357235676293 1.9970006557484 4.2258203566546 -5.129286864859216 1.0102892908569525 23.04036144880144 1.5915060789419897
Car 0 2 0 508.0674879244507 413.844794650145 553.4320487651429 453.8525117078383 2.0195379964971 1.9330452815384 4.4711003227426 -5.10580974221074 -0.5724383324635522 60.7178989098211 1.63890830947639
Car 0 2 0 424.7176998756907 425.50834210164106 503.5572060443525 483.4492988209991 1.6330371477356 1.9815736149661 4.4711003227426 -5.147410626653706 0.5107168130117499 36.141418894048954 1.5840725198540895
Cyclist 0 0 0 1234.796037944519 427.5052699670982 1314.4184340361044 495.17865059166735 1.7474829931973 0.98560669263457 1.5123925833315 17.434796563711355 0.8378559359193958 29.883699150069443 3.1193305693134894
Cyclist 0 0 0 1210.3673735328027 421.77075820800025 1295.8272201412196 494.9857966296945 1.9710571995465 0.81291747121322 1.8792278787459 17.425155090971472 0.8679990852021654 30.890052551482945 3.1193305693134894
Car 1 2 0 985.5037179716004 439.5530090544322 1250.14029089946 583.3471177459828 1.5490725661317 1.6692701033957 4.4464426585348 6.654036957106038 1.3251662772052166 15.638170857575957 -1.5484924230753805
Car 1 2 0 938.60887445983 473.6804957343836 1818.0315645384048 1013.6851010814248 1.6109412264756 1.8129765134554 4.144826828618 3.2239789427555974 1.8229569746776055 6.018852681982193 -1.5549012626397778
