Car 0 0 0 648.1430274430552 409.6493452045571 683.6415100248857 444.8121182863107 2.4451683443211 2.0900948379917 4.4364849264649 2.971668143831549 -1.3796598818829857 81.81105413399308 -1.6173490546399796
Car 0 1 0 -5.632442750232372 438.5474616522914 225.0026657092883 543.8905007860824 1.4764177287802 1.9087811148245 4.4711003227426 -8.89847314045755 1.1505900701028602 19.728608518424387 1.62184101445229
Car 0 0 0 695.4083559711898 420.61581873732433 753.9191928542157 465.7756263693873 1.7495037389959 1.807854974531 4.2678999001016 4.242028073141078 0.015667525378565472 47.92585868519483 -1.6178491768222845
Car 0 0 0 803.6153702331624 406.7753069223709 880.5219442422167 478.76759053989775 2.5312539471612 1.9987184599578 4.3153737284047 8.148968892174576 0.46416935908109935 42.14543190464688 -1.5516065265129386
Car 0 0 0 -165.66349244276466 433.7630784826044 279.1556477572836 682.7830003813502 1.744429391023 1.952036594396 4.6492824048891 -5.06229868422254 1.5535017633772137 10.886815029714962 1.5915060789419897
Car 0 1 0 497.0463772118967 416.77627363718045 555.404802643348 466.4698561171722 1.9832786003761 1.9685501948728 4.8543374932634 -4.300765772449472 0.03425609256852072 49.11441842617534 1.63890830947639
Car 0 1 0 339.99711721263617 430.8866627041296 464.9558562728668 510.2806068307536 1.4736319958281 1.7115925074729 4.0331149850045 -4.788735767055198 0.8544946634502448 24.50828176746628 1.6628611869793897
Cyclist 0 0 0 1232.8479562020048 429.492502472823 1316.6298119500325 487.9355104686767 1.5122448979592 0.72312228027552 1.8077705176088 17.432982366592853 0.6549301418673352 29.861144222386358 3.1193305693134894
Car 0 1 0 871.0306614840388 427.1382315409192 1007.2193023406642 508.2087810065506 1.5966539141951 1.8256989968834 4.2572323326397 7.174135318301684 0.8502494389738443 25.867962567281886 -1.569243212494179
Car 0 2 0 283.99202165365574 427.30842307532686 388.2954780787667 484.9097324666666 1.4764177287802 1.9087811148245 4.2794817374822 -8.52248971720407 0.5049858820443854 33.19493246672862 1.62184101445229
Car 1 1 0 765.51801751629 438.4883858846063 964.6709019039446 580.0542339902955 1.5837788942366 1.8129765134554 4.6808404605571 3.3032994002092546 1.33407441750607 16.29304256655011 -1.5549012626397778
Truck 0 2 0 433.9206042355678 400.1344055676442 483.14259369197 443.0794457499883 2.9193008060051 2.3418939796731 5.3551350695794 -11.810063442125712 -1.4760471079700939 79.23852841671689 1.6707126812554893
Car 0 2 0 58.21706506826592 430.02785196508114 213.74166811515147 502.0217075603438 1.523163388735 1.9087811148245 4.2794817374822 -12.097194942706427 0.7919634035868589 27.86034321004963 1.62184101445229
