Car 0 1 0 684.065668546751 425.2004820189807 723.4234905422597 454.87545531694144 1.4182449495476 1.7467171677429 4.050359908727 4.185810394781959 -0.5014467472487107 59.635934457650244 -1.5549012626397778
Truck 0 1 0 267.43032047153616 390.7554783503151 376.7594640591077 473.1002044741465 2.9419225019798 2.3418939796731 6.239833661579 -11.564974266844516 0.20314022909123625 43.06817972952933 1.6276684430233894
Car 0 1 0 442.8291044012595 420.9720843975941 526.6729847577132 488.9711912189572 1.7322479736911 1.78895520587 4.2270799202885 -3.9755130494316324 0.5966771324515929 32.17308132227602 1.6253662848034898
Car 0 0 0 705.0042243355277 424.7523916159682 773.365218683466 479.3297498412012 1.6519352661599 1.8229455664901 4.6416283643918 3.9033856938886573 0.4192145174910036 38.69738959948962 -1.5531514514839055
Car 0 0 0 184.56193280163217 440.7264918738097 407.5757885399057 590.4377243456971 1.5369259554578 1.6158813954847 4.2794817374822 -4.17490706948846 1.3422061017582012 14.884761587137023 1.62184101445229
Car 0 2 0 815.8665459907633 420.2624058061732 889.66010600495 476.3085559412581 1.9596535676137 1.8646709600747 4.2152156627958 8.75714333393995 0.3912625451023184 43.100453290657235 -1.5682195086873494
Car 0 0 0 790.8474071156949 414.4842158728265 870.6691051914844 497.2685039195449 1.9957823823407 1.6028944435906 4.144966249355 5.454611354788628 0.7565345281985042 29.907664317334948 -1.4766668880626046
Car 0 2 0 62.02025306368455 435.4698698602489 253.8669174987599 530.244140670558 1.4874601984532 1.803603379926 4.2794817374822 -8.829958668065832 1.0551416447654198 21.486057578097466 1.62184101445229
Car 0 1 0 513.7370630648744 425.497628661145 562.5351915370799 459.6178614083097 1.3489004295761 1.78895520587 4.2270799202885 -3.8739855827996506 -0.23836676823815706 50.1118271403299 1.62184101445229
Car 0 2 0 415.49795968811554 425.6615741475112 460.2174650474436 452.0294902031928 1.3489004295761 1.78895520587 4.2270799202885 -10.785736056837985 -0.694450986929743 64.25462414767608 1.62184101445229
Car 1 2 0 992.733703105362 435.46241984596026 1173.8806966345878 543.4158474901055 1.6068400327158 1.6756299522763 4.4221236869106 8.222521058595401 1.2014116378999182 20.418692079746418 -1.4828415388449736
Truck 1 2 0 1233.9200397078043 -622.8093110501776 7673.77879602269 1920.0453538698607 3.5205037091742 2.8937015045598 10.625817919727 7.897247826381975 1.818116093925438 7.010058303381652 -1.4712448431193286
Car 1 2 0 891.9623886781676 454.7617176971551 1376.357942654732 748.0975810002612 1.5679198893991 1.812715073283 4.2084975473741 3.6317215641067753 1.6263512719121769 8.963798443008102 -1.571763501319051
Car 0 2 0 549.7892123682582 427.7764166282952 586.2331551182582 455.2746435017633 1.525527572513 1.9674185756784 4.537640894024 -3.54474111235078 -0.5551247247753672 69.71467606369164 1.62184101445229
