Car 0 0 0 -368.7370519094783 406.6859062232068 289.8889066271298 777.81766080886 1.992698165611 1.8119967476622 5.1974958291069 -4.4219407144424085 1.5911820009505708 8.7559574774668 1.6446801318243898
Car 0 0 0 682.6709898911909 429.1071706638008 727.0054819031051 462.9234166958819 1.4182449495476 1.7467171677429 4.050359908727 3.7672653835106815 -0.08901073896617467 53.04321232243455 -1.5549012626397778
Truck 0 1 0 311.3340248764877 391.2872390508975 405.4127594925592 464.2004121007485 2.9419225019798 2.3418939796731 6.4917609392247 -11.449746940436963 -0.11496494976654667 48.363832368453345 1.6276684430233894
Car 0 1 0 480.59723456882114 421.0749430956273 546.719502376325 476.0277611775847 1.699389612767 1.78895520587 4.2270799202885 -3.808386255384885 0.32738583040233904 38.66232596896372 1.62184101445229
Car 0 0 0 717.112341920886 428.9916009721092 801.1551150918875 494.1054058179267 1.6375490624712 1.8330730418595 4.82145753348 3.8957282676705485 0.73215619910426 33.047716483808664 -1.5531514514839055
Car 0 1 0 338.12515110862216 435.50338299136166 477.79332671781566 529.0392915807322 1.4874601984532 1.803603379926 4.2794817374822 -4.103623084585639 1.0496809521619672 21.743928759125527 1.62184101445229
Car 0 2 0 842.880860900767 418.4294644585584 933.8646361273104 486.0794730528411 2.0010907000598 1.8646709600747 4.2152156627958 8.589904730933016 0.6121245365401764 36.64140489849451 -1.5682195086873494
Car 1 1 0 811.4223113988954 412.6480022005575 932.018767045072 521.4830090252439 1.9688308384215 1.7232614590348 4.7253877028414 5.0280425698515465 0.9770519375778384 23.277418722410825 -1.4766668880626046
Car 0 2 0 199.75830932312624 429.0042405488852 332.6183004017178 500.326511065318 1.4874601984532 1.803603379926 4.2794817374822 -8.734308889419848 0.7397626916710394 27.47716953247616 1.62184101445229
Car 0 2 0 527.5252640522672 424.1885699892202 569.833550050033 458.2780628236768 1.5576118702609 1.78895520587 4.2270799202885 -3.86414844732379 -0.3191499309304031 56.79674420988753 1.62184101445229
Car 1 2 0 1079.9463212786693 439.8759404276449 1374.3457208325992 594.0168623361709 1.6068400327158 1.6756299522763 4.6781413740476 7.950919995933678 1.3983020811802 15.297236722132412 -1.4828415388449736
Car 1 2 0 1056.4586657376835 490.87660733522114 3228.406025923285 1645.2178988649553 1.5679198893991 1.812715073283 4.2084975473741 3.337216153711382 1.855366973010226 3.9980722132670987 -1.571763501319051
Car 0 2 0 551.8739384357235 425.6972386104244 585.8208622696995 451.1676714466337 1.525527572513 1.9674185756784 4.537640894024 -3.749174784890773 -0.8538945353412741 74.72627376240305 1.62184101445229
