Car 0 0 0 690.5344859648044 425.9830644993035 731.8931672819006 452.31964329127857 1.3928520773537 1.807854974531 4.2678999001016 5.111505440712109 -0.7011885684382926 66.44539114636379 -1.6178491768222845
Car 0 1 0 765.5364461873331 405.8421068629693 818.4478243112521 458.3252052109825 2.5361099726616 1.9987184599578 4.3153737284047 8.512060257901965 -0.3220875806920407 57.03399054956101 -1.5516065265129386
Car 0 0 0 453.23548376892586 415.0532369460873 536.6267714765561 482.36073369078935 1.8452495699696 1.8118435887283 4.8543374932634 -3.9387706043216184 0.43608037211177364 34.468416400877686 1.6446801318243898
Car 0 0 0 -125.91435208305518 449.8797405667872 268.107348113019 676.8924369941924 1.5889025116375 1.7115925074729 4.0331149850045 -4.989512572989624 1.5730054334385326 10.787394786813259 1.6160529419871903
Car 0 1 0 795.0285732589208 424.9109366849089 877.6295323192893 478.41149833431007 1.6641054404077 1.8256989968834 4.2572323326397 7.401137452828952 0.4105325190021485 39.354445851569835 -1.6099469330961536
Car 0 2 0 31.964300905518485 439.01058371515376 242.02569572711 541.4758619897466 1.4764177287802 1.803603379926 4.2794817374822 -8.588379130397493 1.1487958376857157 20.05643496330751 1.62184101445229
Car 0 0 0 716.2135066616133 426.15782263919726 808.4198736059592 500.9600558156908 1.669717829786 1.7574772324312 4.6808404605571 3.5146293998747162 0.7948829775188951 29.243924995040874 -1.5549012626397778
Truck 0 2 0 410.53326599484126 399.96830201081696 467.847392274976 446.33688487958943 2.6824442705082 2.3418939796731 6.0544920676707 -11.342761978665127 -1.1142545255726883 68.32581630946743 1.6276684430233894
Car 0 1 0 307.4205295972143 431.742247060554 406.59012345574376 486.66979096489183 1.36599303205 1.803603379926 4.2794817374822 -7.810019111473914 0.5457528901043794 32.79756836129127 1.62184101445229
Car 0 2 0 406.6595844525443 427.4252702216935 464.8897882932462 464.7889094990292 1.4764177287802 1.803603379926 4.2794817374822 -8.46290830114022 -0.01664603097140792 50.01899036485475 1.62184101445229
Car 0 2 0 531.6897185480375 417.8712868815485 570.6286733961805 453.5840792222125 1.8283453270627 1.803603379926 4.2794817374822 -4.090117815209204 -0.5921328280384257 62.06963300542492 1.62184101445229
Car 0 2 0 180.59632990715693 431.92010278605744 292.205398602101 486.6248306225124 1.4101629107421 1.803603379926 4.2794817374822 -11.71730002676076 0.5673935274028843 33.83236818477608 1.62184101445229
Car 0 2 0 502.1971141929937 425.0756773672018 556.3877359736528 463.5517035538714 1.4101629107421 1.803603379926 4.5410056214395 -3.9773005033310165 -0.08231583143528579 46.7999484188552 1.62184101445229
Car 1 2 0 846.2181922129413 444.3419765550703 1201.6493943285782 663.8002499073862 1.5832188530668 1.8938378940758 4.6221042052088 3.7172087837034944 1.508050953011602 11.425177128676312 -1.5531514514839055
Car 1 2 0 1134.346125980021 417.0455342580088 1587.7000984111269 626.628364404028 1.9107172487835 1.8646709600747 5.058258795355 8.242402164208341 1.429297047133214 13.270847297334772 -1.5682195086873494
