Car 0 0 0 641.8884526786803 403.18992427186544 685.4144086784322 448.2099477426944 2.6954889261866 2.0900948379917 5.8999469982067 2.407952549864996 -1.0341742630446986 70.8991296542633 -1.6173490546399796
Car 0 2 0 206.60949855850345 431.9149423262125 332.8956299236019 506.7419298768928 1.5845088143079 1.9815736149661 4.4711003227426 -8.874245786634399 0.8992877814416804 28.203813991110145 1.5426680465088034
Car 1 2 0 685.4050368463237 421.58594988877553 769.7421979844826 479.2223016250616 1.6079812673634 1.8541482994187 5.2810528558363 3.2553193432868546 0.3523682486536316 36.32944206322744 -1.6178491768222845
Car 1 2 0 834.4936590370058 397.0722735235877 946.2083276718272 486.1695083901301 2.4353567927539 2.1152743960676 4.6799107367351 7.755084710710132 0.5172273361785038 33.016781358472436 -1.5516065265129386
Car 0 0 0 267.26567156293083 425.4517026127629 427.503000965005 534.5663050240797 1.7357235676293 1.9970006557484 4.2258203566546 -5.101301014613916 1.1044579446841167 21.094140567770683 1.5915060789419897
Car 0 2 0 509.5761856537622 414.34799955906055 556.1615820197542 455.6597112538643 2.0195379964971 1.9330452815384 4.4711003227426 -4.839553864104417 -0.4668223165875771 58.92281237713776 1.63890830947639
Car 0 2 0 418.1450253383719 426.8612051064894 501.42521395102864 488.0170406232783 1.6330371477356 1.9815736149661 4.4711003227426 -5.033418269366636 0.6107825507250424 34.457397163777294 1.5840725198540895
Cyclist 0 0 0 1243.1303504123778 427.7695575431822 1329.2446994409256 496.2174708081062 1.7474829931973 0.98560669263457 1.6580161660979 17.56408161443638 0.8550872934334073 29.58044204932388 3.1193305693134894
Cyclist 0 0 0 1211.2849529273776 421.8671519932415 1303.0191270858263 495.51495592765855 1.9710571995465 0.81291747121322 2.0434826453748 17.450350336589786 0.8769138581741547 30.73820470483629 3.1193305693134894
Car 1 2 0 954.636068538837 435.922325393259 1181.5645501057825 563.3085453627676 1.5490725661317 1.6692701033957 4.4464426585348 6.633403158323365 1.2292981381791965 17.24083307960801 -1.5484924230753805
Car 1 2 0 893.0347241762612 462.70846468079577 1513.1567787061044 859.265503773205 1.6109412264756 1.8129765134554 4.144826828618 3.2087715712518228 1.7445751371480787 7.328988904651558 -1.5549012626397778
