Car 0 1 0 1318.3745573505694 -1170.151995921557 5529.9858185928415 455.7324428044765 1.9410827435262 1.9070701881614 5.1974958291069 -5.023788704883627 2.1069419737466104 -3.959663001791684 1.6446801318243898
Car 0 1 0 678.0206420702789 425.3600461254316 712.8591854532546 451.9135274321184 1.4182449495476 1.7467171677429 4.050359908727 4.173947002209063 -0.7172659216222337 66.43087917056206 -1.5549012626397778
Truck 0 1 0 189.62658648577747 385.0414232570778 341.75821746158385 480.8696694433338 2.9419225019798 2.5380221464718 6.239833661579 -11.855148382584094 0.3924316885054441 37.38848742211891 1.6978213383835898
Car 0 1 0 377.71763734267984 419.1711289680447 501.9683600871359 508.7814001159197 1.7788366186763 1.9641997974654 4.8740819489041 -4.1735541454424965 0.8369524505967979 25.921210775119366 1.6253662848034898
Car 0 0 0 697.865970641926 426.8128263597479 757.2985301730072 472.3260214101705 1.6023313051669 1.9140928448146 4.2437745045868 4.048039116243822 0.2565869500651507 44.484100779472584 -1.5531514514839055
Car 0 0 0 -376.5259869105415 460.2639747035895 243.2229299824552 798.1141753356076 1.507246501255 1.6158813954847 4.2794817374822 -4.296533774247528 1.621564253395131 7.9205999314482565 1.62184101445229
Car 0 2 0 796.0923101703098 419.6163227626772 857.8425993735351 466.8523632249842 1.9182164351676 1.8646709600747 4.2152156627958 8.969959946452013 0.07081246925700835 49.71024923129789 -1.5682195086873494
Car 0 0 0 769.3779379692826 417.4537665893703 837.3262195742642 481.5440037655226 1.9429343728662 1.8432786825671 4.144966249355 5.919669372196746 0.4913352234424472 37.3262110717472 -1.4766668880626046
Car 0 2 0 -225.38887804170065 445.9843823309904 103.61843471255156 581.7869763683053 1.4212053804151 1.803603379926 4.2794817374822 -9.172924341227016 1.2996128917544452 15.415872140238637 1.62184101445229
Car 0 1 0 495.1287540803229 429.8472753436226 553.8143434882004 469.8575508663488 1.3489004295761 1.8327663537688 4.2270799202885 -3.8806905664952867 0.15794574060902822 43.497660260290495 1.62184101445229
Car 1 2 0 937.000718876416 432.9616480640926 1060.5468392396792 515.9433660040078 1.6347671985871 1.6756299522763 4.0328540367383 8.548551788600067 1.031290096806273 25.78882568927422 -1.4828415388449736
Truck 1 2 0 1073.2540476341803 180.4577284210484 2167.737981458412 753.1579290286752 3.5205037091742 2.8937015045598 10.625817919727 8.239133697837037 1.4985712177666088 12.302316510910897 -1.4712448431193286
Car 1 2 0 814.4241918021592 446.92145439757576 1062.6388496791385 601.2684239467723 1.4571428571429 1.812715073283 4.2084975473741 3.7381778873147 1.3678009017515445 14.108454381100298 -1.571763501319051
Car 0 2 0 546.2363391484206 427.3540581589668 586.2301092902014 457.4963451817296 1.525527572513 1.9674185756784 4.537640894024 -3.335094348147225 -0.39548472826972675 63.73485219308516 1.62184101445229
