Car 0 0 0 639.6792141913327 401.9126918543445 689.1567882596044 453.192802439765 2.6954889261866 2.0900948379917 5.8999469982067 2.151562431160269 -0.6621096854385737 62.46624786708357 -1.6173490546399796
Car 0 0 0 -961.5439798281014 470.6115635982311 38.17351103417241 879.4919291583332 1.5514825873918 2.0145998418822 4.4711003227426 -6.053495980823351 1.7614815840481481 7.27895795654623 1.6170225214577894
Car 0 2 0 289.37194646461546 427.5975380374484 382.2508740471447 486.2728066272167 1.5845088143079 1.9815736149661 4.4711003227426 -9.007464492314345 0.5698384244752078 35.007470057949675 1.5426680465088034
Car 1 2 0 683.6548169027841 423.8993307844179 793.4553148419005 499.6890536519296 1.6079812673634 1.8541482994187 5.2810528558363 2.778696681326303 0.7048302329640741 28.437091001892163 -1.6178491768222845
Car 1 2 0 865.2421358649651 395.9986251823861 1011.9596338508396 504.3469892738291 2.357358280475 2.1152743960676 4.6799107367351 7.372884499492869 0.7795996654712221 26.722436266172988 -1.5516065265129386
Car 0 0 0 358.62157700022374 421.7778236678647 467.7474157455967 497.25298861872704 1.6652932283518 1.9970006557484 4.2258203566546 -5.283238358670181 0.6955994025605736 28.3115780654635 1.5915060789419897
Car 0 2 0 -89.81306827562423 419.83708209338977 127.06849065985988 526.1385492122088 1.8398217685083 1.9330452815384 5.0606231801116 -12.328898755734757 1.0239474832147315 23.108506121751585 1.5426680465088034
Car 0 2 0 507.9868959740765 412.5222426226624 549.9222015637761 449.20299244793154 2.0195379964971 1.9330452815384 4.4711003227426 -5.654038316382156 -0.8772252871212767 65.87152863390669 1.63890830947639
Car 0 2 0 442.21401799348473 422.2166007641544 510.418923705438 472.5865514379966 1.6330371477356 1.9815736149661 4.4711003227426 -5.406912906931604 0.22467451199516603 40.94724078751684 1.5840725198540895
Cyclist 0 0 0 1248.1789216061454 420.05223901229056 1316.165105210355 487.87746804115375 1.7474829931973 0.64905314241631 1.3764772394161 17.36111756030854 0.6483708621531052 29.402762146008296 3.1193305693134894
Cyclist 0 0 0 1225.1561813637668 427.2210900216945 1288.1708655139753 484.0601710557538 1.5122448979592 0.56572536232468 1.3764772394161 17.265764372009713 0.5717979071367933 30.41143328249622 3.1193305693134894
Cyclist 0 0 0 1202.4914987435675 425.1834884579712 1267.456056644328 480.681204702364 1.5122448979592 0.76015684920515 1.3764772394161 17.166921135346534 0.4880184293305525 31.31718403339181 3.1193305693134894
Car 0 2 0 697.2633588918596 419.73798327341154 730.6813008243062 445.3888565576379 1.6880117853414 1.7987689730087 4.2943900138582 6.360483423760749 -1.3048302922132662 79.9148343763324 -1.5988368071738837
Car 0 0 0 718.3116065604772 420.7959935603298 774.5579611899626 458.7604986651776 1.5597827628666 1.7987689730087 5.2314760568527 5.6294662839438 -0.31216895291986224 52.14403121000293 -1.5894854743945717
Car 1 2 0 1075.8524159193137 445.4295475366048 1548.4683293725377 674.8836762379831 1.6285321432703 1.6692701033957 5.0854129368724 6.594964301172671 1.5736682367434758 11.58561302784032 -1.5484924230753805
