Car 0 0 0 649.8708249163108 409.4297228718869 684.9212173399488 445.79461057176206 2.5727742774951 2.0900948379917 4.4364849264649 3.13045011457513 -1.3275421319621967 83.05571437148635 -1.6173490546399796
Car 0 0 0 692.8878136436131 420.008939483781 749.6295682229534 464.6194213699946 1.7796346552381 1.807854974531 4.2678999001016 4.205441180324511 -0.02907198954200363 49.18088673877592 -1.6178491768222845
Car 0 0 0 799.701346313173 406.55453399815775 874.5138531419764 487.5936093881253 2.9245044379997 1.9987184599578 4.3153737284047 8.137473585282972 0.803093952034537 43.065535478696766 -1.5516065265129386
Car 0 0 0 -274.6538562420219 436.8341594246333 247.4371044376423 703.9288836975271 1.6368681909237 1.952036594396 4.6492824048891 -5.1088457512304215 1.5043911036522968 9.913564184183393 1.5915060789419897
Car 0 1 0 494.0361763834865 415.804785529756 553.6147296193132 463.2135014527692 1.8553575163006 1.9685501948728 4.8543374932634 -4.329547423238306 -0.10364662266544233 48.27294505220162 1.63890830947639
Car 0 1 0 328.33467940601395 432.1182234192081 459.4635953514872 514.988480448525 1.4736319958281 1.7115925074729 4.0331149850045 -4.786986378756624 0.9077359752818646 23.619402424924193 1.6628611869793897
Cyclist 0 0 0 1237.8920035806773 421.0407012348307 1315.2364468600645 491.8952208232269 1.8433711808875 0.72312228027552 1.6108846196514 17.42679130321778 0.7588141077952356 29.774064991653226 3.1193305693134894
Car 0 1 0 861.5529586265765 426.2426744017853 991.4791364442402 506.38779459074215 1.6404541496708 1.8256989968834 4.2572323326397 7.1129182820200985 0.8446292933026761 26.701590995881528 -1.569243212494179
Car 0 2 0 277.80879000218994 428.2462421345268 382.60972909941216 487.9107107987944 1.4764177287802 1.803603379926 4.2794817374822 -8.427720974896072 0.5655091250465728 32.17325308382378 1.62184101445229
Car 1 1 0 759.07153194886 429.8343039223756 945.7408011024494 576.9039896315262 1.7918162480391 1.8129765134554 4.6808404605571 3.289028488595052 1.374929841676163 17.07050537882638 -1.5549012626397778
Truck 0 2 0 431.7487739469116 399.27362590177177 481.4603198106988 440.2200586604656 2.762086720663 2.3418939796731 5.3551350695794 -11.851988805680735 -1.6609619587972024 78.60469696675086 1.6707126812554893
Car 0 2 0 1.4092957540934776 430.183632625064 180.33601013841545 510.10819597071367 1.523163388735 1.9087811148245 4.2794817374822 -11.979109804097517 0.869279545607011 25.314290021139254 1.62184101445229
