Car 0 0 0 -2388.1545160432584 411.8639375998789 90.04116312213591 1489.1979739163394 1.9410827435262 1.8119967476622 5.1974958291069 -4.5079343096718585 1.7746867198315392 4.709809172743252 1.6446801318243898
Car 0 0 0 680.4621609089519 429.0340628025714 721.1274395923678 460.1640450263493 1.4182449495476 1.7467171677429 4.050359908727 3.8765214568615494 -0.22331719895406701 57.435208951951964 -1.5549012626397778
Truck 0 1 0 282.8753020075509 390.94256578076687 386.31949937173215 469.97035356335874 2.9419225019798 2.3418939796731 6.239833661579 -11.528473478291291 0.10237342113686068 44.745694111331055 1.6276684430233894
Car 0 1 0 460.0193768255425 421.0985023505284 536.8330866805019 483.40870711868456 1.699389612767 1.78895520587 4.2270799202885 -3.834598257238991 0.48765534457352155 34.342046587308076 1.6253662848034898
Car 0 0 0 710.12019591354 430.8657582961093 783.1323371040318 483.54367608614905 1.4696407095108 1.8229455664901 4.6416283643918 3.938317458381781 0.5185387305888776 36.69661403432616 -1.5531514514839055
Car 0 1 0 256.3579397703293 435.19301609682014 436.17923700363855 560.0738115808591 1.5369259554578 1.6158813954847 4.2794817374822 -4.137441063704701 1.200930224743703 17.238308939424904 1.62184101445229
Car 0 2 0 826.856809273708 418.32559320193866 906.1630763652762 479.91625524655103 2.0469787757542 1.8646709600747 4.2152156627958 8.796834010693049 0.4883234059375614 40.85710574547332 -1.5682195086873494
Car 0 0 0 792.4305555262987 415.4949888087987 888.5463844419603 502.63797778315086 1.9163265306122 1.7977852685586 4.144966249355 5.244019904564449 0.8052901784152818 27.554559865147414 -1.4766668880626046
Car 0 2 0 118.9873460226404 434.5914335869174 285.5950975506785 519.9422025628311 1.4874601984532 1.803603379926 4.2794817374822 -8.796256041345945 0.9846751715558322 23.581401505410046 1.62184101445229
Car 0 2 0 519.7733032463054 424.1999704335684 565.9965152433755 456.6220070638242 1.3489004295761 1.78895520587 4.2270799202885 -3.836567152896316 -0.379463247313616 52.462385861059765 1.62184101445229
Car 0 2 0 421.7433305018968 424.8596583151015 464.8850715657123 450.4306715351586 1.3489004295761 1.78895520587 4.2270799202885 -10.767903765873262 -0.8029180461230578 66.06292469424108 1.62184101445229
Car 1 2 0 1015.1209348908338 436.931100341595 1224.5782632236082 556.7705792719104 1.6068400327158 1.6756299522763 4.5850440332705 8.136954165761402 1.2707541429492435 18.804638284260992 -1.4828415388449736
Car 1 2 0 927.6923872373318 466.48770546841433 1616.9786348377263 874.7118061576053 1.5679198893991 1.812715073283 4.2084975473741 3.4954608905620077 1.735365778144897 7.160689696439509 -1.571763501319051
Car 0 2 0 552.1275132854053 427.0133449728063 587.5674003647141 453.7731422490456 1.525527572513 1.9674185756784 4.537640894024 -3.5171044722426608 -0.6593362756822325 71.45076027635236 1.62184101445229
