Car 0 1 0 673.3488423609416 426.3732272859212 705.5928253352217 451.08507463758207 1.4104955696955 1.7467171677429 4.050359908727 4.086433425535906 -0.8109715166267587 71.04512846537062 -1.5549012626397778
Truck 0 1 0 131.96793809401595 382.0683420964239 301.7185310297048 488.24151336150527 2.9419225019798 2.3418939796731 6.239833661579 -12.243663750474855 0.5410646446090596 34.051054985050435 1.6978213383835898
Car 0 0 0 320.386384541225 416.73477599395767 471.1503372799255 532.7156712049076 1.8691165851877 1.7597626756884 4.8740819489041 -4.221121784000268 1.0521042942931254 21.33034748872497 1.6253662848034898
Car 0 0 0 692.3254991139191 427.998366890611 743.7850075324421 468.5644782993918 1.5618214036894 1.8229455664901 4.2437745045868 4.021756434858192 0.13780645181494494 48.6417656836625 -1.5531514514839055
Car 0 2 0 802.9070745345535 423.3723116434268 859.6233876827631 460.9367087671779 1.6488750742679 1.8646709600747 4.2152156627958 10.040174297943645 -0.18748253975953594 54.41171527930477 -1.5682195086873494
Car 0 0 0 767.1815270259708 418.19307118239664 821.928282884199 473.2973868513354 1.90224464778 1.6813674848283 4.144966249355 6.396500076361712 0.27959602373491965 42.30238143565769 -1.4766668880626046
Car 0 1 0 477.0416006360466 429.1095858721342 544.7947243688939 476.2205167730469 1.4162265405309 1.8327663537688 4.537640894024 -3.9503649122207545 0.3286175725735909 39.1562780632247 1.62184101445229
Car 1 1 0 895.6654724839042 429.1188525416204 1008.325576801084 499.0062003695391 1.6049402255138 1.6756299522763 4.0328540367383 8.622565454210253 0.7913741716296077 29.67637220324843 -1.572582485643587
Car 1 2 0 785.5379682053873 437.2754600029551 967.7468165900387 565.9289695910123 1.6441871925817 1.812715073283 4.231878089304 3.8554321320587985 1.3319740293909417 17.819961239647174 -1.571763501319051
Car 0 2 0 540.623578656009 422.26281622305953 583.742000831625 455.0545762276643 1.5692479853059 1.9674185756784 4.537640894024 -3.327224628566802 -0.5043410769392223 59.56376889022022 1.62184101445229
Truck 1 2 0 993.8745927942716 258.38473811040376 1650.1760101370428 626.7818184795655 3.5205037091742 2.7567930269808 10.625817919727 8.427232512290585 1.2716309405253852 16.067489585154124 -1.5260325052874535
