Car 0 0 0 692.8366263060661 427.6098044504007 736.9243558792004 455.7070416382767 1.3928520773537 1.807854974531 4.2678999001016 5.0232985720858565 -0.4835279298599976 62.66891665041312 -1.6178491768222845
Car 0 1 0 771.0424480155843 408.9221518058463 827.8418602545202 464.6336219298847 2.5174837301101 1.9987184599578 4.3153737284047 8.369475984421506 -0.018024225992079215 53.71451834821106 -1.5516065265129386
Car 0 1 0 468.0858224672303 413.5811495359088 543.4169862143642 478.175940833316 1.9477634349679 1.8118435887283 4.8543374932634 -3.934693780647553 0.35873909201271265 37.473055600598585 1.6446801318243898
Car 0 0 0 60.43138572194539 444.1251768658031 336.5370665379538 610.9459482773533 1.5365068226332 1.7115925074729 4.0331149850045 -4.8994561201617115 1.411439070845316 13.473253831788702 1.6160529419871903
Cyclist 0 0 0 1253.8713881880915 428.7437837738063 1335.4715605772544 488.6231032675782 1.5122448979592 0.83165414199981 1.6108846196514 17.58013936541416 0.6545199755750806 29.220561091505196 3.1193305693134894
Car 0 1 0 803.4102617862969 428.70586438559394 893.2648740879962 484.5608439610548 1.5966539141951 1.8256989968834 4.2572323326397 7.293637349615562 0.5633728170326103 36.73722102159479 -1.6099469330961536
Car 0 2 0 106.61777539040816 437.88868540396913 281.35426335189374 522.9099370476416 1.399120441069 1.803603379926 4.2794817374822 -8.61299494913049 0.9922381794969997 22.672567066332938 1.62184101445229
Car 0 0 0 723.1082040282263 429.0620641761126 827.0416544916185 511.6423750745823 1.6437131605607 1.7574772324312 4.6808404605571 3.470052994135779 0.9321460437935851 26.523375185959257 -1.5549012626397778
Truck 0 2 0 415.38561351150497 399.8380977831123 470.42027474535433 450.15617275337615 3.0301685277963 2.3418939796731 6.0544920676707 -11.531793491971932 -0.9168075774087678 70.86757416598233 1.6276684430233894
Car 0 2 0 332.5284291270666 430.813592945154 421.6342536496591 484.7626296362552 1.4764177287802 1.803603379926 4.2794817374822 -7.842376504023319 0.5494056256988291 35.554697496371475 1.62184101445229
Car 0 2 0 417.989691013765 427.2261505421043 472.3169028087953 462.4801713194516 1.4764177287802 1.803603379926 4.2794817374822 -8.505555160411797 -0.11519755671042295 52.8617744517332 1.62184101445229
Car 0 2 0 536.2595189206753 416.92586833512 573.2725985398627 452.38418534730647 1.9085054772817 1.803603379926 4.2794817374822 -4.069691656069298 -0.6816249524769386 64.9013158221873 1.62184101445229
Car 0 2 0 220.0389559759425 431.26439611094895 318.4554243100705 478.6082097173668 1.3328656230309 1.803603379926 4.2794817374822 -11.71275736194069 0.384011912946725 36.8926994023321 1.62184101445229
Car 0 2 0 506.8841685821933 423.4314416879725 557.6361946518285 461.7242373609135 1.5103630985158 1.803603379926 4.5410056214395 -4.100393757976646 -0.156555401420648 49.72951453308232 1.62184101445229
Car 1 2 0 889.6124695788151 447.29185361073536 1447.163313415538 763.1703727038583 1.5832188530668 1.8938378940758 5.1356713391209 3.7481955251373327 1.5881289801295053 9.029214653872826 -1.5531514514839055
Car 1 2 0 1222.66516982068 421.4982309369819 1881.6426780596664 702.4563460784389 1.9107172487835 1.8646709600747 5.058258795355 8.073821358655195 1.588901918183911 10.627229298810663 -1.5682195086873494
