Car 0 0 0 639.7054271389552 401.7168976991705 687.550126791038 451.2788174189097 2.6954889261866 2.0900948379917 5.8999469982067 2.179723810938035 -0.7843920584579307 64.50389442864052 -1.6173490546399796
Car 0 2 0 272.30258753134126 429.1334272544705 371.8905865157896 491.2697718106407 1.5845088143079 1.9815736149661 4.4711003227426 -8.964995182568767 0.672075923992789 33.29585279465514 1.5426680465088034
Car 1 2 0 685.4281961222546 422.16007133640727 787.7194451997409 492.1977342720649 1.6079812673634 1.8541482994187 5.2810528558363 2.9355230790354807 0.5849678007939145 30.418777551790612 -1.6178491768222845
Car 1 2 0 858.8737370520589 395.9419551036477 996.2422632649918 498.27635034354 2.357358280475 2.1152743960676 4.6799107367351 7.507188956922704 0.6929721256267207 28.15211373025103 -1.5516065265129386
Car 0 0 0 344.3412427743251 423.29591410098334 462.02627295498206 504.2219933615066 1.6652932283518 1.9970006557484 4.2258203566546 -5.192264203954431 0.7959628555641964 26.625372195138098 1.5915060789419897
Car 0 2 0 -184.77577293256752 422.3899704731638 76.45015793156199 543.7729778691042 1.8398217685083 1.9330452815384 5.0606231801116 -12.292107588111193 1.1701147137348589 20.664330778450474 1.5426680465088034
Car 0 2 0 508.8873840157608 412.94092892304366 551.8642930546005 450.6837986071012 2.0195379964971 1.9330452815384 4.4711003227426 -5.419785329449553 -0.7744138282280626 64.12712608990267 1.63890830947639
Car 0 2 0 436.2969074854636 423.1915017368085 507.67071007557126 475.759812905666 1.6330371477356 1.9815736149661 4.4711003227426 -5.351210079283886 0.31632242234135916 39.410776517263365 1.5840725198540895
Cyclist 0 0 0 1225.1561813637668 427.2210900216945 1288.1708655139753 484.0601710557538 1.5122448979592 0.56572536232468 1.3764772394161 17.265764372009713 0.5717979071367933 30.41143328249622 3.1193305693134894
Cyclist 0 0 0 1202.4914987435675 425.1834884579712 1267.456056644328 480.681204702364 1.5122448979592 0.76015684920515 1.3764772394161 17.166921135346534 0.4880184293305525 31.31718403339181 3.1193305693134894
Car 0 0 0 717.6604543256187 419.70245672415615 771.2199794143837 455.7867791406667 1.5597827628666 1.7987689730087 5.2314760568527 5.798996509031437 -0.45841436129781626 54.564547290790884 -1.5894854743945717
Car 1 2 0 1030.571200488847 440.5581372737033 1412.2808970264005 634.6185677285655 1.6285321432703 1.6692701033957 5.0854129368724 6.575359017898439 1.4825787557242385 13.108388702190437 -1.5484924230753805
Car 1 2 0 1068.7841880920307 493.6738130134935 5662.037006889908 2806.61261144682 1.6109412264756 1.8129765134554 4.6744435900525 3.204841939181949 1.9138179683433325 3.325622015205061 -1.5549012626397778
