Car 0 1 0 -412.06528151387135 453.7838150084803 44.50277149604881 632.7675783450117 1.4764177287802 1.9087811148245 4.4711003227426 -8.89078180989347 1.5015357732636945 12.892848763093655 1.62184101445229
Car 0 0 0 694.0790712403381 421.830068647308 744.4853400740634 458.56629401003454 1.6382038238973 1.807854974531 4.2678999001016 4.632432834154383 -0.30418262962778064 55.18814330965778 -1.6178491768222845
Car 0 1 0 785.6324813378031 407.593173784331 851.3207156842617 475.22092450947207 2.7125042297974 1.9987184599578 4.3153737284047 8.242315570280113 0.4029068767604561 47.75515944918249 -1.5516065265129386
Car 0 1 0 489.1568693487798 415.83430907425134 555.5730947059054 468.8583111539003 1.8553575163006 1.9685501948728 4.8543374932634 -3.935688947531567 0.09994305228033382 43.416360555722356 1.63890830947639
Car 0 0 0 251.12329339778967 436.5694941265921 424.7656945011735 546.0939397262374 1.5365068226332 1.7115925074729 4.0331149850045 -4.7796438845505 1.1754270044872184 19.150397883539814 1.6628611869793897
Cyclist 0 0 0 1242.0169410136575 429.2481406153864 1319.888384631886 493.7214523924829 1.6554346419282 0.72312228027552 1.6108846196514 17.40506188427625 0.8002672506544231 29.533731669164585 3.1193305693134894
Car 0 1 0 826.9114992471492 429.6596266887919 942.5552644840355 494.2067419370666 1.5357972809657 1.8256989968834 4.2572323326397 7.164782105050699 0.6996386195808664 31.13472968229978 -1.6469813529823565
Car 0 2 0 214.4187563930876 432.9351890514597 343.22995376523846 503.2132382560271 1.4764177287802 1.803603379926 4.2794817374822 -8.561820788308003 0.821790974133621 27.911796812940192 1.62184101445229
Car 0 0 0 740.7138223736378 435.0759976074772 878.0498074526281 536.6389696896401 1.5495543376051 1.7574772324312 4.6808404605571 3.3770501331669784 1.1221202099364476 21.249435530094672 -1.5549012626397778
Car 0 2 0 -179.7844176882396 436.5083491360217 74.45618348122684 540.0676765454447 1.523163388735 1.9087811148245 4.2794817374822 -12.095249494427502 1.1410764390671153 20.274202118710146 1.62184101445229
Truck 0 2 0 426.3436713347694 399.6179502063704 479.064160559926 446.8833112754661 3.040103506576 2.3418939796731 5.4534946933064 -11.572774983627575 -1.1588390836456688 75.07848723253002 1.6707126812554893
Car 0 2 0 373.03877558742136 427.92493454146125 446.6458253739923 473.885784083937 1.4764177287802 1.803603379926 4.2794817374822 -7.886152497179257 0.28093448189161785 41.10457124242124 1.62184101445229
Car 0 2 0 548.8181488020823 417.6733857968298 581.6737010480875 442.8660380379459 1.4764177287802 1.803603379926 4.2794817374822 -3.8232785259032815 -1.3348388501606623 71.55151749925798 1.62184101445229
Car 1 2 0 1094.0051520615718 487.17598704452325 4456.084895192312 2045.4440864698583 1.5832188530668 1.8938378940758 5.1356713391209 3.7624818923114884 1.8883660783903222 4.0161331364948 -1.5531514514839055
