Car 0 1 0 755.9986936109327 409.7506031699427 803.4876261870371 454.2218294750247 2.3404054352721 1.9987184599578 4.3153737284047 8.635787335608555 -0.5627552424646369 62.39523549162727 -1.5516065265129386
Car 0 0 0 418.07621803259394 413.0278386106861 524.8237090236405 493.8942796639224 1.8408233801198 1.8118435887283 5.6567892013335 -3.9320034393590104 0.591037191512457 29.48777292641007 1.6446801318243898
Car 0 0 0 -1153.5871812054395 453.0651437341311 26.162862933272777 1001.750523623974 1.6832147518452 1.7115925074729 4.0331149850045 -5.113654238464083 1.7436581190183247 5.851251111904466 1.6160529419871903
Car 0 1 0 781.7672498067109 426.902921726308 853.5093591851888 473.1837576142692 1.616939458605 1.8256989968834 4.2572323326397 7.590555469094429 0.284074646920867 44.20488599242014 -1.6099469330961536
Car 0 2 0 -170.1804816502313 440.0986564512097 150.05741552221355 578.6417779012601 1.508420441814 1.9539036615865 4.2794817374822 -8.627802771015714 1.2895001883237305 15.681528297214243 1.62184101445229
Car 0 0 0 707.9132917684911 429.1494269629248 785.1313874677661 491.0860895914949 1.6081369120194 1.7574772324312 4.6808404605571 3.6297158454169343 0.6786728245828342 33.948406280964676 -1.5549012626397778
Truck 0 2 0 397.3256721245233 400.21914115929366 459.1137518141872 449.5147243533653 2.6824442705082 2.3418939796731 6.0544920676707 -11.327961012757061 -0.8837365760830836 64.47637701851093 1.6276684430233894
Car 0 1 0 253.50878756617345 434.40109958568434 375.5084960018184 502.74453530801264 1.4432903197611 1.803603379926 4.2794817374822 -7.752023293096379 0.8212023344352049 28.19293677306094 1.62184101445229
Car 0 2 0 526.8007935220971 416.9257779112891 569.1746083200092 456.2043307371621 1.8584053833948 1.803603379926 4.2794817374822 -3.9374829755020766 -0.4258667734325734 57.37818680943729 1.62184101445229
Car 0 2 0 102.24831397083324 430.18493139502783 240.898689151436 499.5599643758489 1.5528123019915 1.803603379926 4.2794817374822 -11.811799097472338 0.78398358635883 29.30538515655627 1.62184101445229
Car 1 2 0 793.0087825013409 436.6720274643114 1003.8952862294232 583.3368525224366 1.6230543290022 1.8634554679677 4.1598937846879 3.6436125591764084 1.3483922884264827 15.644782993059604 -1.5531514514839055
Car 0 2 0 486.52780970529216 427.7927122330362 548.2365766387845 471.2294135881825 1.4101629107421 1.803603379926 4.5410056214395 -4.003911208307747 0.18604986418671637 41.98868782409872 1.62184101445229
Car 1 2 0 1120.9189262804662 399.8144375423085 3240.437722595654 1430.3586999880288 2.0014965986394 1.7788585867748 4.791631455685 4.01610696399851 1.7628196060378918 4.5889507247893615 -1.5407806431758546
Car 1 2 0 1030.8548261402116 416.9995226224003 1316.970894131538 565.689389702896 1.9107172487835 1.8646709600747 5.058258795355 8.37606627908709 1.2505332020244522 17.658496941524596 -1.5682195086873494
Car 0 2 0 376.53607098744 430.2803714645925 443.0533584622524 471.8249478439406 1.4764177287802 1.803603379926 4.2794817374822 -8.744377694609677 0.2470473788185557 45.48410497216819 1.62184101445229
