Car 0 0 0 680.3221493574968 421.7140731442691 720.2723746390598 459.2921167166437 1.8007789409274 1.7467171677429 4.050359908727 3.921491913733523 -0.2693837570492414 58.45895151819074 -1.5549012626397778
Truck 0 1 0 273.90340321871685 390.7976490148769 384.99353921739663 471.7886011275329 2.9419225019798 2.5216781325719 6.239833661579 -11.46017360732004 0.1613850501623612 43.75244819738406 1.6276684430233894
Car 0 1 0 449.7884593454546 420.20303749402507 530.2741897508051 485.7889853498723 1.7322479736911 1.78895520587 4.2270799202885 -3.9549142737587655 0.5330831259764883 33.2320567362076 1.6253662848034898
Car 0 0 0 707.340711528782 429.3684648270668 777.7982841346342 481.5392945769922 1.5101506109884 1.8229455664901 4.6416283643918 3.919805635037308 0.4751715436614843 37.76140632033266 -1.5531514514839055
Car 0 1 0 221.1212035972528 437.9642642521814 421.8494766743093 574.9846713824584 1.5369259554578 1.6158813954847 4.2794817374822 -4.157422933456082 1.2762773591514158 15.983083684871694 1.62184101445229
Car 0 2 0 820.6504907938137 417.2374290886897 897.049256302421 465.9300328621227 1.6488750742679 1.8646709600747 4.2152156627958 8.747304337881944 0.004287119121370336 41.9388882207432 -1.5682195086873494
Car 0 0 0 790.1098021336668 415.2209946738472 878.5573481585282 500.5604344452146 1.9676494631866 1.7272860763208 4.144966249355 5.32351946671392 0.7988703570406874 28.746455366471878 -1.4766668880626046
Car 0 2 0 94.14428438846356 436.1291439738444 271.6191457083653 525.8213570725277 1.4874601984532 1.803603379926 4.2794817374822 -8.811658732612564 1.0427552543284924 22.613832038357806 1.62184101445229
Car 0 2 0 516.8775498455472 430.71258418775216 564.346584401208 464.450547327911 1.3489004295761 1.78895520587 4.2270799202885 -3.8534428513212564 -0.0268461757266632 51.291044005642554 1.62184101445229
Car 0 2 0 421.2409366554566 425.271863559421 464.5812099289055 451.2744114864397 1.3489004295761 1.78895520587 4.2270799202885 -10.630010612693482 -0.7449616245717627 65.0788710445331 1.6146270292299896
Car 1 2 0 1001.5082340055196 436.6185065100596 1195.549746246411 549.9211407571412 1.6068400327158 1.6756299522763 4.5617696980762 8.185672937038817 1.2433766548324539 19.722699123838286 -1.4828415388449736
Car 1 2 0 903.855781983256 459.9103477081151 1467.530319865048 799.5142811443211 1.5679198893991 1.812715073283 4.2084975473741 3.5321332767674107 1.6790549902411849 8.096153742623244 -1.571763501319051
Car 0 2 0 551.0578635913928 427.36270803873697 586.9565225222233 454.46001276422817 1.525527572513 1.9674185756784 4.537640894024 -3.529921464756622 -0.6110062810587709 70.6456197719302 1.62184101445229
