Car 0 0 0 695.8174932279856 421.8844156525293 741.0162880567293 456.15580870596114 1.7142485172703 1.807854974531 4.2678999001016 5.121706522716316 -0.4527018255582589 61.47069506705277 -1.6178491768222845
Car 0 1 0 774.348088973047 406.695910554855 832.7038317561285 471.9706349332892 2.90521227312 1.9987184599578 4.3153737284047 8.389109614065372 0.31285646917670173 52.62282646239828 -1.5516065265129386
Car 0 1 0 474.98699186846346 415.349792703708 542.8523241365148 475.3307129789515 1.8452495699696 1.6310844471803 4.8543374932634 -3.9330573189300146 0.280200139354049 38.39195805033257 1.6446801318243898
Car 0 0 0 106.36280052688232 441.1951096616696 354.49628565953725 593.8902744785178 1.5365068226332 1.7115925074729 4.0331149850045 -4.889479428240048 1.3523013731023819 14.459132813359862 1.6160529419871903
Cyclist 0 0 0 1251.1150450869302 428.0110793718309 1331.9134829575064 489.638407589998 1.5626530612245 0.8071358857177 1.6108846196514 17.531608310344794 0.6832811329711266 29.2782304310506 3.1193305693134894
Car 0 1 0 805.6238807049953 429.8989325259753 902.9156966110912 485.6592846599712 1.5357972809657 1.8256989968834 4.2572323326397 7.2729147248866255 0.5742052315575733 35.71089989323915 -1.6469813529823565
Car 0 2 0 126.27542972690604 433.2163862782162 292.4426026765484 518.2223309192578 1.4764177287802 1.803603379926 4.2794817374822 -8.600506280535889 0.945146220492127 23.45708285042956 1.62184101445229
Car 0 0 0 725.7475081929309 430.167855927942 834.3136531714377 510.0388245794056 1.5136898144341 1.7574772324312 4.6808404605571 3.4545000512903736 0.8573355123489879 25.599733963177012 -1.5549012626397778
Truck 0 2 0 417.3991537151561 399.7998915050645 471.8046989491241 451.6991984150175 3.1583297540539 2.3418939796731 6.0544920676707 -11.532796343861625 -0.8287801671643729 71.54147367030954 1.6276684430233894
Car 0 2 0 344.003725872315 429.0467316230064 429.7163735533968 481.349909730242 1.4764177287802 1.803603379926 4.2794817374822 -7.728666713136273 0.4624729786040488 36.46646733639102 1.62184101445229
Car 0 2 0 415.61417031013457 426.0753689195472 470.6563119819974 461.6043899000272 1.4764177287802 1.803603379926 4.2794817374822 -8.51439703711156 -0.15499808915493993 52.33449853398733 1.62184101445229
Car 0 2 0 535.1387608951178 417.45207914530766 571.6964342178644 451.19707117791455 1.8383653458401 1.803603379926 4.2794817374822 -4.210245015354068 -0.7579807040321751 65.84401953825285 1.62184101445229
Car 0 2 0 236.2826241730589 430.0323669155079 329.5851500813411 475.41960440009217 1.3328656230309 1.803603379926 4.2794817374822 -11.690694047423477 0.3008161187048262 38.27867728756875 1.62184101445229
Car 0 2 0 509.6450008154873 422.9112477214861 559.1961925768537 458.31783399564426 1.4201829295195 1.803603379926 4.5410056214395 -4.085413999128526 -0.3055176632907338 50.70611414582356 1.62184101445229
Car 1 2 0 914.6948328307342 451.8776040189672 1592.3007004123656 825.8372853898787 1.5832188530668 1.8938378940758 5.1356713391209 3.7646809739043308 1.6443092477526076 8.089497254425343 -1.5531514514839055
