Car 0 0 0 637.9638318496019 401.82029199401705 686.407536010928 452.1796152322952 2.6954889261866 2.0900948379917 5.8999469982067 2.063283043665095 -0.7259437835434943 63.54240459691972 -1.6173490546399796
Car 0 2 0 283.193314322581 428.2396542561105 378.7484218214725 488.3672228695468 1.5845088143079 1.9815736149661 4.4711003227426 -8.960339356545026 0.6139738786464654 34.26508917844632 1.5426680465088034
Car 1 2 0 683.747837876361 423.0232651018933 789.5695332246137 495.87455759408346 1.6079812673634 1.8541482994187 5.2810528558363 2.8326500340204803 0.6460764977278053 29.411240123724017 -1.6178491768222845
Car 1 2 0 860.0161440057394 395.9755580501154 1000.8784227017264 500.7461896139994 2.357358280475 2.1152743960676 4.6799107367351 7.4119800897203545 0.7295175010241621 27.553643177746306 -1.5516065265129386
Car 0 0 0 351.958554221013 422.4938549690138 465.08241075235225 500.5246393314306 1.6652932283518 1.9970006557484 4.2258203566546 -5.238090394645453 0.744379716345186 27.491907587283833 1.5915060789419897
Car 0 2 0 -156.11565967117167 421.6335254936206 91.42938154788747 538.4496153442417 1.8398217685083 1.9330452815384 5.0606231801116 -12.302626439937809 1.1297967890881262 21.338562828198604 1.5426680465088034
Car 0 2 0 510.9447879706232 412.7190567027429 553.2442318892593 449.9402060785762 2.0195379964971 1.9330452815384 4.4711003227426 -5.391957790649336 -0.825094463888536 64.96968566899147 1.63890830947639
Car 0 2 0 439.63976112869045 422.692961843069 509.35835962460624 474.1382199749896 1.6330371477356 1.9815736149661 4.4711003227426 -5.368055674746128 0.2704045672846375 40.17924430037819 1.5840725198540895
Cyclist 0 0 0 1225.1561813637668 427.2210900216945 1288.1708655139753 484.0601710557538 1.5122448979592 0.56572536232468 1.3764772394161 17.265764372009713 0.5717979071367933 30.41143328249622 3.1193305693134894
Cyclist 0 0 0 1202.4914987435675 425.1834884579712 1267.456056644328 480.681204702364 1.5122448979592 0.76015684920515 1.3764772394161 17.166921135346534 0.4880184293305525 31.31718403339181 3.1193305693134894
Car 0 2 0 695.0251822962055 419.36649488566974 727.7761604804897 444.5728890699735 1.6880117853414 1.7987689730087 4.2943900138582 6.277616930262251 -1.382548571823181 81.22208145556891 -1.5988368071738837
Car 0 0 0 715.0532369748548 420.2687573607607 769.6522165725463 457.2891497061865 1.5597827628666 1.7987689730087 5.2314760568527 5.565337216442652 -0.3828659126383103 53.33181604348486 -1.5894854743945717
Car 1 2 0 1049.558059439419 442.6001364877389 1467.5870918030012 650.9823504219547 1.6285321432703 1.6692701033957 5.0854129368724 6.584072477131425 1.5230629695105529 12.431599513590609 -1.5484924230753805
Car 1 2 0 1130.1508189697513 507.76659433423725 22143.5432367736 8927.77867489582 1.6109412264756 1.8129765134554 4.6744435900525 3.198205437072068 1.9558139919285726 2.6254560189940723 -1.5549012626397778
