Car 0 1 0 757.7611285297494 409.7290900943528 807.2689848867408 455.53738300607273 2.3181158596981 1.9987184599578 4.3153737284047 8.463329493034713 -0.4778564683418304 60.0945578465674 -1.5516065265129386
Car 0 0 0 432.5353880579616 413.56041630460027 527.1844985530513 492.3019185247848 1.9481716117899 1.8118435887283 4.8543374932634 -3.961346139995027 0.6336311327198249 31.173765370620625 1.6446801318243898
Car 0 0 0 -525.1903194941302 459.40952739328975 155.6594032576653 797.9761209245487 1.5260276848324 1.7115925074729 4.0331149850045 -5.0206019766870105 1.6263756736918238 7.797590724065894 1.6160529419871903
Car 0 1 0 784.8124285362427 425.7658496748613 860.3099764162904 475.54407765607743 1.6676533196295 1.8256989968834 4.2572323326397 7.441632229830684 0.35011939321395563 42.28635533279469 -1.6099469330961536
Car 0 2 0 -73.53260395951713 440.4073098189629 187.80405748594544 566.121891792242 1.5537150164913 1.803603379926 4.2794817374822 -8.65167330810896 1.3043378152331169 17.467892705580745 1.62184101445229
Car 0 0 0 709.9930772665117 429.3990446680842 792.6279131726667 494.7202606215977 1.5886093872146 1.7574772324312 4.6808404605571 3.548394179460655 0.7247093056137518 31.99699088032687 -1.5549012626397778
Truck 0 2 0 401.8216088660653 400.12124286535845 461.816365844029 448.191058883604 2.6824442705082 2.3418939796731 6.0544920676707 -11.39266719721837 -0.9764824452102124 66.03225704217937 1.6276684430233894
Car 0 1 0 275.0370918777984 434.7856761287531 386.8405217530761 495.45270547357984 1.36599303205 1.803603379926 4.2794817374822 -7.852896873648565 0.7074352826876508 30.104064169228256 1.62184101445229
Car 0 2 0 395.5358224023397 429.1532580203519 457.91476513177815 468.9037995267966 1.4764177287802 1.803603379926 4.2794817374822 -8.384338917347646 0.14428018383159846 47.323413104369024 1.62184101445229
Car 0 2 0 528.8215676549089 417.4600101066576 569.7063290003554 454.6675007388486 1.8183253082854 1.803603379926 4.2794817374822 -4.005855266485931 -0.5152764209794178 59.316510292628415 1.62184101445229
Car 0 2 0 137.45461903926645 433.06309476309394 263.8263679459182 493.0706681272663 1.4101629107421 1.803603379926 4.2794817374822 -11.749952802681008 0.6754643114006516 31.10923171529146 1.62184101445229
Car 1 2 0 807.0858124560989 439.9729717812454 1065.870600322029 603.0746162143594 1.530612244898 1.8938378940758 4.6221042052088 3.6704500562916467 1.3487032848442997 14.09055738892665 -1.5531514514839055
Car 0 2 0 493.906088161306 426.4142688227669 552.2592908161627 467.6591937986627 1.4101629107421 1.803603379926 4.5410056214395 -3.9726466230835085 0.06815814862619332 43.952673048452844 1.62184101445229
Car 1 2 0 1068.7445413222388 419.2866639003337 1411.1791658899324 590.3763955028764 1.9107172487835 1.8646709600747 5.058258795355 8.30038830920415 1.3655676093731988 15.74757781892435 -1.5682195086873494
