Car 0 0 0 637.5585587459217 400.3545493056911 696.683002934062 456.25972383049833 2.4504444783515 2.0900948379917 5.8999469982067 1.9146869195977427 -0.44578920364848007 52.51025883207967 -1.6173490546399796
Car 0 2 0 24.980480660663943 434.1969165828645 219.8207376897136 534.2620801465451 1.5901527375614 1.9815736149661 4.4711003227426 -9.6534553978546 1.1273587317578901 21.83256954079773 1.5426680465088034
Car 0 0 0 726.8804030818671 426.1840169918645 801.563407493552 476.55403760727535 1.5597827628666 1.7987689730087 5.2314760568527 4.985858895302839 0.3292214505321976 40.513639205325426 -1.5894854743945717
Car 0 0 0 68.01071050562803 439.0161894143721 325.3056589116428 575.1033544517179 1.5514825873918 1.9815736149661 4.4711003227426 -6.046688167622616 1.3041181885726523 16.409354573645494 1.6170225214577894
Car 0 2 0 343.1285556306148 423.8742597708744 413.26017477924574 470.02756619537473 1.5845088143079 1.9815736149661 4.4711003227426 -9.591141119782904 0.15214585892238697 43.52261011833942 1.5426680465088034
Car 1 2 0 700.8243066061951 423.70294289196 872.1876682230125 541.9365473271432 1.6079812673634 1.7752483717839 5.2810528558363 2.586784214238084 1.0188708371921364 19.17991454423734 -1.6178491768222845
Car 1 2 0 924.6361058842908 387.9103471281702 1150.296002518831 541.9232226917505 2.357358280475 2.1152743960676 4.6799107367351 6.976642623145387 1.08441706691219 19.492631302587462 -1.5516065265129386
Car 0 0 0 411.5355025375832 421.38103125907537 490.4598765058525 476.5419329307685 1.6209154360018 1.9970006557484 4.2258203566546 -5.718948877357198 0.32075167511196734 37.03273242935867 1.5915060789419897
Car 0 2 0 709.0456781741809 415.8543606081994 748.4560236844018 445.3164517452481 1.6880117853414 1.7987689730087 4.2943900138582 6.427594129506158 -1.1496457498066162 69.29556008938513 -1.5988368071738837
Car 0 2 0 503.5775154635398 417.5954967138474 541.2682832412382 445.3016344025172 1.6866246424544 1.9330452815384 4.4711003227426 -6.793642534954459 -1.2226779478096639 73.93039524307757 1.63890830947639
Car 0 2 0 456.7356735208954 428.0527769626793 512.6544438608611 467.7631915296655 1.5339584669873 1.9815736149661 4.4711003227426 -6.157541045858763 0.09893944272077382 49.21154399960616 1.5840725198540895
