Car 0 1 0 727.2555337648848 410.83493425732496 763.4568978058419 454.848992828258 2.9207974160656 1.9987184599578 4.3153737284047 8.38392470983065 -0.6288149959334268 77.779288293674 -1.5516065265129386
Car 0 0 0 114.05310033543655 411.44823436933615 406.0462674077712 611.8725655798727 2.0042400970208 1.8119967476622 5.0133325910677 -4.262360911905485 1.4078740713021098 14.053383468464615 1.6446801318243898
Car 0 0 0 690.3622434509723 431.9668171785829 740.4112499912737 469.8912745678493 1.4182449495476 1.7467171677429 4.050359908727 3.841372210646012 0.1942852173412158 47.818861824059255 -1.5549012626397778
Truck 0 1 0 342.1118249633293 399.244235260252 423.1674912490013 460.1935781489327 2.6824442705082 2.3418939796731 6.0544920676707 -11.356385810689853 -0.27237644041679887 52.62767553946169 1.6276684430233894
Car 0 0 0 -112.36877385916604 445.3629078319728 177.3751023521463 580.734394087937 1.4467286164406 1.7081648920378 4.1963912467353 -8.006230572826007 1.31082053883205 15.571894994422124 1.62184101445229
Car 0 2 0 488.9935755587721 420.6465890234726 552.8621957725967 470.6301760608224 1.761944444611 2.0244527733863 4.2794817374822 -4.033384169775529 0.18626004262513923 43.739489029905805 1.62184101445229
Car 0 0 0 728.713271070242 427.0389326177212 827.219978316534 504.4346761621647 1.6713634842154 1.8229455664901 4.2751840198345 3.764631729197515 0.8534542154562923 28.058439767670958 -1.5531514514839055
Car 0 2 0 404.55748088617327 430.0801293496463 508.2856824694017 502.25650016082113 1.4874601984532 1.803603379926 4.2794817374822 -4.026843679630667 0.7752185796804009 27.239020999083433 1.62184101445229
Car 1 2 0 844.2216124839357 412.2605091544195 1017.0761785142709 569.8739179241221 2.1224182061255 1.7232614590348 4.63706269905 4.7060376556105314 1.365603243577745 17.82967404912342 -1.4766668880626046
Car 1 2 0 1205.4820739428933 444.8767701776709 1717.087027077413 677.3436717483603 1.6068400327158 1.6756299522763 4.6781413740476 7.725174373431206 1.5429693922777252 11.04190593187152 -1.4828415388449736
Car 1 2 0 876.6465818806553 413.61555534976384 997.0090927966148 479.9538021322504 1.6488750742679 1.8646709600747 5.0348409305617 8.765754758848576 0.31200149086818457 31.751443237765933 -1.5682195086873494
