Car 0 0 0 643.5935499512264 406.88511981198144 681.8782781024471 446.6264761554892 2.6954889261866 2.0900948379917 5.8999469982067 2.6793772508477915 -1.2640051536363606 80.46181147692435 -1.6173490546399796
Car 0 2 0 27.32065595252357 432.2528946366052 235.6064456012168 540.4713053715518 1.5845088143079 1.9815736149661 4.4711003227426 -8.745377149930363 1.1229096193638448 20.22172949445362 1.5426680465088034
Car 1 2 0 687.0813782486102 419.7998891796597 752.6891687140801 464.2565593683641 1.6079812673634 1.8541482994187 5.2810528558363 3.8575655030675597 -0.08168575704277226 46.085212913899525 -1.6178491768222845
Car 1 2 0 805.2079965852689 403.7746905266965 890.9966189943126 475.9741623229611 2.4353567927539 2.1152743960676 4.6799107367351 8.055201660950345 0.3308105285721126 40.61681823053656 -1.5516065265129386
Car 0 0 0 -18.664907916851572 434.4755608217793 322.1401845118053 635.7261226195407 1.7357235676293 1.9970006557484 4.4605881542465 -5.059119722356503 1.5036194310709332 12.756844624294374 1.5915060789419897
Car 0 2 0 501.9108351371145 415.01107991784494 557.6572706757303 463.2589444462756 2.0195379964971 2.000363214755 4.4711003227426 -4.298927729173196 -0.08740835738996357 50.835975524754126 1.63890830947639
Car 0 2 0 356.5247257442048 429.94254455628817 472.65355600461794 511.6754740876864 1.6330371477356 1.9815736149661 4.4711003227426 -4.893581261374937 0.942201253050869 26.515561001547333 1.5840725198540895
Cyclist 0 0 0 1233.0957105238108 422.3881676576826 1335.9900838084443 499.2131390189747 2.0039081528723 0.81291747121322 2.2705362726386 17.76729729167676 0.951677158288313 30.00128052333639 3.1193305693134894
Car 1 2 0 878.5031527584813 425.8706029956997 1017.1979504489684 514.8106151851608 1.6325360713015 1.6692701033957 4.4464426585348 6.905305848763679 0.9078888138547381 24.278474097966743 -1.5484924230753805
Car 0 2 0 299.4802248179415 429.3123277043206 397.39382135484414 484.3140504713045 1.4764177287802 1.9087811148245 4.2794817374822 -8.56547219356862 0.520765975706764 34.81491282089101 1.62184101445229
Car 1 2 0 772.2931141742375 436.7170000005054 999.6546672160126 592.5816009610742 1.5432849743782 1.8129765134554 4.6053631429089 3.188981375411315 1.30090851267056 14.615971750875909 -1.5549012626397778
Car 0 2 0 90.30268423079758 429.8960720005442 233.31895545109975 495.6687016567973 1.4764177287802 1.9087811148245 4.2794817374822 -12.146451007534703 0.6942262851883348 29.497664353639006 1.62184101445229
Truck 0 2 0 433.8785762553814 400.1038546111044 479.08171244303344 437.6306702551127 2.5934329547759 2.1039567171164 5.3551350695794 -12.17122972472458 -1.8816660405735341 80.60348329027241 1.6707126812554893
