Car 0 0 0 636.5778391627886 399.7770130168565 699.4261644243333 459.2537458472826 2.4504444783515 2.0900948379917 5.8999469982067 1.8348762930816997 -0.3046472373106458 49.48114415760319 -1.6173490546399796
Car 0 0 0 -1304.889703866581 455.2349890666344 88.62172118161573 1072.801006218306 1.6620294149599 1.9841448674972 4.4711003227426 -4.808712776920571 1.7518754011303999 5.674171119570452 1.6040666079548895
Car 0 2 0 101.49357662215778 430.0374087763304 262.16054846352705 516.3227503398044 1.5901527375614 1.9815736149661 4.4711003227426 -9.683433588132521 0.9535365656680765 24.73751786521285 1.5426680465088034
Car 0 0 0 729.7953363732726 421.9046386978435 811.5075294450044 476.08467839255786 1.5597827628666 1.7987689730087 5.2314760568527 4.809090298997929 0.2744184420801554 37.4393022409548 -1.5894854743945717
Car 0 0 0 159.10568499452052 438.0638677593972 349.3432193755692 552.778928057773 1.5514825873918 1.9815736149661 4.4711003227426 -6.164412672569661 1.2311747954904244 19.11379797748886 1.5426680465088034
Car 0 2 0 354.89124605307114 424.1565966472229 420.1197421017215 467.6003108740941 1.5845088143079 1.9815736149661 4.4711003227426 -9.788480739914965 0.07495600173896214 46.12348102846177 1.5426680465088034
Car 1 2 0 712.5926497892193 427.2812909650752 918.2735783713644 567.6684835774166 1.6079812673634 1.7752483717839 5.2810528558363 2.622060220489771 1.1663284351755863 16.714384596249154 -1.6178491768222845
Car 1 2 0 943.7431665205376 387.1161904213344 1200.628804557012 558.2565812863392 2.357358280475 2.1152743960676 4.6799107367351 6.859998308350414 1.188006019704348 17.77770868488601 -1.5516065265129386
Car 0 0 0 417.3612276972883 422.0968830863752 491.3417685647309 473.9633606263951 1.6209154360018 1.9970006557484 4.2258203566546 -5.962047906553997 0.26403924583967214 39.30737681728722 1.5915060789419897
Car 0 2 0 710.9837919981715 421.36297662282783 752.4489047359465 452.6412598743023 1.6880117853414 1.7987689730087 4.2943900138582 6.3093639536499495 -0.6803085789118752 66.15487924284453 -1.5988368071738837
Car 0 2 0 502.1945610536199 416.907084359288 538.7230108079307 443.6069821230892 1.6866246424544 1.9330452815384 4.4711003227426 -7.170043159985802 -1.3752774306443716 76.52302489130153 1.63890830947639
Car 0 2 0 458.83189929622046 426.4924023485512 511.81286663371 463.9263273214685 1.5339584669873 1.9815736149661 4.4711003227426 -6.469362749140934 -0.058872742089312355 51.88336669512517 1.5840725198540895
