Car 0 1 0 671.090301606534 426.6473909961164 701.6468224777581 450.174140864947 1.4104955696955 1.7467171677429 4.050359908727 4.083611964280258 -0.9053338670352729 74.56770549284757 -1.5549012626397778
Truck 0 1 0 75.73388684844156 377.2792911600046 275.95799802370703 493.5178142823464 2.9419225019798 2.3418939796731 6.7944855426083 -12.464201554942141 0.595496974663943 31.663256170177345 1.6978213383835898
Car 0 0 0 247.69185356337056 422.04982784856486 436.8642222207433 555.949742052051 1.7546808758905 1.7597626756884 4.4861448141954 -4.3132244454497926 1.1745802886073922 17.76635948195694 1.6253662848034898
Car 0 0 0 691.3383373008332 429.0648425978396 739.5379368629971 464.27298437771816 1.4301642238873 1.8229455664901 4.2437745045868 4.158051861408693 -0.035902642393758 51.694056627846216 -1.5531514514839055
Car 0 0 0 762.8480804208233 419.7928346679185 812.5128942804835 473.4513952268264 2.0243138230386 1.6813674848283 4.144966249355 6.685457399655101 0.3234049165936033 46.03169555246967 -1.4766668880626046
Car 0 1 0 454.55655456766414 429.5149707175537 531.5751761463074 484.6482331187345 1.5059946884706 1.8327663537688 4.6487667934695 -4.161690959628491 0.535041404069978 35.75026076390204 1.62184101445229
Car 0 1 0 878.9494262264707 430.01952197731407 978.5527547735788 486.930458644588 1.4280681749957 1.6756299522763 4.0328540367383 8.811832895298737 0.5560581392248786 32.59004536357159 -1.572582485643587
Car 1 1 0 769.4864137549198 437.75434549562095 924.2837193956364 539.6505643804717 1.497425414327 1.812715073283 4.5124445924622 3.9539684656726397 1.1379659051680329 20.612962480407827 -1.571763501319051
Car 0 2 0 530.798598937229 421.62296037802696 576.9821257524795 462.4588412682253 1.8752908748559 1.9674185756784 4.537640894024 -3.571732908101261 -0.12318621207007921 56.528691801996615 1.62184101445229
Truck 1 2 0 955.579828770469 300.42098179428314 1441.6512068392722 591.321590889689 3.5205037091742 2.7567930269808 10.625817919727 8.533817653704439 1.2576465956241554 18.904399400546488 -1.5260325052874535
