Car 0 1 0 751.319738236365 409.84460059695294 796.8177248023466 451.5731342078456 2.27353670855 1.9987184599578 4.3153737284047 8.612817048997815 -0.7271050963804752 64.58215161247405 -1.5516065265129386
Car 0 0 0 396.86411138832113 411.5868204685917 516.5391783702721 502.19669134631454 1.9084454634711 1.8118435887283 5.9684898307947 -4.006425096925586 0.7064413147118626 27.57053074961638 1.6446801318243898
Car 0 1 0 775.1599444302974 431.7340676942092 842.8917742902099 470.9521157363496 1.4039412423019 1.8256989968834 4.2572323326397 7.5941517414092425 0.21613392674279625 46.269563711260446 -1.6099469330961536
Car 0 2 0 -312.4895303469815 448.7088492242463 90.85427644672107 609.1626361358412 1.4432903197611 1.803603379926 4.7384828399377 -8.796345165015621 1.3927975314824976 13.9777525114942 1.62184101445229
Car 0 0 0 704.6462852045746 429.9293483158183 776.4328139063772 485.0136017508364 1.5093435773437 1.7467171677429 4.6808404605571 3.6609268724367667 0.5472985021130824 35.95118330886011 -1.5549012626397778
Truck 0 2 0 390.6015568225749 399.7805849085431 454.5111967580887 450.3444288822039 2.6824442705082 2.3418939796731 6.0544920676707 -11.362810368483514 -0.8209715803632904 62.88371839977005 1.6276684430233894
Car 0 1 0 224.12204879060263 435.2016241885468 354.5048831167134 504.97350184228713 1.3630633972388 1.7081648920378 4.2979540711887 -7.853204326296471 0.8052086765309114 26.44099884060262 1.62184101445229
Car 0 2 0 370.9047091114254 427.4217386579352 440.874354528259 470.6884138622423 1.4764177287802 1.803603379926 4.2794817374822 -8.505746113648634 0.18713698764384606 43.483738482727986 1.62184101445229
Car 0 2 0 525.5709100176995 417.591942289352 569.3743643758758 457.2298197171879 1.808305289508 1.803603379926 4.2794817374822 -3.834496292884274 -0.366825726126075 55.54249489033785 1.62184101445229
Car 0 2 0 64.2573763364611 431.9886256116343 216.7285357229429 504.4456910459249 1.5052625049084 1.803603379926 4.2794817374822 -11.840506256754749 0.8356132759665578 27.52384754288173 1.62184101445229
Car 1 1 0 771.920558078415 436.62817297811625 953.1514357807308 556.284472388508 1.4636468975575 1.8229455664901 4.3636436843461 3.533235493401119 1.1519129173389362 17.39185048908275 -1.5531514514839055
Car 0 2 0 483.25404529078446 426.0695857131787 548.1225558424285 471.5143811292944 1.4101629107421 1.803603379926 4.5410056214395 -3.8749483312421704 0.1798913425723473 40.06525843158591 1.62184101445229
Car 1 2 0 1062.5537606721591 403.6776544328652 2320.7199743369038 1075.440811584473 2.0014965986394 1.7788585867748 4.791631455685 4.1213816548687 1.7236855517594245 5.787218409415105 -1.5407806431758546
Car 1 2 0 997.3973786896923 415.1840061489394 1242.0558632135555 547.0939002694785 1.9107172487835 1.8646709600747 5.058258795355 8.389919772722042 1.1394288106498127 19.511299458822407 -1.5682195086873494
