Car 0 0 0 641.0178551892185 402.1140157385614 692.3988686395854 455.2594244871645 2.6954889261866 2.0900948379917 5.8999469982067 2.2006991162408513 -0.5387974239817119 60.40205831932598 -1.6173490546399796
Car 0 0 0 -551.8483819577983 459.0468924343076 129.64154863714805 757.177845452935 1.5514825873918 2.0145998418822 4.4711003227426 -6.034522152965381 1.6588511930420862 8.989698695750068 1.6170225214577894
Car 0 2 0 305.6370353738086 426.10124841647325 392.217385848095 481.46575754695175 1.5845088143079 1.9815736149661 4.4711003227426 -9.057787991354637 0.460245015929163 36.84281746782677 1.5426680465088034
Car 1 2 0 686.9735275629336 421.4701224750405 802.695578339911 502.7881900529391 1.6079812673634 1.7752483717839 5.2810528558363 2.7250055521005816 0.706805134075879 26.515905266070476 -1.6178491768222845
Car 1 2 0 873.8682984953352 396.04515505164665 1031.2148711494772 510.8911687149667 2.357358280475 2.1152743960676 4.6799107367351 7.290127598203157 0.8626954946467216 25.34547063758881 -1.5516065265129386
Car 0 0 0 373.9763330107409 421.8514726771074 474.8943632445505 490.7127013102205 1.6209154360018 1.9970006557484 4.2258203566546 -5.331536083566434 0.587870044214307 30.11556690900909 1.5915060789419897
Car 0 2 0 -23.52172120972261 417.92236982778354 163.60665026157403 513.4377528067738 1.8398217685083 1.9330452815384 5.0606231801116 -12.405053087316666 0.8916916785340834 25.325244233599946 1.5426680465088034
Car 0 2 0 507.80686525411824 412.1652969129669 548.8237985527238 447.95429213144223 2.0195379964971 1.9330452815384 4.4711003227426 -5.827559349061453 -0.9684652043242274 67.41543854418906 1.63890830947639
Car 0 2 0 445.0865522814741 421.2188824558616 510.3678312116385 469.32187042731135 1.6330371477356 1.9815736149661 4.4711003227426 -5.588026986998822 0.12220973132172469 42.679427196515505 1.5840725198540895
Cyclist 0 0 0 1248.1789216061454 420.05223901229056 1316.165105210355 487.87746804115375 1.7474829931973 0.64905314241631 1.3764772394161 17.36111756030854 0.6483708621531052 29.402762146008296 3.1193305693134894
Cyclist 0 0 0 1225.1561813637668 427.2210900216945 1288.1708655139753 484.0601710557538 1.5122448979592 0.56572536232468 1.3764772394161 17.265764372009713 0.5717979071367933 30.41143328249622 3.1193305693134894
Cyclist 0 0 0 1202.4914987435675 425.1834884579712 1267.456056644328 480.681204702364 1.5122448979592 0.76015684920515 1.3764772394161 17.166921135346534 0.4880184293305525 31.31718403339181 3.1193305693134894
Car 0 2 0 700.9820443744743 415.633921812139 735.5316694542223 441.7684283385012 1.6880117853414 1.7987689730087 4.2943900138582 6.490611293372164 -1.5196315083783773 77.8029201057223 -1.5988368071738837
Car 0 0 0 719.5163666926218 417.47704831353406 778.6535866101192 456.93760162728734 1.5597827628666 1.7987689730087 5.2314760568527 5.492074731318952 -0.38271305158945834 49.828976780757834 -1.5894854743945717
Car 1 2 0 1126.523554437165 444.954645037678 1731.4290157711523 720.7827501578057 1.6285321432703 1.6692701033957 5.0854129368724 6.5491237616605344 1.591221399583523 10.057595964902822 -1.5484924230753805
