Car 0 1 0 671.2071726026139 425.8530171075002 700.8174264689975 448.6038124853342 1.4104955696955 1.7467171677429 4.050359908727 4.188388638487341 -1.0362298414200217 76.9021212063701 -1.5549012626397778
Truck 0 1 0 31.9387568812607 376.092093625116 243.71045631224663 500.1586132084017 2.9419225019798 2.3418939796731 6.239833661579 -12.653584016994442 0.7198027734817233 29.611343141934807 1.6978213383835898
Car 0 0 0 167.8980904972118 421.4646975511794 401.8901749670565 583.4545708732312 1.8193252190791 1.7597626756884 4.4861448141954 -4.486652128028915 1.3117186114787505 15.498324240966177 1.6253662848034898
Car 0 0 0 689.697825207781 430.3625309487397 735.726282726967 464.1839897075144 1.4301642238873 1.8229455664901 4.2437745045868 4.206051413135111 -0.03570474820945169 53.88647564284053 -1.5531514514839055
Car 0 0 0 759.4426946826842 419.5165635181223 806.2134309703681 467.956051818462 1.9225895103231 1.6813674848283 4.144966249355 6.826442631689195 0.1182049398779646 48.41909377454567 -1.4766668880626046
Car 0 1 0 439.7579852265884 428.41872267018056 524.8217182374248 487.9774676760855 1.5059946884706 1.8327663537688 4.9049233310688 -4.1989262019035065 0.5710335146353605 33.45140244685527 1.62184101445229
Car 0 1 0 867.162501077355 430.6323822236672 959.1020709621027 488.8064986726421 1.5677040043521 1.6756299522763 4.0328540367383 8.890176068732934 0.6568793910433913 34.633640723681395 -1.572582485643587
Car 0 0 0 759.03874000483 438.5982541875379 892.5135632603924 527.0690161996184 1.4571428571429 1.812715073283 4.2084975473741 3.9590112773930173 1.0664780154854794 22.63382294245776 -1.571763501319051
Car 0 2 0 527.7434621588526 422.5325393916611 575.702387099053 458.9447926691871 1.5911081917023 1.9674185756784 4.537640894024 -3.5519128413328334 -0.2894449017252471 54.564276957727074 1.62184101445229
Car 0 2 0 352.4546465227323 429.1293281129933 418.9733277328668 465.0009351745215 1.4162265405309 1.9674185756784 4.537640894024 -10.862199626922953 -0.014156013302467255 50.74942136928443 1.62184101445229
Truck 1 2 0 936.9701580752538 312.7233004728102 1346.6421510914467 566.1443535110647 3.5205037091742 2.7567930269808 10.625817919727 8.690000742409099 1.13656984560092 20.90643235412599 -1.5260325052874535
Car 0 3 0 1064.4819513005657 465.6876295400357 2547.6222260799937 1262.5147271997876 1.6654512775806 1.7106691483953 4.6740522208737 3.749368874685278 1.8314624886130617 5.075970174826516 -1.5172690300339515
