Car 0 1 0 668.8962436425943 426.74816952649815 698.8535359769336 449.9087784812817 1.4104955696955 1.7467171677429 4.050359908727 3.9782874277358373 -0.9354193165569741 75.73168307272854 -1.5549012626397778
Truck 0 1 0 53.03774123145456 376.6641977339987 255.681853274834 496.9591488638643 2.9419225019798 2.3418939796731 6.239833661579 -12.577259899320133 0.6697055769739245 30.43829643912946 1.6978213383835898
Car 0 0 0 205.415454053193 419.90674691319066 416.44128002111495 568.8331143017566 1.8193252190791 1.7597626756884 4.4861448141954 -4.464879782653663 1.2445014770836837 16.617632437834967 1.6253662848034898
Car 0 0 0 692.788001342061 430.42058911136166 740.0507194497194 464.96974265811104 1.4301642238873 1.8229455664901 4.2437745045868 4.295700063857103 -0.0019065134571562559 52.80344602457371 -1.5531514514839055
Car 0 0 0 760.970817234539 420.0635135165289 809.030865857575 467.4888224418423 1.8310376288791 1.6813674848283 4.144966249355 6.760634069356032 0.09327792859031064 47.31221931763092 -1.4766668880626046
Car 0 1 0 446.99245623012393 427.39831217222576 528.4636667574536 484.6901444162183 1.5059946884706 1.8327663537688 4.9049233310688 -4.180742280611064 0.5024660392821294 34.59368380076328 1.62184101445229
Car 0 1 0 870.6887781652606 428.9493164381056 965.7984817590476 493.1658561209906 1.698030778418 1.6756299522763 4.0328540367383 8.803506466269884 0.7591341765653438 33.715675739559956 -1.572582485643587
Car 1 1 0 763.5940516501229 434.6049914805137 909.5655116001344 533.1708378120111 1.547778610807 1.812715073283 4.6527278440414 3.9896845417680593 1.0971536532803468 21.781298639204255 -1.571763501319051
Car 0 2 0 529.9737289901063 422.0482765264046 576.8672803171357 454.08169669926247 1.4162265405309 1.9674185756784 4.537640894024 -3.5367564940283054 -0.5259317778517832 55.585404869306835 1.62184101445229
Car 0 2 0 357.7880931028545 428.5620452085914 422.73569344205424 463.7253518139816 1.4162265405309 1.9674185756784 4.537640894024 -10.847780510344805 -0.0685272572539069 51.65520443676011 1.62184101445229
Car 0 3 0 1119.719237288581 476.6890519081589 3646.775376673353 1673.413159390208 1.5356164936674 1.7106691483953 4.6740522208737 3.6779818386766854 1.7611969477335763 4.086375873140063 -1.5172690300339515
Truck 1 2 0 950.397552580926 306.2263065134828 1402.4458597598573 579.3241037497324 3.5205037091742 2.7567930269808 10.625817919727 8.679224094614407 1.203721759938223 19.786882325726744 -1.5260325052874535
