Truck 0 0 0 -397.9837952893363 354.3752942478879 51.285475105795285 550.9606698960869 2.9419225019798 2.3418939796731 7.0718114831229 -13.851970049835575 1.122016248718555 20.332186138145673 1.7335262415275903
Car 0 0 0 682.1943928544173 426.5690060777527 718.9606316962834 453.6884114069777 1.4301642238873 1.8229455664901 4.2437745045868 4.454772776050229 -0.6170693186098042 66.0914373949558 -1.5531514514839055
Car 0 0 0 743.108593972198 415.9800342520618 777.5887093988229 445.8647718413552 1.5484589736419 1.6813674848283 4.144966249355 7.617595796695272 -1.0158125555684654 62.85728679139365 -1.4766668880626046
Car 0 0 0 242.83553402168195 437.0879750606038 432.9183653489624 544.1477688874817 1.5059946884706 1.8664294092462 4.9049233310688 -4.956797624829328 1.1517853470965507 20.027974948760047 1.6645145560488892
Car 0 1 0 815.9271638704411 427.3572537198463 878.9535218651367 470.84735278633497 1.6045144102543 1.6756299522763 4.0328540367383 9.200710793696336 0.22174237085353232 46.277236518705855 -1.572582485643587
Car 0 0 0 726.779712830747 427.8893570830843 808.5729046303803 489.0917767468418 1.6096620811 1.8016168177323 4.2084975473741 4.260477123800051 0.6370783875900872 33.80305984794801 -1.571763501319051
Car 0 2 0 496.7837553827375 423.8507367570234 560.2148368450411 472.4240829848598 1.6513352909578 1.9674185756784 4.537640894024 -3.665377413217472 0.23750217753267855 42.96268838518053 1.62184101445229
Car 0 2 0 276.24522860887413 429.81531413900046 366.96401307609625 476.6780186948432 1.4599469533238 1.9674185756784 4.537640894024 -10.954999881451375 0.3607573518241226 40.47445726763816 1.62184101445229
Truck 1 1 0 859.7336293761844 358.25253141996336 1063.5350645167136 511.2193959306289 3.5876801345182 2.6170132814801 10.625817919727 9.049080585970767 0.8366448784880638 31.57384140584591 -1.5260325052874535
Car 0 2 0 449.28849103837166 422.3805905715624 504.6994268384642 460.8819513165344 1.6513352909578 1.9674185756784 4.537640894024 -7.063265566272926 -0.19697125651112907 53.445631107154675 1.62184101445229
Car 0 3 0 828.0537923055319 442.4092373437871 1031.794532265653 583.8962990940105 1.5845972010994 1.7106691483953 4.0255781372653 4.165889971699492 1.3934664705057762 15.888047786309055 -1.5578627579969027
Car 0 3 0 1163.9905021880966 425.7704805924319 1614.8190795796154 660.4843031900456 1.9420087040159 1.8549876218552 4.512098489517 7.793439923585852 1.6153765546591465 12.064798291791835 -1.4918942413942835
