Car 0 1 0 669.9468157741464 425.4871621924137 698.572214827857 447.5112285169174 1.4104955696955 1.7467171677429 4.050359908727 4.195804378020617 -1.1414247832019517 79.30613404317792 -1.5549012626397778
Truck 0 1 0 -19.598223409500747 374.8442983684213 219.6499434386072 507.4403711887861 2.9419225019798 2.3418939796731 6.239833661579 -12.83758569582492 0.8210385012313316 27.943848953275246 1.7335262415275903
Car 0 0 0 76.23845187146526 420.22522641128575 368.77282277121503 619.0019003534076 1.8861575740657 1.7597626756884 4.4861448141954 -4.527708550736612 1.4384709220522611 13.387628784014344 1.6253662848034898
Car 0 0 0 687.8294252122164 429.2160111815916 731.813499006377 461.5503550998528 1.4301642238873 1.8229455664901 4.2437745045868 4.237880761119134 -0.1595097813740739 56.11844205237522 -1.5531514514839055
Car 0 0 0 756.0923064394852 420.3551353201051 800.0834415462375 462.9984443856325 1.7768351921027 1.6813674848283 4.144966249355 6.979315738957087 -0.08683010657540279 51.00671120016108 -1.4766668880626046
Car 0 1 0 418.73404534179855 430.8639124277938 514.2812712496238 495.9621702895383 1.5059946884706 1.8664294092462 4.9049233310688 -4.310976287796684 0.7190209800663039 30.9948542454051 1.62184101445229
Car 0 1 0 856.7376727014471 430.2779602381357 942.068235634673 486.0110513366085 1.5992408039074 1.6756299522763 4.0328540367383 8.969782914762813 0.6185979348419933 36.66394436429998 -1.572582485643587
Car 0 0 0 753.982901530826 433.4862248793055 875.5839553189302 520.7345605596809 1.5981318072871 1.812715073283 4.2084975473741 4.059961400692414 1.0465303749293051 24.470143284680752 -1.571763501319051
Car 0 2 0 523.9021251574732 423.586258659055 574.0570851009621 461.6407816608029 1.5911081917023 1.9674185756784 4.537640894024 -3.5377264273777067 -0.16158629937799524 52.42843184627862 1.62184101445229
Car 0 2 0 341.22562941475525 430.31791355837527 411.09098043993305 467.6862758495905 1.4162265405309 1.9674185756784 4.537640894024 -10.890890726236528 0.09403166598860863 48.94709791869595 1.62184101445229
Truck 1 2 0 916.1037466218958 333.990039043364 1266.4064544212029 555.9211726698344 3.4734281172172 2.7567930269808 10.625817919727 8.709756199337319 1.1581385942615459 22.86281432126424 -1.5260325052874535
Car 0 3 0 995.8182894840304 461.46291553447895 1756.939851851308 906.606277023818 1.6116462335961 1.7106691483953 4.4220199932775 3.8562120111952893 1.741526749373267 6.890417745158855 -1.5172690300339515
