Truck 0 1 0 -190.04573942639863 361.6407014070962 135.81521694951215 522.8902409137834 2.9419225019798 2.3418939796731 6.5864910872223 -13.414083530692631 0.9146913996236947 23.739728438166914 1.7335262415275903
Car 0 0 0 -837.8670554767801 423.1739101424416 140.32865741784678 922.1638066857276 1.8861575740657 1.7597626756884 4.4861448141954 -4.8201966506874205 1.7137929242543868 6.703427209012889 1.6253662848034898
Car 0 0 0 684.5596184654454 421.9147919569718 724.3532956379403 457.43074385314543 1.7846258618159 1.8229455664901 4.2437745045868 4.3562485299521825 -0.38233932816321065 61.50801171885658 -1.5531514514839055
Car 0 0 0 749.6918832330914 415.5661330512863 787.9931239113191 449.59335642269536 1.6138454869408 1.6813674848283 4.144966249355 7.405852181527549 -0.7517102916582524 57.53751552397985 -1.4766668880626046
Car 0 0 0 340.4572557519299 432.1976510780384 478.5246822235755 514.5287100377881 1.5059946884706 1.8664294092462 4.9049233310688 -4.697003493572317 0.9188249740574828 25.031440576719483 1.6645145560488892
Car 0 1 0 830.8721924191102 426.2961635406088 902.2814974181916 466.5250748297729 1.3199691451947 1.6756299522763 4.0328540367383 9.040129118375367 0.03200177251953648 41.90367504695497 -1.572582485643587
Car 0 0 0 736.938191336122 432.358362083642 833.2293797448237 501.7813051202824 1.5565851790045 1.8016168177323 4.2084975473741 4.151871874820951 0.8441590511941189 29.472216220121364 -1.571763501319051
Car 0 2 0 510.8433963584627 426.8070682267022 567.4464704846669 471.01720360417846 1.6513352909578 1.9674185756784 4.537640894024 -3.595212147597587 0.22065506129378004 47.27498355683377 1.62184101445229
Car 0 2 0 306.5097517821338 427.24229151723046 386.833468994388 472.1594691373922 1.5583178821077 1.9674185756784 4.537640894024 -11.013737865635237 0.24003396503614965 44.30937426891377 1.62184101445229
Truck 1 2 0 880.5090604298456 349.51635884148 1135.886625929775 526.2670775632938 3.5477260448582 2.7567930269808 10.625817919727 8.942299488079522 0.9744120452277925 27.802927755950318 -1.5260325052874535
Car 0 2 0 456.3679530793899 425.3089671992991 508.2594818771528 461.81552181547937 1.6513352909578 1.9674185756784 4.537640894024 -7.216467233470557 -0.15465173873377536 56.59596405425823 1.62184101445229
Car 0 2 0 558.445551699772 427.6368539209532 594.9439974974257 453.9086848522241 1.422472313787 1.9674185756784 4.537640894024 -2.946717195708303 -0.6290841848727116 68.48509766906943 1.62184101445229
Car 0 3 0 874.3553559106108 449.4765221154016 1195.2112885942158 650.9531549440471 1.5356164936674 1.7106691483953 4.3610429820374 4.054884971154025 1.5114618517465408 11.887000405619956 -1.5578627579969027
