Truck 0 1 0 -158.2650694530414 362.74701328266536 153.44611811701282 518.6065026216484 2.9419225019798 2.3418939796731 6.6558225723509 -13.319485641356167 0.8699024137246947 24.475869642138335 1.7335262415275903
Car 0 0 0 -517.6568923271703 419.840562491059 200.42480243418163 810.1183869863353 1.8861575740657 1.7597626756884 4.4861448141954 -4.79682470442746 1.6416373881486694 7.904970293814772 1.6253662848034898
Car 0 0 0 685.9461093398793 429.567044299207 726.5418555691122 459.5321598674345 1.4301642238873 1.8229455664901 4.2437745045868 4.375477465585671 -0.2675128587536418 60.43582222787277 -1.5531514514839055
Car 0 0 0 747.9605246428775 416.0390250411928 787.033557492521 454.3405863257176 1.7819822354236 1.6813674848283 4.144966249355 7.172669136414052 -0.505477480169466 56.26730942023258 -1.4766668880626046
Car 0 0 0 355.9883106692338 430.8276719214735 486.3203914118518 509.2477242809448 1.5059946884706 1.8664294092462 4.9049233310688 -4.635487387268278 0.8556309502779221 26.078788900898676 1.6645145560488892
Car 0 1 0 836.6457871176068 427.0135902614479 910.55589814918 478.7094044797728 1.6830223015212 1.6756299522763 4.0328540367383 9.080143502221842 0.4546257216777433 40.9155432319185 -1.572582485643587
Car 0 0 0 741.6766887242088 433.4947755936326 842.1849508162286 502.6598260936365 1.4864435532149 1.8016168177323 4.2084975473741 4.185793396111989 0.8308734113840138 28.51698049689911 -1.571763501319051
Car 0 2 0 513.959223491679 427.0031358538684 569.0671929268697 470.1928781901784 1.6513352909578 1.9674185756784 4.537640894024 -3.5777117990928256 0.1951529645368606 48.35873876196881 1.62184101445229
Car 0 2 0 313.9404740530617 428.1454970803962 391.9151550267616 470.4772059121932 1.4927372629184 1.9674185756784 4.537640894024 -10.998730213686594 0.1834434866377923 45.25212807383695 1.62184101445229
Truck 1 2 0 888.9706733219609 339.5687242244298 1162.1224233473458 527.2604215421154 3.5795360309504 2.7567930269808 10.625817919727 8.930866670943622 0.9293498536021418 26.692343826890482 -1.5260325052874535
Car 0 2 0 457.93883610262543 426.20445057667337 509.1249064923368 462.3380358313028 1.6513352909578 1.9674185756784 4.537640894024 -7.240637694118849 -0.12891538816627146 57.265933443605356 1.62184101445229
Car 0 3 0 889.9835805857674 441.421266304262 1256.4443030591874 681.1912485048377 1.679493638203 1.7106691483953 4.3163143360678 3.9945972482135463 1.5724899147601656 10.829644140433041 -1.5578627579969027
