Truck 0 0 0 -334.23845848407734 344.3507593284858 76.00341482532679 542.2519585049329 3.1345099606705 2.3418939796731 6.9331485128656 -13.734420246341747 1.066360287173241 21.246934389703583 1.7335262415275903
Car 0 0 0 683.4728359419896 428.424864748651 720.971988821701 456.1468097499507 1.4301642238873 1.8229455664901 4.2437745045868 4.474920791801014 -0.46953269058033587 64.9812063979595 -1.5531514514839055
Car 0 0 0 744.1465750569929 416.23277805787217 779.4350645724708 448.333795769608 1.6325273478833 1.6813674848283 4.144966249355 7.543351449012761 -0.8649290383785093 61.59739409368678 -1.4766668880626046
Car 0 0 0 274.0729951849403 434.748532089692 447.2036684004928 533.7330605228183 1.5059946884706 1.8664294092462 4.9049233310688 -4.879463091189896 1.0723414314879274 21.344641413443004 1.6645145560488892
Car 0 1 0 821.9855723737185 426.3552059721157 887.2480583113326 471.37814562751953 1.6231325208351 1.6756299522763 4.0328540367383 9.262756825281427 0.23337127240377992 45.14164892655417 -1.572582485643587
Car 0 0 0 731.4083775932932 428.9336370154883 816.8608752504555 492.1822880178793 1.5996530987793 1.8016168177323 4.2084975473741 4.301347363908526 0.6945486317246631 32.67149351648549 -1.571763501319051
Car 0 2 0 500.52255073961896 426.0939016973616 562.1280495709584 473.6699160094335 1.6513352909578 1.9674185756784 4.537640894024 -3.6477341759138624 0.2942667942724195 44.02354452474972 1.62184101445229
Car 0 2 0 282.15182759106483 427.4939662488389 370.2416887510795 475.9912447488897 1.5692479853059 1.9674185756784 4.537640894024 -11.059196618133743 0.34968767186517946 41.477511123120216 1.62184101445229
Truck 1 1 0 862.3519165945901 351.3956452992738 1073.0565440825014 504.04231522016505 3.4789625546843 2.6170132814801 10.625817919727 8.980558979467324 0.6392239014096008 30.845724045112114 -1.5260325052874535
Car 0 2 0 452.3418244617419 425.0092785475408 506.7069543540776 463.1308975471857 1.6513352909578 1.9674185756784 4.537640894024 -7.049357675654084 -0.09249604403250794 54.258895711396136 1.62184101445229
Car 0 3 0 837.5637890720183 445.3943410794961 1061.2552467054672 593.7445438230316 1.517504232145 1.7106691483953 4.0255781372653 4.1156580117123145 1.390316575571416 14.824794072293834 -1.5578627579969027
Car 0 3 0 1199.4647353491162 428.2766131010239 1710.7816254238082 680.2845631172829 1.8730407082913 1.8549876218552 4.3927308046092 7.703526860479002 1.607215828684376 11.058629617671825 -1.4918942413942835
