Truck 0 0 0 -276.4018670685492 348.18620865298413 88.97248890606636 534.4616910241533 3.1152512148014 2.3418939796731 6.4131623744006 -13.64112746585039 1.0221892273404378 21.972919506654588 1.7335262415275903
Car 0 0 0 681.8400317790453 428.5159688668357 719.9422927776038 456.7707868218718 1.4301642238873 1.8229455664901 4.2437745045868 4.31663036983429 -0.42861871173010185 63.80940537643478 -1.5531514514839055
Car 0 0 0 745.247313367862 414.6697053060816 781.4034849422205 448.9789100196156 1.7165957221247 1.6813674848283 4.144966249355 7.466867910608152 -0.8150833290123427 60.30606944346475 -1.4766668880626046
Car 0 0 0 296.5629634663513 433.0198014941816 457.7638968708077 526.2677873070387 1.5059946884706 1.8664294092462 4.9049233310688 -4.8161893818485435 1.0073418641718572 22.421913975455055 1.6645145560488892
Car 0 1 0 823.5045093298357 424.7776026479824 890.4297095807702 473.6263498163337 1.7348411843202 1.6756299522763 4.0328540367383 9.15493147642391 0.31060153161128223 44.17694676785217 -1.572582485643587
Car 0 0 0 733.958359997997 429.93300292639856 822.6772070683318 498.35516251050495 1.67659862869 1.8016168177323 4.2084975473741 4.283080112320359 0.8316666656345817 31.67168198791744 -1.571763501319051
Car 0 2 0 503.98973919618174 422.582059621885 563.8960587633208 468.6347160641602 1.6513352909578 1.9674185756784 4.537640894024 -3.631830897096899 0.11100581405387377 45.070020419714865 1.62184101445229
Car 0 2 0 290.40853102382573 427.3800957388 375.8299487813844 474.1548117636849 1.5473877789095 1.9674185756784 4.537640894024 -11.044630367712948 0.29476161930199807 42.39253687495777 1.62184101445229
Truck 1 1 0 867.0322702696898 353.45878295216414 1090.4781281470937 518.2481836401317 3.6157213256741 2.6170132814801 10.861947206832 8.973911621903996 0.9105102811867756 30.0027031477528 -1.5260325052874535
Car 0 2 0 455.19531434365376 421.6227033590294 508.57738093386655 458.8883540311223 1.6513352909578 1.9674185756784 4.537640894024 -7.0376642776546205 -0.2935079549555029 55.053858186141795 1.62184101445229
Car 0 3 0 845.0744063226049 446.2540569356559 1099.8226894290683 605.0966195181516 1.4727755861754 1.7106691483953 4.4952289199463 4.131945931640677 1.379997799819984 14.071984615491479 -1.5578627579969027
Car 0 3 0 1219.7965847124235 426.5786845149611 1845.0048284105865 722.320528614997 1.9482274454217 1.8549876218552 4.8940750812222 7.671065235035415 1.6932493341718986 10.314065795052795 -1.4918942413942835
