Truck 0 1 0 -238.2502637611782 359.96058510884274 118.7638937336236 529.3910316471644 2.9419225019798 2.3418939796731 6.8638170277369 -13.522362561017268 0.9659579553197388 22.897123425437666 1.7335262415275903
Car 0 0 0 -1220.407763747441 426.2250501587076 77.20350174881753 1047.5054879360116 1.8861575740657 1.7597626756884 4.4861448141954 -4.906107018026229 1.7655783208496745 5.849455529193689 1.6253662848034898
Car 0 0 0 684.4438456382712 429.2856251337109 724.1213217169377 458.6295707491055 1.4301642238873 1.8229455664901 4.2437745045868 4.354697488461835 -0.31860961908456886 61.62990572100445 -1.5531514514839055
Car 0 0 0 749.6918832330914 415.56613305128536 787.9931239113191 452.5782202528446 1.7633003744811 1.6813674848283 4.144966249355 7.4069336206221745 -0.6025268104144157 57.54645329969296 -1.4766668880626046
Car 0 0 0 320.9554479091856 431.1011727917868 469.4882389988505 518.177150912464 1.5059946884706 1.8664294092462 4.9049233310688 -4.738854848209211 0.927897948563235 23.73858044013801 1.6645145560488892
Car 0 1 0 825.5528049555949 425.6437300931381 894.7908022582502 475.1074212014853 1.6976049631585 1.6756299522763 4.0328540367383 9.007298052520502 0.3516597782867465 42.88684126456373 -1.572582485643587
Car 0 0 0 736.1393372562628 431.1419306816037 828.72256460512 498.3074664797984 1.5696261518171 1.8016168177323 4.2084975473741 4.235066160054224 0.7931770395804466 30.531174022957696 -1.571763501319051
Car 0 2 0 507.28850579789554 424.7977163487952 565.6011928201304 469.9876010143926 1.6513352909578 1.9674185756784 4.537640894024 -3.6146209910128553 0.17054814789490408 46.10321520492108 1.62184101445229
Car 0 2 0 297.817817950691 426.911521412778 380.90475737129935 474.1311811835985 1.6020382949005 1.9674185756784 4.537640894024 -11.03051112369551 0.30328214677558135 43.255708251646105 1.62184101445229
Truck 1 1 0 876.1256350132396 351.46376897038465 1112.0637432023532 521.2415098657019 3.5566890038978 2.6170132814801 10.625817919727 8.961723918263916 0.9248680230916211 28.77740828217388 -1.5260325052874535
Car 0 2 0 456.4530257308737 425.3001842697189 509.08521025433777 462.3760079391453 1.6513352909578 1.9674185756784 4.537640894024 -7.085344462541256 -0.12744603339128288 55.760460095233164 1.62184101445229
Car 0 3 0 862.8853524262398 446.5621367335237 1138.3288802447207 624.742793796841 1.5356164936674 1.7106691483953 4.0479424602501 4.076572268643912 1.4542966134364268 12.838539497739982 -1.5578627579969027
