Car 0 0 0 683.0243669643412 426.8516720230959 718.5855381919208 453.06155033305913 1.4301642238873 1.8229455664901 4.2437745045868 4.6236104961803415 -0.6715558092147458 68.35598415874072 -1.5531514514839055
Car 0 0 0 740.8943253191416 415.4270018095454 773.7140551888632 450.5098903974068 1.9236434612685 1.6813674848283 4.144966249355 7.780897998815659 -0.7904883219689853 65.66267840445386 -1.4766668880626046
Car 0 0 0 161.0567943203729 435.6596234125557 400.9912296708827 562.0402491800714 1.5059946884706 1.8664294092462 5.2046686457452 -5.1377434929489505 1.187725696620381 17.539170117880253 1.6645145560488892
Car 0 1 0 808.5489382113514 432.1849631905906 867.8441952031571 467.6437502146229 1.3389213633969 1.6756299522763 4.0328540367383 9.251135760075574 0.10538804146203753 48.52456858622889 -1.572582485643587
Car 0 0 0 723.1818239023518 431.0760566594494 799.4493872252847 484.9334643966626 1.4895542932512 1.8016168177323 4.2084975473741 4.328764205622139 0.5614980036399093 35.89316883990141 -1.571763501319051
Car 0 2 0 491.9727943497463 421.2111673871154 559.1219738894267 472.2233977606112 1.6513352909578 1.9674185756784 4.537640894024 -3.5805039746814447 0.2102658315127131 40.78857318424585 1.62184101445229
Car 0 2 0 255.74042624605363 429.76943408954776 351.29604491741657 476.8251538236842 1.4162265405309 1.9674185756784 4.537640894024 -11.26363625208572 0.34997596482808696 39.281818704472066 1.62184101445229
Truck 1 1 0 846.0416113177354 363.3952404221849 1027.3852538720778 502.7938124462882 3.5695605378792 2.6170132814801 10.625817919727 9.072446269835833 0.7253828711553859 33.97845291984047 -1.5260325052874535
Car 0 2 0 442.8857252174854 423.19789665899 500.5178717647436 463.0426678955826 1.6513352909578 1.9674185756784 4.537640894024 -7.089308256419178 -0.0987701322315287 51.80967597508193 1.62184101445229
Car 0 3 0 810.8569191927751 440.4292251225472 983.59722848586 564.0449801537158 1.5993227471438 1.7106691483953 4.0255781372653 4.235551793668205 1.3360030498442006 17.96066668897638 -1.5578627579969027
Car 0 3 0 1109.9357051607203 422.3520083593221 1458.3036297068477 611.4371595513613 1.8849917364084 1.8549876218552 4.3669640084086 7.874361745461488 1.4467553950818808 13.916096676384722 -1.4918942413942835
