Car 0 1 0 668.0290439687441 420.9750904459585 695.7034964512869 442.1138496814572 1.4104955696955 1.7467171677429 4.050359908727 4.147486335950078 -1.5598915154166852 81.69034671743879 -1.5549012626397778
Truck 0 1 0 -84.99838110542021 366.7497692009885 186.7662651531657 515.715780242958 3.056330599279 2.3418939796731 6.4131623744006 -13.10057982237744 0.9105838682719012 26.17985294562783 1.7335262415275903
Car 0 0 0 -170.75511368635284 426.783431568168 288.40410240948023 709.4652718864725 1.8861575740657 1.7597626756884 4.4861448141954 -4.682624235688488 1.6321467121241955 10.17366880659946 1.6253662848034898
Car 0 0 0 687.6707948574008 427.4709992130438 730.0159632872136 458.4782756242951 1.4301642238873 1.8229455664901 4.2437745045868 4.34632861065435 -0.3155947279283491 58.19362673395957 -1.5531514514839055
Car 0 0 0 754.3343611696703 415.1549732739964 796.004944056645 451.88440723330496 1.6180393740911 1.6813674848283 4.144966249355 7.189432816974626 -0.6004253098901045 53.53553741456219 -1.4766668880626046
Car 0 1 0 386.5255513709826 427.9870287213676 501.7027078280393 498.5337794486198 1.5059946884706 1.8664294092462 4.9049233310688 -4.514178397013112 0.7076611754311631 28.5339215287147 1.6645145560488892
Car 0 1 0 846.0632918943318 428.6864491672251 925.321634763243 478.8159095294479 1.524768361584 1.6756299522763 4.0328540367383 9.014808907640726 0.42581839950831946 38.75800811082607 -1.572582485643587
Car 0 0 0 745.2342594202247 431.8494324285459 855.066030835618 510.5354989606597 1.5779905286951 1.812715073283 4.2084975473741 4.0743054735243955 0.9312472818008792 26.530102287429685 -1.571763501319051
Car 0 2 0 518.6584128569325 423.4425724952928 571.2984622969001 464.5435270745601 1.6513352909578 1.9674185756784 4.537640894024 -3.57127294349828 -0.035089935899141264 50.32109981174429 1.62184101445229
Car 0 2 0 329.17996554635624 427.3609912278721 402.7109657415096 467.2728975538925 1.470877056522 1.9674185756784 4.537640894024 -10.92009917665777 0.06829591703885371 47.16457871294243 1.62184101445229
Truck 1 2 0 899.6827689367722 334.3687555330041 1204.5007204233332 539.8375138430412 3.5848750086787 2.7567930269808 10.625817919727 8.790593251701257 1.0445543838702374 24.875677652378787 -1.5260325052874535
Car 0 2 0 464.8917882338179 420.02049982607184 514.2462018641879 454.6762725106859 1.6513352909578 1.9674185756784 4.537640894024 -7.122156664670633 -0.5189633076486786 58.82722847731797 1.62184101445229
Car 0 3 0 934.8129971838644 448.9841942040143 1421.0199370539 739.0953735216585 1.5356164936674 1.7106691483953 4.4678440346587 3.935540819808645 1.5414404337207837 8.94917821631683 -1.5172690300339515
