Car 0 1 0 670.9271163908486 425.5252529284023 700.0505182160513 447.8957265836084 1.4104955696955 1.7467171677429 4.050359908727 4.218517309911842 -1.0994771934057177 78.11642438579106 -1.5549012626397778
Truck 0 1 0 5.9380072303317775 375.4897350209352 234.03376126109487 503.7609943901901 2.9419225019798 2.3418939796731 6.239833661579 -12.730656778097833 0.7704111793968466 28.775947669087465 1.7335262415275903
Car 0 0 0 120.60465359084752 418.8165347868826 384.43812351880536 601.7764599301203 1.8861575740657 1.7597626756884 4.4861448141954 -4.509579740709815 1.3825023693315055 14.319624180590221 1.6253662848034898
Car 0 0 0 689.5106777705643 429.70507234689546 734.5974936852012 462.7928897474739 1.4301642238873 1.8229455664901 4.2437745045868 4.258279094762095 -0.09985426144739984 54.950896211846654 -1.5531514514839055
Car 0 0 0 756.5816945168905 419.97604862561445 801.7866035469137 465.2357730374479 1.8422217054015 1.6813674848283 4.144966249355 6.853583331055841 0.008298204407403281 49.74649966945876 -1.4766668880626046
Car 0 1 0 428.00770723482 429.6039493663173 518.8410006703297 491.81499270258695 1.5059946884706 1.8664294092462 4.9049233310688 -4.291413993461572 0.6452559701382061 32.2237225240989 1.62184101445229
Car 0 1 0 860.2525186288804 430.6092107833116 948.8270823193296 485.95689651403626 1.5304677831904 1.6756299522763 4.0328540367383 8.856183131846349 0.5929340125960719 35.549423310503386 -1.572582485643587
Car 0 0 0 756.0932786927989 432.2216864820539 883.2521279324897 526.0278728039133 1.6585556430632 1.812715073283 4.2084975473741 4.003803634511764 1.1010252130069125 23.56734749633966 -1.571763501319051
Car 0 2 0 525.5633379653448 423.0044790726671 574.5350166741115 460.1454207499854 1.5911081917023 1.9674185756784 4.537640894024 -3.5673618948093955 -0.2311899974915536 53.59379509971727 1.62184101445229
Car 0 2 0 347.7216999989757 429.631258988864 415.644562186832 466.1328303445843 1.4162265405309 1.9674185756784 4.537640894024 -10.874558869704172 0.03244791008446296 49.97303588287699 1.62184101445229
Truck 1 2 0 926.8856065774836 331.3427265429438 1306.5613543763916 556.0934199799098 3.3062577800249 2.7567930269808 10.625817919727 8.698679876540869 1.072131869921728 21.81494701069799 -1.5260325052874535
Car 0 3 0 1026.0202770936896 463.0587169133649 2042.356131101557 1055.047917842817 1.7156031450921 1.7106691483953 4.6282281794926 3.8414683073020135 1.8637393091404595 6.06524477412446 -1.5172690300339515
