Truck 0 1 0 -115.6144561665501 364.2300108157739 173.92987584581402 512.8602873695427 2.9419225019798 2.3418939796731 6.5864910872223 -13.192665064691147 0.8098570463300928 25.462761132524953 1.7335262415275903
Car 0 0 0 -326.9034415689745 417.43798439185485 243.853657191563 743.2688600279512 1.8861575740657 1.7597626756884 4.4861448141954 -4.775595433426638 1.5760968716183352 8.996359238607416 1.6253662848034898
Car 0 0 0 686.2603312931103 429.8544063183092 727.7091029221828 460.4538200090854 1.4301642238873 1.8229455664901 4.2437745045868 4.328849195551127 -0.21741268776319816 59.26652928238832 -1.5531514514839055
Car 0 0 0 752.3560961791802 420.8492677923175 792.7336978880973 451.83210991532894 1.3709812946878 1.6813674848283 4.144966249355 7.253146485782769 -0.6159616068976697 54.95702646107718 -1.4766668880626046
Car 0 0 0 374.0405689906144 429.2081305808464 495.5386440653366 503.1071161671965 1.5059946884706 1.8664294092462 4.9049233310688 -4.556395250591633 0.7743814911327901 27.425379603414495 1.6645145560488892
Car 0 1 0 841.8736253501985 431.83651068762725 918.5352315705032 481.21512898371714 1.5340774168744 1.6756299522763 4.0328540367383 9.060580167041982 0.522781195513151 39.78030563057909 -1.572582485643587
Car 0 0 0 742.2914797488878 437.41059143103433 847.2495556965057 508.60732766834616 1.4571428571429 1.812715073283 4.2084975473741 4.1049969509666875 0.9311418883029441 27.538536240014512 -1.571763501319051
Car 0 2 0 516.7845897566725 422.119806218118 570.5294890023092 463.8997140632708 1.6513352909578 1.9674185756784 4.537640894024 -3.5623621434307124 -0.0644797965321031 49.40063912456025 1.62184101445229
Car 0 2 0 322.06833933227574 429.2762274720611 397.7593218373103 468.9059709611408 1.4162265405309 1.9674185756784 4.537640894024 -10.935989631662277 0.12821524710772364 46.16636880184701 1.62184101445229
Truck 1 2 0 895.8343220480835 337.2458882184524 1183.9874030347005 530.9632818352941 3.5477260448582 2.7567930269808 10.625817919727 8.922510603993842 0.9482320523994183 25.846269523197495 -1.5260325052874535
Car 0 2 0 461.8634971586645 425.1544959314155 512.0244365014759 460.6513991147253 1.6513352909578 1.9674185756784 4.537640894024 -7.172549332140387 -0.21358611064583147 58.122651726280765 1.62184101445229
Car 0 3 0 908.0549911080508 445.4165166633939 1326.011740011033 711.3435776260326 1.6474381085914 1.7106691483953 4.2268570441286 3.942874527636138 1.5996327656595541 9.846829973931795 -1.5578627579969027
