Car 0 1 0 669.0888236202852 424.6587004965226 697.2832151030165 446.3418858128949 1.4104955696955 1.7467171677429 4.050359908727 4.175030790586294 -1.237849953012078 80.3683900039888 -1.5549012626397778
Truck 0 1 0 -52.34423893129656 373.2216129851336 201.05383521164916 511.0861375183638 2.9419225019798 2.3418939796731 6.239833661579 -12.99495601349446 0.8605744725036335 27.00179557441966 1.7335262415275903
Car 0 0 0 -28.33216889557661 423.0583810578378 330.5946461255354 655.3945076175324 1.8861575740657 1.7597626756884 4.4861448141954 -4.6504544845625455 1.532829966609875 11.827503775033763 1.6253662848034898
Car 0 0 0 689.1792583682593 427.7108321180437 732.4767684833608 459.3513308255016 1.4301642238873 1.8229455664901 4.2437745045868 4.365302348502319 -0.2688424951811167 57.103382499442546 -1.5531514514839055
Car 0 0 0 755.7222862557544 418.7557737804002 798.4899266963664 456.62699581682506 1.6180393740911 1.6813674848283 4.144966249355 7.1202521569248685 -0.37458014730450884 52.35627170567227 -1.4766668880626046
Car 0 1 0 399.8977699308474 432.169502058976 508.3130407571509 500.0191750491322 1.5059946884706 1.8664294092462 4.9049233310688 -4.469907956359131 0.7880335971752259 29.86217286519898 1.6645145560488892
Car 0 1 0 849.3005456101831 429.5505307496568 931.1900805753418 483.1871760723885 1.5888260809773 1.6756299522763 4.0328540367383 8.929639509628931 0.551150385780673 37.74751026488946 -1.572582485643587
Car 0 0 0 750.7653836568182 433.0894330856976 866.033981140487 509.489954670388 1.4571428571429 1.812715073283 4.2084975473741 4.107860091456674 0.8673476771250433 25.57183421597323 -1.571763501319051
Car 0 2 0 521.6023053830909 422.83418811448 572.8497114461944 462.908663388799 1.6513352909578 1.9674185756784 4.537640894024 -3.5527340793263495 -0.10499582097953769 51.485678041355456 1.62184101445229
Car 0 2 0 334.81192204186203 430.993314082702 406.6123196292206 469.2199062879735 1.4162265405309 1.9674185756784 4.537640894024 -10.906339779713088 0.1522865702223017 47.976616060686155 1.62184101445229
Truck 1 2 0 908.4611921740814 327.3969625364221 1234.745269722336 550.4336949152876 3.697600674503 2.7567930269808 10.625817919727 8.781588538895582 1.1542016785719824 23.904701886189393 -1.5260325052874535
Car 0 3 0 970.9370502905574 456.4541018727782 1554.1747783445444 799.5841354470048 1.5356164936674 1.7106691483953 4.1241637243003 3.882415489737433 1.6124566101686773 7.770252599532422 -1.5172690300339515
