Car 0 0 0 681.0681009987027 428.7198716010349 717.1761823905622 455.54458711412224 1.4301642238873 1.8229455664901 4.2437745045868 4.437912284445374 -0.5162489713972475 67.1293162171442 -1.5531514514839055
Car 0 0 0 743.4332573287759 415.70255518342327 777.1885945679882 446.4239309923488 1.6325273478833 1.6813674848283 4.144966249355 7.780166705474992 -1.0041695199234009 64.20523965922038 -1.4766668880626046
Car 0 0 0 208.07671798925335 433.5738005404511 417.5135244848399 547.9144157042256 1.5059946884706 1.8664294092462 4.9049233310688 -5.031443806118907 1.1135545008991792 18.764323257157393 1.6645145560488892
Car 0 1 0 810.82638186669 426.6647279814658 871.8967779022157 472.4668514411085 1.7441502396106 1.6756299522763 4.0328540367383 9.161598150639895 0.2964874572689282 47.36932136437796 -1.572582485643587
Car 0 0 0 727.1340225940687 430.275082174197 806.3694275876957 489.8358380705403 1.6096620811 1.8016168177323 4.2084975473741 4.367349867708577 0.6843042745356549 34.84290388231806 -1.571763501319051
Car 0 2 0 498.465841968652 420.5630181973512 563.2947829919424 470.11273889584805 1.6513352909578 1.9674185756784 4.537640894024 -3.4789842347871245 0.1448243967460741 41.86859346290128 1.62184101445229
Car 0 2 0 269.64040964628515 427.1797152406079 362.5057389662092 473.2828296247705 1.4162265405309 1.9674185756784 4.537640894024 -10.966779853452762 0.23704975576201187 39.79917928134485 1.62184101445229
Truck 1 1 0 852.1367680170216 360.0205269508764 1043.2218448654917 501.4103589786518 3.4789625546843 2.6170132814801 10.625817919727 9.0607952920007 0.6502256212466461 32.86606595683368 -1.5260325052874535
Car 0 2 0 446.0849278446225 422.7900678224987 502.6043762412794 461.96307983879257 1.6513352909578 1.9674185756784 4.537640894024 -7.076507612110039 -0.14703848145374537 52.61378951457599 1.62184101445229
Car 0 3 0 820.5211704779688 442.8928039192717 1007.9315466118832 570.9426154641155 1.5344527731583 1.7106691483953 4.0255781372653 4.226670788578832 1.333244282469387 16.92305344400596 -1.5578627579969027
Car 0 3 0 1136.9463435497455 424.05896584189264 1539.564868684432 637.0298094194757 1.9181351670343 1.8549876218552 4.512098489517 7.83008524670382 1.54097903993472 12.902951155438716 -1.4918942413942835
