Car 1 1 0 961.0050855360208 448.46171212326686 1364.6383488370702 689.2736493850522 1.6198970807071 1.8978318435202 4.2769610409174 4.701903880318176 1.5953892689153728 10.583949445920755 -1.4862395613176056
Car 0 0 0 768.687458019772 431.2069566311472 905.4961742178632 526.2570484841176 1.5600864587045 1.8020784827661 4.5773552679405 4.1269265195652425 1.0174832339764193 22.391544369779066 -1.5528312979268366
Car 0 1 0 735.6042187277055 421.55689564635566 809.3202027851104 470.5889511760031 1.6359171347768 1.8533386293622 4.8909243705703 5.550592680885497 0.15133975328638372 42.45542912731411 -1.6039045468589326
Truck 1 1 0 954.5346711413667 339.03879950481144 1299.473001542986 510.9142328271924 3.5753256302521 2.6449874087111 11.308227204809 12.202159154100068 0.6719838362656044 28.988422043423785 -1.6555268143559576
Car 0 0 0 405.236945376714 427.4021385224401 522.6466212718533 506.7364026459054 1.5800491043133 1.8514746444494 4.8142042359467 -3.7187191926707115 0.8256191011972632 26.567457093454223 1.657262061565289
Car 0 0 0 319.2459669097347 427.3287216168941 417.1014405879721 485.0635879401213 1.537049679364 1.8276278562606 4.470676216818 -7.859960410121303 0.5290939131868753 34.45455408184814 1.64085213036849
Car 0 1 0 252.93003261746597 418.7115208765789 351.24715306890295 477.7281228903172 1.8156302908602 1.8845518982585 5.1698111761013 -11.219202402557817 0.35285635394232223 39.033788681264795 1.61042816716569
Car 0 2 0 776.6715684618215 427.0555801028453 834.1136488131489 463.8520129270664 1.4728072163274 1.8881168341981 4.5948351224604 8.226542214693529 -0.06604093208709347 51.078125865397965 -1.5365409799083076
Car 1 2 0 -587.0505100336032 450.6004257260798 39.24584064188957 691.174361799116 1.5583051173569 1.9823739901347 5.1160086611716 -8.114025821415073 1.5770150109236685 10.983430269213148 1.5961335727188892
Car 0 1 0 485.80371371130775 427.9803688345823 524.9861337234904 457.5866437032711 1.4723980458382 1.8609605217262 4.4623276169664 -6.733993242493531 -0.3863220124653603 62.88558737336017 1.5724359869001034
