Car 0 0 0 694.0912744980501 421.2671522872938 745.9252844374151 465.9878556968469 1.6864402957609 1.8787043792614 5.3732563907719 4.0356212166507115 -0.00691334859969428 47.968078252964595 -1.5158734570564236
Truck 0 0 0 810.7748135893466 379.31370781509656 906.6972705978136 462.5433584882365 3.4634243697479 2.6146864281398 8.9012369853704 10.521996672227049 -0.2552360764421383 51.01048114432149 -1.5231675142291465
Other 0 0 0 9.72985138217257 413.71686460854073 205.57034441761937 497.6045822401918 1.9373695981541 1.9363308972306 5.2112447391166 -13.554486917917908 0.6985028466899211 29.61033358881541 1.8102644448140897
Car 0 0 0 273.2540655073726 431.9307725417229 401.13759979798925 501.10785233840767 1.5491644784976 2.1266893397928 4.4070137616486 -7.525332845102167 0.825261692178794 29.57497250752694 1.6316823646221899
Car 0 0 0 500.1492197291317 425.9014700659944 560.1231575354684 470.662906940924 1.5441189276886 1.9524098016852 4.5054441549589 -3.691095415687606 0.1810614326668793 43.95040234137595 1.6093887332159902
Car 0 2 0 897.2010152060445 416.4340534741367 1015.6388191905957 490.1671825811543 1.8459597912622 1.9329737196209 4.6056978625542 9.302296972046724 0.596976680533321 31.637615047931924 -1.5467300945449545
Car 0 0 0 893.3141820511752 434.7621019685339 1130.3566276341824 586.2136350494176 1.6791723218214 1.8861013153379 4.1912480841931 5.17689781126627 1.3762364645892564 15.561847955400633 -1.5203088332007846
Car 1 1 0 1089.8790611876177 424.8836545092509 1331.9575657823711 565.8083486064855 1.7324902000151 1.8888562550781 2.8348726977324 8.134619327867938 1.249028010412442 15.764683781158329 -1.5364563915359786
Car 0 2 0 558.7155175424474 411.63694561025767 592.4686407603663 447.5074525441265 2.3177132933727 2.1042874693303 5.2458360012187 -3.3983922603167236 -1.1434826353624152 77.24621064760704 1.6030122292045892
Car 0 1 0 729.1727650813301 422.4418796868849 762.7002867428145 447.2991321182719 1.5705882352941 1.9181570907769 4.5425957764116 8.4421539045002 -1.149286601659541 77.94706216143095 -1.5217180064523486
