Car 0 0 0 722.6437554333986 423.7286331511145 778.8435289038225 464.4247809772706 1.539946424682 1.9388225625189 4.7645336123382 5.374464118358588 -0.052196094124580164 48.06357746616861 -1.5249602955384827
Car 0 0 0 156.51204110498384 425.6275409110221 329.4659935178 520.2998550727344 1.6906585836987 1.9416999700169 4.9633145511874 -8.053269390304504 0.9760427699419172 24.03494724135245 1.6157672367139897
Car 0 0 0 746.0599040400749 421.9788606477558 851.3663795366803 507.0921088654367 1.691358170455 1.8146576390593 4.6723968615408 3.9480909740984256 0.8149974255149184 26.001768183538093 -1.5158734570564236
Car 0 0 0 308.9850971461102 427.7013195024922 464.8758902534879 531.7646309282652 1.6199902527999 1.8478723358757 4.9785003297888 -4.4059023815983664 1.0350698317643392 21.433900517318953 1.6181730428980892
Truck 0 0 0 924.0690475757244 338.4319083995539 1130.459986432237 499.7488200811251 3.4972689075631 2.5403611686242 8.6866086924422 9.920336518378607 0.5606269862733706 28.623109275381662 -1.4813330687044066
Car 0 0 0 555.0268423379209 423.7931482182965 593.1346285782869 451.6193247635328 1.5441189276886 1.9524098016852 4.5054441549589 -3.1266064496789316 -0.7679544709954226 68.92685084234732 1.64924940773499
Car 0 0 0 664.805735115923 423.8245919399142 692.1329395346656 445.7041051395505 1.4181159899992 1.8020784827661 4.5773552679405 3.8527076418757096 -1.3008980211520496 80.81931173371359 -1.5268488578753605
Car 0 0 0 478.4530440839432 426.2135858524434 525.5144286114202 457.6164676301519 1.5491644784976 1.9982315944362 4.4070137616486 -6.792657972946171 -0.3768443456297636 61.737264982177315 1.6316823646221899
Other 0 2 0 378.3080088429721 417.783620685373 433.8474646143905 451.82176651293 1.6235294117647 1.9363308972306 4.3687081645289 -11.462434809938536 -0.6562405648233804 58.44539909192657 1.62954046324219
Car 0 2 0 773.2045555349487 420.1894404614864 822.3173900408 457.4555052431696 1.6861678996438 1.843096198091 4.4110291463941 8.61196003024082 -0.360610517111087 55.75027493688697 -1.5193940320668875
