Car 0 0 0 742.6475960040698 419.8585956638496 790.7479181651737 459.7450799686288 1.6410284016539 1.8420132598872 4.6291813619341 6.46492130573813 -0.2454341770091737 51.13808726332756 -1.4862395613176056
Truck 0 1 0 705.4192628512496 393.3296355146112 773.6675100419466 453.424526969192 3.746520226053 2.6449874087111 13.573648347675 7.67899383288637 -0.9592574069444988 76.5317782222422 -1.5848717738563936
Car 0 0 0 165.72083505058947 435.1279176905384 326.36326535661897 518.687302094403 1.4723980458382 1.8875173715408 4.4623276169664 -8.033193940840837 0.9739459050045232 24.06586345887681 1.6128725390523897
Car 0 0 0 762.6761265938512 429.36434879903777 861.0098394402222 505.0228007361072 1.7580639629654 1.9388225625189 4.7645336123382 5.014962041905795 0.9389931675747605 30.493492982934136 -1.5249602955384827
Car 0 2 0 840.744548466838 425.0755679106813 916.610752887093 486.8962802582147 1.8776267038869 1.843096198091 4.4110291463941 8.63208412848522 0.6701084007268282 38.186744047481184 -1.4730503549512375
Car 0 0 0 383.6865866620087 424.4594880535115 516.2579116113604 515.4259290869975 1.651212214279 1.9046716565303 5.4375028248835 -3.7255024134204433 0.8911883011317756 24.729673613412263 1.6369758983274902
Car 0 0 0 868.8103370819266 442.91215438308217 1261.1640650425552 710.6258103989222 1.691358170455 1.8146576390593 4.4858238422207 3.567610193000355 1.6178236349714932 10.072150879309435 -1.5158734570564236
Car 0 1 0 510.2260545864341 427.6928394447037 564.3784192210551 469.10750938928686 1.4883875801398 1.8158283069299 4.4151936441641 -3.5667883292229514 0.1386151189354798 45.86257650543859 1.6181730428980892
Truck 1 2 0 1171.7821019289688 211.02356418336623 2172.220741485556 722.0309015493956 3.2882788865546 2.5403611686242 8.7615947731791 8.882720786411328 1.432209036689971 11.684640026129468 -1.4604911972968067
Car 0 0 0 678.3800571720116 426.9647059148881 717.1596741882875 455.73619572538337 1.4181159899992 1.9179263852296 4.5773552679405 4.049337991877169 -0.48722449250926886 62.52324115368696 -1.5268488578753605
