Car 0 0 0 729.7502711979511 420.2227717987197 792.4061358063989 470.1373896767325 1.7476774135233 1.9388225625189 4.7645336123382 5.307039720683827 0.1528206992846069 43.920957601482705 -1.5249602955384827
Car 1 2 0 -1547.85127562457 447.36783464561614 95.5555024564518 1152.0727845371164 1.6852489784397 1.9270795583718 4.7977966101914 -4.754539313961726 1.7294199469696319 5.429873114909633 1.6369758983274902
Car 0 2 0 247.0177344050784 426.732588077856 375.9163457451496 499.7412132271887 1.5762369783227 1.9416999700169 4.4829937881693 -7.851019715437356 0.7446702327382387 28.322581797868036 1.6157672367139897
Car 0 0 0 760.4115063625839 426.0682098838682 890.2458354940402 527.4129826638318 1.6719154100365 1.8146576390593 4.8584487891145 3.875211359184543 1.0212097139706806 22.326388367378826 -1.5158734570564236
Car 0 0 0 396.6286295337316 426.1553848468096 505.2117446024677 501.7541975006576 1.5576827927351 1.8478723358757 4.7253562452233 -4.1593641061269855 0.745390743503706 27.32976805477657 1.6181730428980892
Truck 1 0 0 957.4862517437878 330.6940440029497 1217.2253192499315 520.3270127343823 3.4465021008404 2.5403611686242 8.549210663915 9.703025575651914 0.8104929754853155 24.632065392290418 -1.4813330687044066
Car 0 0 0 495.24744474706847 423.4405762954807 537.025312401263 451.66137271535393 1.5491644784976 1.9982315944362 4.4070137616486 -6.6302707235501845 -0.755368586451787 68.03568522192927 1.6316823646221899
Car 0 1 0 723.6216639324546 422.108058025681 759.0631332057884 451.9495200202344 1.5893144035471 1.8420132598872 4.6291813619341 6.867237458844617 -0.7240803219154359 65.99928942315368 -1.4862395613176056
Car 0 0 0 666.4780584469743 425.41405798426536 695.531954529252 448.6902340996865 1.4181159899992 1.8020784827661 4.5773552679405 3.813883535689642 -1.0365378927615292 76.41149031174196 -1.5268488578753605
Car 0 0 0 564.4041019672829 421.6581033313319 599.1206006134294 447.15544215923984 1.5441189276886 1.9524098016852 4.5054441549589 -2.8777868413064986 -1.1132224630760028 74.65972244721968 1.64924940773499
Other 0 2 0 404.1554266271026 415.79958268272566 453.07288863260027 446.4870702047484 1.6235294117647 1.9363308972306 4.3687081645289 -11.323616159647742 -1.0091298437464027 64.3187897442737 1.62954046324219
Car 0 2 0 783.8328573649726 427.2255909456801 838.2984346550977 465.5704581777352 1.5599808155421 1.843096198091 4.4110291463941 8.541426345663197 0.01708070794743105 51.372881861871754 -1.5193940320668875
