Car 0 1 0 737.6005070146916 427.6653986899407 782.955901590537 463.35707044479904 1.5028774071624 1.8420132598872 4.6291813619341 6.466485593136922 -0.0836397695167047 53.55259608664966 -1.4862395613176056
Truck 0 1 0 698.2173721893014 396.4845838116346 765.3697339191772 451.74612831511257 3.5585924369748 2.6449874087111 11.761311433382 7.3218266879067615 -1.0332402909324225 78.02508298135015 -1.6179723426568746
Car 0 0 0 119.54544262753018 435.0974239891241 309.023744916947 527.5466605081698 1.4723980458382 1.8875173715408 5.0838661064724 -8.099593306771068 1.021367086860231 22.539729133932955 1.6128725390523897
Car 0 0 0 755.6048821153325 427.4520563189159 846.3723438247711 499.0372110771591 1.7892236112916 1.9388225625189 4.7645336123382 5.036140808591723 0.8526238151990464 32.45359059149849 -1.5249602955384827
Car 0 1 0 830.0240939592583 424.54942971074985 900.4558036461336 479.48907281196017 1.7574554081947 1.843096198091 4.4110291463941 8.61901388350209 0.4617191083586144 40.23257616357799 -1.4730503549512375
Car 0 0 0 339.1147836929204 427.98089205344667 497.53119816752354 533.8865428829624 1.651212214279 1.9046716565303 5.4375028248835 -3.8503738093247195 1.0679257995948168 21.794800797595755 1.6369758983274902
Car 0 0 0 847.9785947399515 441.5502789858319 1161.4582515054549 664.7578807878929 1.7108009308735 1.8146576390593 4.4858238422207 3.6645065966986916 1.5920652283421786 11.70795875522592 -1.5158734570564236
Car 0 1 0 500.95774506714105 429.52653582928895 559.5449679483504 474.11295129289215 1.4883875801398 1.8158283069299 4.4151936441641 -3.60273137207032 0.3037126343878403 42.932620280785905 1.6181730428980892
Truck 1 2 0 1125.669742662704 251.0857499895262 1853.486821777152 652.3088551068494 3.2882788865546 2.5403611686242 8.5886442363408 9.023932588056434 1.3190216053580601 13.556801324136055 -1.4604911972968067
Car 0 0 0 677.0493033799961 425.99911391096623 714.4577616293197 453.7557154368382 1.4181159899992 1.9179263852296 4.5773552679405 4.067372415395868 -0.6100240360196771 64.57074529808622 -1.5268488578753605
