Car 0 0 0 819.1356569595366 430.61012754927 958.0396831297448 527.7780700437769 1.584213057599 1.8978318435202 4.2769610409174 5.041371571010062 1.037948460056443 21.86406612048572 -1.4862395613176056
Car 0 0 0 719.3537233013087 422.2382542892074 798.1004347609698 483.79933304240615 1.6691197786702 1.8020784827661 4.8961353669578 4.11421804763513 0.48188408410573846 34.9287345087278 -1.5528312979268366
Truck 0 1 0 824.8990006764419 365.191957337658 988.552518198238 469.0998455536401 3.5083928571429 2.6449874087111 11.138320619094 10.583749048058259 -0.1057251766941124 43.40680826426505 -1.6227279638691476
Car 1 1 0 -297.11421187380904 456.5307797655162 299.4686338585319 754.4243965910667 1.4680271090189 1.8514746444494 4.8142042359467 -4.317423396123183 1.5587293953877164 8.88779791292337 1.64390809062429
Car 0 2 0 91.02332741953944 439.1008193901655 282.8266401555755 533.2272546697002 1.4783044982699 1.8276278562606 4.470676216818 -8.399254180188345 1.119220189841952 21.828945388704376 1.64085213036849
Car 1 1 0 -301.8382909038356 424.1412531808892 56.47581188547258 557.7302363677495 1.7192251674934 1.9399798952661 5.8556238554461 -11.992331467372924 1.1672228124430737 18.57766151991295 1.61042816716569
Car 0 1 0 440.6540116943649 429.0864980069985 494.1650756571418 467.14441675666353 1.4723980458382 1.8719073483246 4.4623276169664 -6.974309210094069 0.07461879861702131 49.55296150556702 1.5724359869001034
Car 1 1 0 1019.817216398465 446.8015499569327 1940.3871145142568 918.5411503021256 1.6417753407807 2.0134016969949 4.7645336123382 4.179738625540635 1.6623153925484024 6.799344126245895 -1.4927600838721145
Car 1 3 0 1220.997283831486 441.5401446557777 1741.2209395174732 665.1242401453817 1.5599808155421 1.8323178577513 4.4110291463941 7.84000295242177 1.4533767527588652 10.9099811439749 -1.4730503549512375
Car 0 0 0 562.2447857792065 419.6089110212012 600.7869454849084 448.3452863964421 1.4943569013882 1.9046716565303 4.3767778419991 -2.47609585802884 -0.9022067661797084 64.09684295971965 1.6369758983274902
Car 0 1 0 699.4498896726004 421.18690325120536 745.3918936781091 457.1790996208522 1.7601652112205 1.8141246814211 4.6401727975872 5.244582980394938 -0.4030835823078637 60.400219745015 -1.5976777494680345
Car 0 1 0 512.21944230299 422.347379536124 545.4314121613058 445.5795560374119 1.4962846266162 1.9416999700169 4.2339385777154 -6.830125041463651 -1.2780099466747643 79.17581651210348 1.6157672367139897
