Car 0 1 0 730.7570065132045 425.518559472572 782.4912907701017 460.3950563121925 1.5028774071624 1.8420132598872 4.6291813619341 6.40987574442654 -0.22524494485313248 54.602955603104654 -1.570146897081261
Truck 0 1 0 694.2593440603868 392.9738461207471 759.9145380710593 447.11593716040267 3.5418592436975 2.6449874087111 11.817946961954 7.097449921608893 -1.350096238064694 79.14136906793674 -1.6179723426568746
Car 0 0 0 94.75833520540846 437.531704216852 289.1899951800865 533.2508274765358 1.4723980458382 1.9319295449888 4.4623276169664 -8.129677855492256 1.089663561652902 21.40341107014363 1.6128725390523897
Car 0 0 0 752.2632020694656 421.38272046333566 839.5910712567321 485.3294689849672 1.6645850179868 1.9388225625189 4.7645336123382 5.044812424928207 0.5019141735833882 33.44329049236389 -1.5249602955384827
Car 0 1 0 824.9071976575264 418.5946998784467 893.0543761264964 471.8771612412481 1.7673291378273 1.843096198091 4.4110291463941 8.5894494523693 0.20872822480346803 41.15679671492853 -1.4730503549512375
Car 0 0 0 312.1713622976593 426.2735441337388 487.1283459479819 540.5110953092076 1.651212214279 1.9046716565303 5.4375028248835 -3.896579603339396 1.0779191615132806 20.32214657542086 1.6369758983274902
Car 0 0 0 828.762972476956 442.0513993241565 1106.3066036253742 633.0480858555431 1.6258082924726 1.8729859203148 4.4858238422207 3.657314535742713 1.4933789859122923 12.827286817179205 -1.5158734570564236
Car 0 0 0 496.06230382668446 425.9077176599888 557.0052419654285 471.66823394165215 1.4883875801398 1.8158283069299 4.4151936441641 -3.620887978569869 0.20203952871886272 41.547662419166535 1.6181730428980892
Truck 1 1 0 1104.2362748940866 263.8451925264852 1748.2245065400798 630.0070927074299 3.2882788865546 2.5403611686242 8.5886442363408 9.054433958152584 1.266509799334135 14.429602026221067 -1.4604911972968067
Other 0 2 0 445.5769674285192 417.6203283174187 484.42769594006006 443.2651755939056 1.6235294117647 1.9363308972306 4.3687081645289 -11.034052607639513 -1.4016192024997656 76.84130611054971 1.62954046324219
Car 0 0 0 676.3446660969222 425.4878372030349 713.032089759983 452.71069397604487 1.4181159899992 1.9179263852296 4.5773552679405 4.077391539572984 -0.6782460046366309 65.70824760053124 -1.5268488578753605
