Car 0 0 0 789.3119490123934 421.2017921754833 884.6062088118687 493.358447153798 1.6410284016539 1.8420132598872 4.6291813619341 5.492923919581599 0.6206181390060004 29.361821488404065 -1.4862395613176056
Car 0 0 0 700.3424256560988 426.72161170489096 761.2349884624489 470.07729825688506 1.4181159899992 1.8020784827661 4.5773552679405 3.957214959809802 0.14400957232180567 42.245926801490604 -1.5528312979268366
Truck 0 1 0 780.3714634498278 380.1897895285912 899.4871022528573 464.0699318361987 3.4916596638655 2.6449874087111 10.571965333377 9.751454170039384 -0.2442371108628288 51.92090238403887 -1.6227279638691476
Car 1 1 0 -300.46691991211776 446.3388873253813 103.4532015437984 607.4808874455124 1.4783044982699 1.8276278562606 4.7523031577084 -8.71404331574173 1.3914250006212583 14.087704218997107 1.64085213036849
Car 0 0 0 397.2292094311262 426.7752293080139 468.4610079541088 471.36520688443386 1.4723980458382 1.8875173715408 4.4623276169664 -7.2491991888945355 0.19585144536572707 42.34261129115243 1.6128725390523897
Car 1 1 0 882.3765609520875 429.997940093318 1204.097445552597 627.2085070830883 1.695744666313 1.9388225625189 5.6068350902337 4.6022429291951745 1.4026845296556818 13.370569558446228 -1.4927600838721145
Car 1 2 0 1017.841773735114 425.3366454843971 1234.8144015445728 546.286210648078 1.6581407007788 1.8323178577513 4.4110291463941 8.143429974437508 1.1087229167492625 18.57958065880926 -1.4730503549512375
Car 0 1 0 689.117539051567 421.16885917906137 723.4525778094581 450.03776961423546 1.6629799604301 1.8141246814211 4.6401727975872 5.146665618950108 -0.8891264579545028 70.92417772230293 -1.5432741903350367
Car 0 0 0 540.6623224351829 421.8087356322548 588.7746797652264 457.0747410830284 1.4943569013882 1.9046716565303 4.3767778419991 -2.8252158759655654 -0.3647664552043922 52.890891164095166 1.6369758983274902
Car 0 1 0 495.2309484285128 419.4943985585871 533.7273711455475 445.72638840668736 1.4962846266162 1.9416999700169 4.2339385777154 -6.923911191937983 -1.1314734564468447 69.91427045508301 1.6157672367139897
