Car 1 1 0 -690.7858131366517 434.07548159018506 256.040209549038 899.7306469285933 1.7647058823529 1.964771397917 5.3594200625923 -4.383652935669895 1.6781800043012054 7.354153658812396 1.634883921895689
Car 1 2 0 1124.3606103275313 475.4284754008849 2144.3112852999343 967.5160121784317 1.4747687632614 1.8978318435202 4.0131225351465 4.475063199469003 1.6915509863577074 6.01951204993618 -1.4862395613176056
Car 0 0 0 795.2821405350744 438.78529362114506 978.9061856453508 561.6336358865918 1.4877357555742 1.7210861914059 4.5773552679405 3.9222507991578492 1.2161073335929602 17.462979176172848 -1.5528312979268366
Car 0 1 0 763.3343124626753 422.8458058945369 857.1485386830096 482.3465491955371 1.6232630369923 1.8533386293622 4.8909243705703 5.777217358286803 0.4437153170995325 35.295171658891235 -1.6039045468589326
Truck 1 1 0 1060.338372928201 332.30256191639205 1597.000096947922 548.0921313332583 3.2734047832281 2.6449874087111 11.194956147665 12.96696311929649 0.9656135663194174 22.640743096340554 -1.6555268143559576
Car 0 0 0 465.5848012064925 427.7518125752966 554.6980300305249 485.46813112335406 1.5007001909798 1.8514746444494 4.8142042359467 -3.4274010117748195 0.5223538812827155 34.091700266315314 1.6861800102353897
Car 0 0 0 371.3330795492449 426.5817286297765 450.9713493968964 474.1791548016144 1.4783044982699 1.8276278562606 4.470676216818 -7.594299801860446 0.27211407055358555 39.886672272944345 1.64085213036849
Car 0 2 0 334.1142920651477 420.6173056367252 403.8297359332181 465.9451744468975 1.7337986657464 1.8845518982585 4.5377652956375 -10.889413941176002 0.01579687514356512 47.58577087794817 1.61042816716569
Car 0 2 0 797.0767112978822 428.6174543659892 865.7743885991877 471.3277951399031 1.4728072163274 1.8881168341981 4.5948351224604 8.187173561383437 0.20748551863714865 44.48771192558109 -1.5365409799083076
Car 1 3 0 -49.789805421178016 440.2839315761227 221.92209261041592 567.3704154494998 1.5 1.9823739901347 4.4314598342541 -7.951312659706959 1.2618698256321472 17.003898947615504 1.5961335727188892
