Car 0 0 0 812.6402384058307 421.3561750074268 938.7104615600113 515.2060231063417 1.7090880287781 1.8978318435202 4.2769610409174 5.200429975527947 0.898952652889982 23.639497619414367 -1.4862395613176056
Car 0 0 0 715.098711833744 422.9285227733413 788.1311936871533 478.01759470973934 1.5725798599506 1.8020784827661 4.5773552679405 4.086138922320644 0.3477529285680773 36.54106029033146 -1.5528312979268366
Truck 0 1 0 810.1386342221083 371.3807476288259 964.2212872608854 470.7156618981505 3.5418592436975 2.6449874087111 11.591404847667 10.381568346012012 -0.04767651333415493 45.746531004429194 -1.6227279638691476
Car 1 2 0 -930.227112726976 474.37113828902005 186.80646404928672 983.564597176529 1.4680271090189 1.8514746444494 4.8142042359467 -4.467477115052968 1.710310122878221 6.375871735660155 1.64390809062429
Car 0 2 0 14.011819112237276 439.8200383479827 241.589054813934 546.3678564704412 1.4783044982699 1.8276278562606 4.470676216818 -8.510944721912063 1.180009953595653 19.569403421966797 1.64085213036849
Car 0 1 0 429.3066921515142 426.602617525548 488.5153334800618 465.9697023311845 1.4723980458382 1.9930307649809 4.4623276169664 -7.074393658989695 0.017617468874886882 47.730778377186475 1.5724359869001034
Car 1 1 0 974.5399448310984 431.8232486766992 1635.4992374111523 789.9176553472088 1.7144811868751 1.9388225625189 5.3260679309352 4.394734759932272 1.5743111851338991 8.555810961436872 -1.4927600838721145
Car 1 3 0 1159.2391918453652 437.1436350786931 1557.4331254942267 618.5182513839745 1.5599808155421 1.8323178577513 4.4110291463941 8.026397385164644 1.3591921838966952 12.81995670842981 -1.4730503549512375
Car 0 0 0 557.4357482927286 420.7265155550807 598.0812349710353 450.95833538710326 1.4943569013882 1.9046716565303 4.3767778419991 -2.5665094142282654 -0.7273189690487885 61.18867482132696 1.6369758983274902
Car 0 1 0 695.6401412321824 420.2170013981191 739.4239714793025 454.6584391674877 1.7601652112205 1.8141246814211 4.6401727975872 5.187470462016881 -0.5514069534499185 62.88284272843991 -1.5976777494680345
Car 0 1 0 508.3104527746776 423.1500653265405 542.7260014401005 447.1585743560362 1.4962846266162 1.9416999700169 4.2339385777154 -6.853278279691286 -1.1367769969131851 76.82125387832956 1.6157672367139897
