Car 0 0 0 720.9279955033777 426.75118577961325 775.6924559180634 466.83766841122326 1.539946424682 1.9388225625189 4.7645336123382 5.386741928326751 0.05159434705558219 49.10858237189041 -1.5249602955384827
Car 0 1 0 133.82010124231954 429.14088956140085 312.9436458991169 523.0280724850526 1.5762369783227 1.9416999700169 4.4829937881693 -7.983160616245637 0.9795241443556897 22.631417551478982 1.6157672367139897
Car 0 0 0 741.0974686287559 422.5697597607762 841.2027431401881 503.5035832561401 1.6719154100365 1.8146576390593 4.6723968615408 3.9251005442798745 0.7753599117971969 26.991268012170494 -1.5158734570564236
Car 0 0 0 275.8189506160338 427.3029664487793 451.8133226093298 541.2621279098464 1.6465825332636 1.8478723358757 4.7249591564633 -4.456764496759351 1.1001838115804334 19.807930512709934 1.6386518097858893
Truck 0 0 0 916.994477474915 347.56347392455353 1110.189105718782 502.9620260636425 3.5311134453782 2.5403611686242 8.549210663915 9.979975936939145 0.6776256242825504 29.704946793030842 -1.4813330687044066
Other 0 2 0 370.5907797669319 418.37081338589184 428.1585842867128 453.4142020835868 1.6235294117647 1.9363308972306 4.3687081645289 -11.498928372643924 -0.5634707028384662 56.901363404969395 1.62954046324219
Car 0 0 0 555.0125001759338 422.18222215302734 593.6636776970184 452.6031833285579 1.6800903245917 1.9524098016852 4.5054441549589 -3.0655881188772875 -0.7006841146310623 67.97153468392821 1.64924940773499
Car 0 0 0 664.4324588627899 423.4698149754286 691.3772315641413 445.0401845272781 1.4181159899992 1.8020784827661 4.5773552679405 3.8619753317395458 -1.3640033421226767 81.87150136347432 -1.5268488578753605
Car 0 0 0 475.0219900093927 426.775661874068 523.1815918888054 458.8328604110585 1.5491644784976 1.9982315944362 4.4070137616486 -6.82208065164899 -0.30826016084708113 60.59606457550313 1.6316823646221899
Car 0 2 0 770.9710531892266 419.7627137809458 818.9833567382539 456.3031215073802 1.6861678996438 1.843096198091 4.4110291463941 8.628462898242269 -0.4214718204781616 56.76413352416786 -1.5193940320668875
