Car 0 0 0 817.0597834077831 427.0588343717061 954.7232751104212 520.603304157401 1.6045469702081 1.9893344502614 4.2769610409174 5.190566725366999 0.9552332357218327 22.72094778819996 -1.4862395613176056
Car 0 0 0 717.5801094209415 425.6385300464303 792.8259732929545 481.2245963888337 1.5339638924627 1.8020784827661 4.5773552679405 4.101186208519897 0.43185515741885705 35.68306188217867 -1.5528312979268366
Truck 0 1 0 821.5820472960802 368.9185539380565 975.3377801652632 471.2673747208146 3.5585924369748 2.6449874087111 10.571965333377 10.512100288085351 -0.0060364867903879155 44.2473122713622 -1.6227279638691476
Car 1 1 0 -559.2179360030374 464.8310908260096 244.24285760852803 847.394755409 1.4680271090189 1.8514746444494 4.8142042359467 -4.422343993469951 1.6389048066982803 7.5622596362789825 1.64390809062429
Car 0 2 0 51.38330224421156 437.852097577193 261.6435636376946 538.1620340350406 1.4783044982699 1.8276278562606 4.470676216818 -8.44384387274994 1.1198650410028885 20.56518232734692 1.64085213036849
Car 0 1 0 433.4535319095247 429.72157374326457 492.378614651704 468.6746371741348 1.4723980458382 2.0423846246899 4.4623276169664 -7.026953919086267 0.13321978666130924 48.581203594478964 1.5724359869001034
Car 1 1 0 988.826879928131 448.34305183747017 1749.3875416034289 836.6864320976953 1.6082416240106 2.1257804524761 4.7645336123382 4.262894301753377 1.6309459705334728 7.665082092191067 -1.4927600838721145
Car 1 3 0 1201.072342175377 439.81489093453695 1657.501016074952 639.561242856371 1.5599808155421 1.8323178577513 4.4110291463941 8.120191367337188 1.4132841267727183 11.905742144347471 -1.4730503549512375
Car 0 0 0 559.7857320517206 420.1812824658044 599.4011974456668 449.6814896108061 1.4943569013882 1.9046716565303 4.3767778419991 -2.523415102394906 -0.8106767041299088 62.57481103682301 1.6369758983274902
Car 0 1 0 698.2383602075008 420.6661712842985 743.0905007671462 455.8327970393207 1.7601652112205 1.8141246814211 4.6401727975872 5.261442431491501 -0.4807209887485312 61.69405046018769 -1.5976777494680345
Car 0 1 0 510.4829079512588 422.7042893627965 544.2284441815649 446.2810353716907 1.4962846266162 1.9416999700169 4.2339385777154 -6.840588524124183 -1.2141835174555888 78.11173532184024 1.6157672367139897
