Car 0 0 0 745.6411608505084 421.4758843435666 796.5849213592915 463.37762251652 1.631160473476 1.8420132598872 4.6291813619341 6.344037388074508 -0.08840050312656206 48.69662316884356 -1.4862395613176056
Car 0 0 0 678.4445468812473 427.6877237780546 716.397569312122 457.5242109454195 1.4181159899992 1.8020784827661 4.5773552679405 3.8958016297008706 -0.38132798334294743 60.45140416036643 -1.5268488578753605
Truck 0 1 0 710.4558277904623 390.5559834625231 781.1811904751329 451.7129045602773 3.675724789916 2.6449874087111 13.06392859053 7.812264221919372 -1.0283039155755642 73.78367219880624 -1.5848717738563936
Car 0 0 0 205.3343704369579 432.7777704162375 354.26243875213567 510.4408221649532 1.4723980458382 1.8875173715408 4.9404341473557 -7.919299480023998 0.8738823361501735 26.0604448280607 1.6128725390523897
Car 0 0 0 769.2359641103646 416.02929644671593 876.5289265352945 496.117257453212 1.7788370618495 1.9388225625189 4.7645336123382 4.944828074730538 0.6509035529359303 28.45529853464541 -1.5249602955384827
Car 0 2 0 848.1506061698036 418.7452824622029 929.3776334683052 477.1887762297339 1.6883393007663 1.843096198091 4.4110291463941 8.507035613791206 0.32817660214099204 36.22054463359339 -1.4730503549512375
Car 0 0 0 417.8407977641001 424.75402866235305 530.0651872721751 505.1501663796449 1.651212214279 1.9046716565303 4.9431843862578 -3.5692414507821106 0.8081794209863028 27.22038785482363 1.6369758983274902
Car 1 1 0 909.1969006279228 438.0414856400597 1462.165534978696 787.8783465925524 1.691358170455 1.8146576390593 4.4858238422207 3.529143117569189 1.605544834057874 8.1685024661548 -1.5158734570564236
Car 0 1 0 518.117073423631 425.5669375395649 568.543541529402 464.2475725135568 1.4883875801398 1.8158283069299 4.4151936441641 -3.531979655793141 -0.04694794582573095 48.713257565673004 1.6181730428980892
Truck 1 2 0 1256.5539422242289 120.082158921506 2895.7486763603665 877.2742151219578 3.2882788865546 2.5403611686242 8.5886442363408 8.700743431094294 1.5780718411364276 9.272016167720839 -1.4604911972968067
