Car 0 0 0 726.5117606989618 420.8895662846119 785.9774433258968 466.7730042179517 1.6749715674289 1.9388225625189 4.7645336123382 5.350800796557344 0.03519810949526875 45.87893873109561 -1.5249602955384827
Car 0 0 0 204.65940915142767 428.268570595899 350.96150749640367 508.6730399560219 1.5762369783227 1.9416999700169 4.4829937881693 -7.965359153382101 0.8573425554553252 26.005573456284115 1.6157672367139897
Car 0 0 0 752.9388593657333 422.40261994243866 868.658284027866 513.7873367976903 1.6719154100365 1.8146576390593 4.6723968615408 3.9113065669142966 0.8720912337427547 24.16077353122916 -1.5158734570564236
Car 0 0 0 356.3317840131185 423.7977342190244 483.7559720560503 512.8203730304239 1.6402740308791 1.8478723358757 4.7253562452233 -4.368645566792618 0.86372903706872 24.471058282316513 1.6181730428980892
Truck 1 0 0 938.6424845504348 336.7702187192961 1165.7405301322713 510.70727752048646 3.4972689075631 2.5403611686242 8.549210663915 9.820746687329438 0.7279294564165839 26.790249510855936 -1.4813330687044066
Car 0 0 0 665.6676882882304 424.6438341477121 693.8821360292451 447.2408321545114 1.4181159899992 1.8020784827661 4.5773552679405 3.83216843731275 -1.1610429854874194 78.48743201370333 -1.5268488578753605
Car 0 0 0 487.6457089411203 424.7002338448981 531.7960472794401 454.357077679971 1.5491644784976 1.9982315944362 4.4070137616486 -6.707838846418457 -0.5745575010376784 65.02709534279602 1.6316823646221899
Car 0 0 0 560.2049044381009 422.6167925502391 596.4326040158387 449.1545187006131 1.5441189276886 1.9524098016852 4.5054441549589 -2.994307243276028 -0.9515359887358227 71.97506062249886 1.64924940773499
Other 0 2 0 389.99948125993296 416.88951353186974 442.51073133456754 449.4089576533969 1.6235294117647 1.9363308972306 4.3687081645289 -11.403043325535803 -0.807218967661576 60.958241484425535 1.62954046324219
Car 0 2 0 778.1125983249303 421.1272745402624 829.6780905520045 459.99930334482207 1.6861678996438 1.843096198091 4.4110291463941 8.57761622386092 -0.23395321010386355 53.6403530120038 -1.5193940320668875
