Car 0 0 0 694.5345782295994 422.7342306314115 748.1807676142179 468.85026846133314 1.6663113202688 1.8787043792614 4.6723968615408 3.887600879679742 0.11804298256132106 45.51421333578488 -1.5158734570564236
Truck 0 0 0 818.3833326719575 372.2784146981013 921.0577488496938 463.68561803553655 3.6104667992197 2.6146864281398 8.9012369853704 10.491907545872664 -0.2107372223430226 48.652896517478176 -1.5231675142291465
Other 0 0 0 93.11768765639113 416.1819616242156 234.8661849873966 489.9869824338226 1.8855035919783 1.6355080614109 4.3687081645289 -13.108216830766953 0.6120905950631594 31.950986041551097 1.7726760622321898
Car 0 0 0 313.701473827065 428.7967895189431 421.3816207523021 490.73541275246816 1.5491644784976 1.9982315944362 4.4070137616486 -7.42860820868414 0.6463638615144395 32.54930977305006 1.6316823646221899
Car 0 0 0 510.02935950944016 425.1173297507776 566.007853744594 467.28035828021626 1.5441189276886 1.9524098016852 4.5054441549589 -3.578924031547394 0.0656800487029354 46.438831186635255 1.6093887332159902
Car 0 1 0 914.2660516750832 417.8448341804436 1048.940122047865 497.0960617709709 1.811188942224 1.9329737196209 4.854546537883 9.270224725056558 0.6975048883448657 29.382120190223947 -1.5467300945449545
Car 0 0 0 920.9382744680452 439.8980470571794 1212.9726010967065 611.9625877887303 1.5882352941176 1.8861013153379 4.2406537590559 5.078358318896505 1.4082802365152192 13.518297749103104 -1.5203088332007846
Car 1 1 0 1151.3714955425585 438.5514464326624 1473.559681407805 612.0249635146628 1.7324902000151 1.8888562550781 3.199356330298 8.127260326594339 1.5129972078175749 13.55924020759596 -1.5364563915359786
Car 0 2 0 559.4756992763678 411.9261647358617 592.175740466267 447.6250154641367 2.3842459118883 2.1042874693303 5.2458360012187 -3.492950675830098 -1.1677370009657204 79.71754186380184 1.6030122292045892
Car 0 1 0 731.7049710097701 423.2148888004152 766.4091001022495 448.8728965261132 1.5705882352941 1.9181570907769 4.5425957764116 8.411057181545761 -1.0154964016780679 75.71768996528023 -1.5217180064523486
