Car 1 1 0 -418.7276501619841 431.2487615280024 289.4367043011794 802.054541607219 1.7647058823529 1.964771397917 5.0104761853951 -4.310092107788067 1.621206484413312 8.296216205251959 1.634883921895689
Car 1 2 0 1168.6262323670758 469.35344009445686 2486.000770133618 1086.236961204437 1.5363685573421 1.8978318435202 4.0131225351465 4.43870589827133 1.7050780843149311 5.288100132821634 -1.4862395613176056
Car 0 0 0 799.7443467220145 443.7737119994799 995.8720183311063 572.4302681721505 1.4470588235294 1.7210861914059 4.5773552679405 3.866277150987207 1.2780310247343019 16.602431656983036 -1.5528312979268366
Car 0 1 0 767.2914155361128 420.4871024060036 865.4149000269198 484.85347636629416 1.7054173333779 1.8533386293622 4.8909243705703 5.752648922092539 0.4923032921756958 34.054185272121806 -1.6039045468589326
Truck 1 1 0 1083.4763971818304 326.4709640233769 1662.7153527060104 545.7909862727878 3.1304640782783 2.6449874087111 11.02504956195 13.058411917720154 0.8600339291677555 21.55588233405245 -1.6555268143559576
Car 0 0 0 475.4828107670361 426.8115017901577 559.2653649149896 481.87858358087465 1.5007001909798 1.8514746444494 4.5721492743628 -3.3314869383751002 0.45031607752058456 35.28250090398583 1.6861800102353897
Car 0 0 0 378.6992290634048 425.8743421341183 455.7749186022701 472.19786377199 1.4783044982699 1.8276278562606 4.470676216818 -7.56034832917017 0.21371307462864148 40.85735386699146 1.64085213036849
Car 0 2 0 343.3790240430527 420.444127362416 412.1792977663077 465.3148723958963 1.7651512221569 1.8845518982585 4.9860126153872 -10.883337004488856 -0.019052265410602565 49.27893309682494 1.61042816716569
Car 0 2 0 799.424837785704 424.5586657237511 870.4047661746906 468.0729816520072 1.4728072163274 1.8881168341981 4.5948351224604 8.097929763240124 0.07731561697806344 43.28845000527715 -1.5365409799083076
Car 0 3 0 57.10296533022586 433.9338170817224 268.30951061544874 536.7890094317266 1.5 1.9823739901347 4.4314598342541 -8.181164951700342 1.0709829671813242 20.217863535559076 1.5961335727188892
