Car 1 2 0 979.950879365054 436.2961171801614 1426.3279769521057 692.7994581652276 1.6300640370117 1.8978318435202 4.154762154034 4.66417013734582 1.4829172382002476 9.835687842127685 -1.4862395613176056
Car 0 0 0 769.5045539379868 433.6135691151384 913.055164156753 532.6493878336039 1.5407784749606 1.8020784827661 4.5773552679405 4.026091401192179 1.0749619222104352 21.476003129480628 -1.5528312979268366
Car 0 1 0 738.0329632153184 424.2400941127963 814.2248334563336 471.3771360544145 1.5068453373748 1.8533386293622 4.8909243705703 5.530834537413901 0.17001825741988374 41.29965958327463 -1.6039045468589326
Truck 1 1 0 978.32348101281 333.46870892085377 1344.639811280478 517.4967364645265 3.625525210084 2.6449874087111 10.855142976235 12.37802563488024 0.7614188268983094 27.531413666741575 -1.6555268143559576
Car 0 0 0 419.1627859123777 428.9316869392764 529.3653812106352 501.1314805553416 1.5007001909798 1.8514746444494 4.8142042359467 -3.6533692253249526 0.748065373164028 27.837763539306863 1.657262061565289
Car 0 0 0 328.5999152816216 428.4831851964202 422.97131363066944 482.8461417121525 1.4783044982699 1.8276278562606 4.470676216818 -7.828718696523593 0.4813686349166363 35.346887666023754 1.64085213036849
Car 0 1 0 268.67813905328654 421.5390362278256 361.0992524736016 474.3297272761605 1.6742888984908 1.8845518982585 5.1211922622195 -11.212261394563257 0.26007711579707676 40.58155662260883 1.61042816716569
Car 0 2 0 778.9576069408532 425.1468495506908 837.9683765794005 462.6225908798357 1.4728072163274 1.8881168341981 4.5948351224604 8.18223606504936 -0.1206104770825694 49.964663982764925 -1.5365409799083076
Car 1 2 0 -442.5307951202341 450.65978310698057 76.81892176259828 655.0378737375037 1.5 1.9823739901347 4.9160343812561 -8.11251660170215 1.504039087233554 12.006320053561996 1.5961335727188892
Car 0 1 0 487.2320497037625 427.5612764671095 525.8049486129509 456.7237937248796 1.4723980458382 1.8609605217262 4.4623276169664 -6.762843630430037 -0.43757538498430176 63.744564512911474 1.5724359869001034
