Car 1 2 0 -1122.9500341315895 439.68770664109104 198.62463250842703 1059.2288425590268 1.7647058823529 1.964771397917 5.2252108790549 -4.4179926241761125 1.7493914344579533 6.169696004507901 1.634883921895689
Car 1 1 0 1089.6795112273776 457.4765413960537 1926.8312706015256 887.1093550176985 1.5792292554888 1.8978318435202 4.0131225351465 4.508978035392921 1.6655385938341085 6.702935805704731 -1.4862395613176056
Car 0 0 0 788.8149959783062 440.6748514501589 962.3741159649096 551.5715223506264 1.3863146050092 1.7210861914059 4.5773552679405 3.9099309241177655 1.1348132704769884 18.159326372358816 -1.5528312979268366
Car 0 1 0 756.8500649253035 424.8518838180461 846.4914976254001 478.7804067742037 1.5068453373748 1.8533386293622 4.8909243705703 5.696630441158506 0.3560393570560721 36.46885740385768 -1.6039045468589326
Truck 1 1 0 1038.7024494557893 333.6406679045632 1529.5672638409587 535.3715681574799 3.2598557217004 2.6449874087111 11.194956147665 12.832687211216097 0.8446064956695218 23.74683590985265 -1.6555268143559576
Car 0 0 0 457.8731705301341 428.8498054600433 551.0270379965937 488.97107994427824 1.5007001909798 1.8514746444494 4.8142042359467 -3.4684406364532236 0.5938130606124536 32.90391802017591 1.6861800102353897
Car 0 0 0 364.3241613673217 422.59586712809113 446.5070191164079 476.7503015264942 1.6741217685835 1.8276278562606 4.470676216818 -7.624408593000949 0.34796345237258147 39.022352842246946 1.64085213036849
Car 0 2 0 322.3717097214574 421.16611716896085 395.42573315261615 468.4166961324609 1.7449595946755 1.8845518982585 4.5377652956375 -10.949924079764449 0.107942638794989 46.05505813499334 1.61042816716569
Car 0 2 0 793.1781623300535 421.87609220811134 859.7732095324819 469.570177860815 1.7357949182336 1.8881168341981 4.5948351224604 8.186237968447465 0.14798331866402054 45.56722268023787 -1.5365409799083076
Car 1 3 0 -85.17544711672451 442.08869163170976 206.14135224484664 576.4633541457613 1.5 1.9823739901347 4.4314598342541 -7.944001435218487 1.3063513667564026 16.260558762209566 1.5961335727188892
