Car 0 0 0 669.7889733242964 425.5334282089474 701.3119223035869 450.62141557679945 1.4181159899992 1.8020784827661 4.5773552679405 3.8341535332459435 -0.8525991358819934 71.07882323744684 -1.5268488578753605
Truck 0 1 0 683.4898014985702 394.0426627251837 742.1391495936481 445.5581674249979 3.6589915966386 2.6449874087111 11.648040376239 6.589179550352076 -1.54081236050759 85.31606426278329 -1.6179723426568746
Car 1 1 0 -102.96588967956644 440.1494571208728 196.14817847426184 569.520517699789 1.4723980458382 1.9319295449888 4.7970021882389 -8.389845491225405 1.2430799880868917 16.783836915571012 1.6128725390523897
Car 0 0 0 737.9745684818479 424.7816073067413 811.1013900269917 476.3647005333119 1.539946424682 1.9388225625189 4.7645336123382 5.099847857349276 0.3162743954053202 38.513800738671236 -1.5249602955384827
Car 0 1 0 801.9402448172284 423.2068252341198 859.6615313371052 465.4989026230608 1.5599808155421 1.843096198091 4.4110291463941 8.511165708552058 0.000484072792373752 46.30614157851387 -1.4730503549512375
Car 0 0 0 48.15362691154178 430.9673269022064 383.5465204934289 630.5508908136669 1.7072319688828 1.9046716565303 4.7977966101914 -4.322115874332581 1.4317604770197334 12.781416534240934 1.6369758983274902
Car 0 1 0 321.7524075552293 426.5732124831719 421.0220411375889 486.4838510661987 1.5762369783227 1.9416999700169 4.4829937881693 -7.656933255738644 0.5582691221684344 34.01604323616319 1.6157672367139897
Car 0 0 0 786.1874495910296 433.4572596660632 965.7258791430842 561.8530694226821 1.595706733039 1.8729859203148 4.4858238422207 3.7489122477631462 1.228479849233762 17.448350396156346 -1.5158734570564236
Car 0 0 0 453.5845807963421 427.21111122655 539.954432144566 484.1218466849123 1.4883875801398 2.0161607093215 5.3013507564812 -3.921383831730686 0.47543917641294664 34.89677470603432 1.6181730428980892
Truck 1 1 0 1013.0913695831974 302.38642634326783 1385.9061226033075 555.6447251678388 3.4634243697479 2.6757393198847 8.3526770854342 9.335346859050654 1.040639245100917 19.54496483649658 -1.4604911972968067
Other 0 2 0 431.3455943068 416.1227952266581 470.3577738275111 452.9748178061568 2.1733090772284 1.6569054444441 4.3687081645289 -11.008613832783738 -0.6955393181827174 70.47878236692105 1.62954046324219
Car 0 1 0 729.5014220259502 426.316873577924 768.4873979823425 457.4211868625848 1.5028774071624 1.8420132598872 4.6291813619341 6.751877113879928 -0.3887261440638629 60.92489872082958 -1.4862395613176056
Car 0 0 0 567.2759259372631 419.8422637403098 599.4092786825872 443.3566938105221 1.5441189276886 1.9524098016852 4.5054441549589 -2.9919600920780263 -1.458487661737659 80.43646826993943 1.64924940773499
