Car 1 2 0 -2008.49442617364 441.36511858040376 125.8961706991572 1362.6890571570837 1.7647058823529 1.964771397917 5.2252108790549 -4.47459929735407 1.7838628682452038 5.021389978677417 1.634883921895689
Car 1 1 0 1052.603610916343 446.6330135463595 1765.2240795577482 818.1463381536714 1.6096440333796 1.8978318435202 4.3356055960065 4.621119021499954 1.6071026949170344 7.613297195196572 -1.4862395613176056
Car 0 0 0 785.3460450358608 431.93304246224426 949.3313616281922 544.1181376942674 1.5246161739615 1.7210861914059 4.5773552679405 3.9664798959042997 1.0900156552012972 18.993930028148018 -1.5528312979268366
Car 0 1 0 750.3043460062406 421.2821034395301 835.8744520637562 476.53783996657046 1.6259885349767 1.8533386293622 4.8909243705703 5.6104508154768 0.30387012452753986 37.73093419742841 -1.6039045468589326
Truck 1 1 0 1023.7379686912572 320.33575581710954 1476.719428843665 530.1538427791481 3.5753256302521 2.6449874087111 11.02504956195 12.724095250483714 0.8253861016585202 24.65082742882029 -1.6555268143559576
Car 0 0 0 450.5013889071335 430.0986812668856 543.9755459839508 493.1231093842111 1.5007001909798 1.8514746444494 4.8142042359467 -3.533797640073392 0.6703961413697361 31.633553421586946 1.657262061565289
Car 0 0 0 356.09074336067675 428.5820255865764 441.1137317780714 478.89292367534335 1.4783044982699 1.8276278562606 4.470676216818 -7.659306844782756 0.4039186427171628 38.0251955148347 1.64085213036849
Car 0 2 0 306.98862416607176 419.2972109138972 389.3128444533245 470.88048789938455 1.8560135458229 2.1167556142939 4.5377652956375 -11.03197283126505 0.1931199896082711 44.64326348298224 1.61042816716569
Car 0 2 0 788.9918969410484 424.31805820035606 853.3119660874025 471.4517247155856 1.7560247414571 1.8881168341981 4.5948351224604 8.186277182980431 0.23165011291639792 46.79069532596657 -1.5365409799083076
Car 1 2 0 -134.52396273975535 442.1020156919652 183.2046436616012 584.9510340559785 1.5 1.9823739901347 4.4314598342541 -7.994393343448952 1.3215448445230467 15.428080944937701 1.5961335727188892
