Car 0 0 0 668.1333225521469 425.9710415758122 698.1604456051782 449.9783799307074 1.4181159899992 1.8020784827661 4.5773552679405 3.847782973486235 -0.9270657200606817 74.25729171636492 -1.5268488578753605
Car 0 0 0 736.2330988136721 421.1980579671553 803.0687574676073 472.4615542121544 1.695744666313 1.9388225625189 4.7645336123382 5.3636829186601584 0.21986661082788894 41.79039620605921 -1.5249602955384827
Car 0 1 0 790.06351089192 424.4576355834384 847.2886556220952 464.0702443942365 1.5599808155421 1.843096198091 4.4110291463941 8.564014856955179 -0.05274953619497222 49.49976169236917 -1.5193940320668875
Car 1 1 0 -419.3901502376715 438.62215942012193 261.0609994063004 775.1014839386366 1.6288043124374 1.9046716565303 4.7977966101914 -4.55964349788971 1.549379669633652 8.411400958014655 1.6369758983274902
Car 0 0 0 277.6078623653916 427.7918834757532 393.5813392483166 497.68605325365417 1.6386487630732 1.9416999700169 4.4829937881693 -7.8281501977876795 0.767588365761918 30.54294579363547 1.6157672367139897
Car 0 0 0 768.1737881768174 433.9353219598664 910.9387231583472 542.0821459636715 1.5941443683625 1.8146576390593 4.4858238422207 3.7671253601342958 1.1629014257075594 20.299560670845473 -1.5158734570564236
Car 0 0 0 420.8840293062968 426.12730836695664 518.0485321431972 498.5369729724197 1.6566759535856 1.8478723358757 5.0964245927852 -4.1219359289313005 0.7529787540497475 30.288539415233235 1.6181730428980892
Truck 0 0 0 977.1715192871162 329.70598911775164 1274.3402448259303 532.2721897139473 3.3280462184874 2.5403611686242 8.549210663915 9.596410023054204 0.9067248832520372 22.675921616328 -1.4813330687044066
Car 0 1 0 724.5169404932665 422.6645468885522 760.8114293736018 453.2053483734777 1.5893144035471 1.8420132598872 4.6291813619341 6.798945157418428 -0.6409792960005145 64.62048688904954 -1.4862395613176056
Car 0 0 0 500.29694518459183 422.7284408565719 539.9825385385657 451.157689595752 1.6455077875151 1.9982315944362 4.4070137616486 -6.686902135053015 -0.8164507119278168 71.21010857803108 1.6316823646221899
Car 0 0 0 567.4922648731275 420.9100305848277 601.0509560118373 445.6002718636735 1.5441189276886 1.9524098016852 4.5054441549589 -2.7928267267762608 -1.2479049574419372 76.89747093417066 1.64924940773499
Other 0 2 0 412.0946356999097 415.18475030511087 459.0317505552924 444.84813248220615 1.6235294117647 1.9363308972306 4.3687081645289 -11.274958076040653 -1.1328229930596203 66.37750399354992 1.62954046324219
