Car 0 0 0 699.2955694177977 421.1797692112502 754.8372049124073 469.8974789334417 1.7266982467451 1.8787043792614 4.6723968615408 4.020877924633383 0.15121468869574284 44.43952220321948 -1.5158734570564236
Truck 0 0 0 826.3335771395831 374.3861892083369 924.8365726923608 465.9251683310218 3.5376406062425 2.6146864281398 9.1873481741859 10.557360620255826 -0.1310470430137656 47.80422009973445 -1.4813330687044055
Other 0 0 0 116.05856168214969 415.3517350908338 252.1986896835108 485.7316379390165 1.8855035919783 1.7288668725273 4.3687081645289 -13.09243861604554 0.5279778229638721 33.35302997061246 1.7726760622321898
Car 0 0 0 332.8868654399919 427.6753192452372 433.6159381352471 486.4560621250692 1.5491644784976 1.9982315944362 4.4070137616486 -7.313607227299734 0.5633448564278387 34.100094184867594 1.6316823646221899
Car 0 0 0 513.0180485947528 424.2067795579049 567.4442010364028 465.2239911298679 1.5441189276886 1.9524098016852 4.5054441549589 -3.5750828117655766 -0.01294172368003041 47.57576966618783 1.6093887332159902
Car 0 1 0 925.6390372658832 416.54363850204817 1062.5590979965098 501.6044397094094 1.8733202403546 1.9329737196209 5.2472057791242 9.296261811919617 0.7615049445170556 28.52122868200749 -1.4956610764977565
Car 0 3 0 932.29286403604 441.8217188352902 1249.3846942547534 632.2680530899885 1.5882352941176 1.8759972011486 4.6111963205268 4.981523338420507 1.4562498612582757 12.729338170431767 -1.4813190378667265
Car 1 1 0 1191.094780586584 431.81986301857887 1562.6279894595475 623.1049231340844 1.7324902000151 1.8888562550781 3.199356330298 8.046351792649764 1.4550477481976196 12.336622856784876 -1.5364563915359786
Car 0 2 0 560.3824158064392 409.1641076620512 592.5632953582584 443.3551304753517 2.3278810689598 2.1042874693303 5.2458360012187 -3.498179576175444 -1.4837056793829024 80.87330768329387 1.6030122292045892
Car 0 1 0 733.0431809188107 423.6234116500797 768.3743070885675 449.7067325363284 1.5705882352941 1.9181570907769 4.5425957764116 8.39531200536664 -0.9477545282697036 74.5888939165959 -1.5217180064523486
