Car 1 1 0 -4370.860548925029 444.81751625768527 34.293471408218466 2154.3218496411805 1.7647058823529 1.964771397917 5.2788945524698 -4.551745365261574 1.8248513987396522 3.9600507336258577 1.634883921895689
Car 1 1 0 1029.7470762801383 443.416991301119 1637.8543075637558 771.1024342702697 1.6198970807071 1.8978318435202 4.2711089838345 4.654571689839544 1.5767207468603877 8.287812530418057 -1.4862395613176056
Car 0 0 0 781.8428305565203 430.77259899680087 929.1302748406566 540.3270304283578 1.5707166969455 1.5920047270505 4.5773552679405 3.9491530857802157 1.0906423575803408 19.802999462024548 -1.5528312979268366
Car 0 1 0 748.0465962870071 423.8522416949544 830.6587062986171 477.1282179048888 1.6061313353763 1.8533386293622 4.8909243705703 5.654295851802673 0.33794971840604904 38.862599876038665 -1.6039045468589326
Truck 1 1 0 1005.6862670428784 344.19023781148246 1424.8408129611744 529.5555754780096 3.3335145823035 2.6449874087111 11.02504956195 12.59849793234675 0.8792363146584596 25.70554380749292 -1.6555268143559576
Car 0 0 0 440.1987945644556 431.4286163226792 538.7271611725381 497.46381409030255 1.5007001909798 1.8514746444494 4.8142042359467 -3.5977022658352933 0.7452773758879112 30.391419147412005 1.657262061565289
Car 0 0 0 349.35297391023227 427.62861016986193 436.7882286457749 478.9189019399224 1.4783044982699 1.8276278562606 4.470676216818 -7.686327251743444 0.3931618149315974 37.26100420180796 1.64085213036849
Car 0 1 0 294.42734464546714 421.1853163286276 378.82420603531307 473.5372199760707 1.7954386633789 1.8845518982585 5.242739546924 -11.197681659328229 0.25939518161528236 43.55709334814823 1.61042816716569
Car 0 2 0 785.8831974052098 426.4738540004967 848.5255886895051 468.3949077086761 1.5739563324452 1.8881168341981 4.5948351224604 8.184986748195131 0.11450257866388833 47.7313680228622 -1.5365409799083076
Car 1 1 0 -224.2528883928641 445.4815718004649 152.0267727772458 607.4649975226273 1.5 1.9823739901347 4.6451195048342 -7.9816362181208635 1.3991592845937553 14.131050068440507 1.5961335727188892
