Car 0 0 0 799.260473090342 425.2629637515153 908.6035475589256 505.4168736963856 1.6248808828173 1.8978318435202 4.2769610409174 5.314867034967885 0.8148905026252476 26.354146137264784 -1.4862395613176056
Car 0 0 0 706.7827327250416 422.611217387402 773.1719658308307 474.86806245393984 1.6208498193104 1.8020784827661 4.5773552679405 4.006050903016238 0.28351904495091257 39.39547466172674 -1.5528312979268366
Truck 0 1 0 793.1612586856332 378.1295399827047 931.1745373158162 465.7292225939742 3.3745273109244 2.6449874087111 11.591404847667 10.08216738340899 -0.21613467509427364 48.9621360591046 -1.6227279638691476
Car 1 1 0 -111.86023988227112 439.4354722426304 178.87848567834095 566.2349485451983 1.4783044982699 1.8276278562606 4.470676216818 -8.619810729997278 1.229332566332741 16.781838796776626 1.64085213036849
Car 0 0 0 416.86978891824646 427.8141111043528 478.1180639497391 469.7199349142168 1.4723980458382 1.8875173715408 4.4623276169664 -7.138321816198653 0.15343970824653885 45.07938086487295 1.5724359869001034
Car 1 1 0 910.9627271802032 440.22635180341166 1326.553130394402 671.511651912137 1.5171367474759 1.9388225625189 5.0963493460546 4.316537989876678 1.4110475351386231 10.851048234970712 -1.4927600838721145
Car 1 2 0 1072.0437453519137 432.69256749364496 1353.1294972506985 573.2171950130445 1.5599808155421 1.8323178577513 4.4110291463941 8.023743808564564 1.2219345505623467 15.754974365587787 -1.4730503549512375
Car 0 1 0 693.3100385310516 421.8686157346058 730.0694427767571 453.24538665760855 1.7018540607463 1.8141246814211 4.6401727975872 5.177221228173073 -0.6590983158054995 66.9184975895126 -1.5432741903350367
Car 0 0 0 549.324991609749 421.05063119007576 593.5543520639147 453.698168910407 1.4943569013882 1.9046716565303 4.3767778419991 -2.7014536151138033 -0.5490146301921386 56.86230402251592 1.6369758983274902
Car 0 1 0 502.9369246356661 424.2492182723903 539.0216521801403 449.3289975101084 1.4962846266162 1.9416999700169 4.2339385777154 -6.882887709347908 -0.9561617823142026 73.81013051013728 1.6157672367139897
