Car 0 0 0 744.0561907636302 420.416822175332 793.4884535834954 461.3399366759914 1.6410284016539 1.8420132598872 4.6291813619341 6.406588298269953 -0.17445205070682435 49.96036009877994 -1.4862395613176056
Car 0 0 0 679.077510777686 427.4707831607955 718.5807098629049 456.7777881862372 1.4181159899992 1.9179263852296 4.5773552679405 4.040320780117869 -0.42582472075406536 61.49948908148734 -1.5268488578753605
Truck 0 1 0 708.7149958221956 395.995661498466 777.352073384051 454.40305612464863 3.5753256302521 2.6449874087111 12.837386476243 7.758286311752876 -0.8674050005092198 74.92445614401319 -1.5848717738563936
Car 0 0 0 191.5344495806682 432.82613349096687 347.8667485999675 513.1509943755478 1.4723980458382 1.8875173715408 5.0360554534335 -7.924201458683619 0.894824098562166 25.37332299792955 1.6128725390523897
Car 0 0 0 766.5350489261924 422.6142802276465 869.1782978549661 495.6536895190383 1.6541984685447 1.9388225625189 4.7645336123382 5.002120191219722 0.6714521438266969 29.49482819924795 -1.5249602955384827
Car 0 2 0 844.5185921112578 420.5586026033327 923.0834684008051 478.2813898131891 1.7080867600316 1.843096198091 4.4110291463941 8.566211387162003 0.37539016948352844 37.157315901205656 -1.4730503549512375
Car 0 0 0 399.9909151314508 425.6977942806975 522.9920505732531 511.560160610612 1.651212214279 1.9046716565303 5.4083733454645 -3.6828058774896 0.8766425099556348 26.091389548854288 1.6369758983274902
Car 0 1 0 409.1390317636342 423.6366104656356 477.0080584932721 467.93820465803856 1.5762369783227 1.9416999700169 4.4829937881693 -7.285717077811725 0.08495256161066725 44.92726308276626 1.6157672367139897
Car 1 1 0 885.7126737318706 435.12369976655066 1339.703032529726 727.0441292479524 1.6621940298273 1.8146576390593 4.4858238422207 3.549343433620815 1.5244579914273855 9.194388867719226 -1.5158734570564236
Car 0 1 0 514.281472549985 425.5613990349293 566.51020196976 465.4665227643933 1.4883875801398 1.8158283069299 4.4151936441641 -3.5497179914899304 -0.00024125122785917386 47.28515663230816 1.6181730428980892
Truck 1 2 0 1213.279570154339 174.8402659447351 2460.0943121234072 784.2959386949684 3.2882788865546 2.5403611686242 8.5886442363408 8.78903708050387 1.5073006218533391 10.44259788510257 -1.4604911972968067
