Car 0 0 0 728.2086500438521 423.324324436218 789.1106682575721 469.3509187403062 1.6334253696606 1.9388225625189 4.7645336123382 5.341522769337562 0.13037053610728483 44.98623052782496 -1.5249602955384827
Car 0 0 0 224.77445282404028 426.9720571428759 362.1980970727882 503.41542032941663 1.5762369783227 1.9416999700169 4.4829937881693 -7.953970496409941 0.7878726349976674 27.163740011305293 1.6157672367139897
Car 0 0 0 754.9654057896365 424.87544229813335 876.1078455786866 519.9468117480951 1.652472649618 1.8146576390593 4.5649854394364 3.832361595720737 0.944915079295521 23.117357477829643 -1.5158734570564236
Car 0 0 0 374.7345733601098 431.9954274255209 492.83942744241045 509.172594810024 1.4630731716832 1.8478723358757 4.7253562452233 -4.308400458312528 0.8476750255461877 25.80607467929856 1.6181730428980892
Truck 1 0 0 947.9675133953496 331.95154378881045 1190.8137391919888 512.2958901669944 3.4465021008404 2.5403611686242 8.549210663915 9.76008221582388 0.7101543859995771 25.6824665988838 -1.4813330687044066
Car 0 0 0 666.0287953421565 424.9870506642338 694.616671452559 447.88613991025824 1.4181159899992 1.8020784827661 4.5773552679405 3.823902659866786 -1.1047598613784229 77.548992614186 -1.5268488578753605
Car 0 0 0 491.6708580379078 424.0341712188856 534.5610217475912 452.9297365493042 1.5491644784976 1.9982315944362 4.4070137616486 -6.667672140246666 -0.6681859849029244 66.58501812341768 1.6316823646221899
Car 0 0 0 562.692896223605 422.0492882582386 598.0237583532587 447.970105141505 1.5441189276886 1.9524098016852 4.5054441549589 -2.9263370087937988 -1.045853098767605 73.54111335358617 1.64924940773499
Other 0 2 0 395.92928599402 416.433935562398 446.9253857687205 448.1850675214103 1.6235294117647 1.9363308972306 4.3687081645289 -11.370843123148774 -0.8890747282365106 62.32062591409379 1.62954046324219
Car 0 2 0 780.605339997207 421.60365199709975 833.4346668094323 461.2973475766452 1.6861678996438 1.843096198091 4.4110291463941 8.561113355859968 -0.17309190673679337 52.62649442472293 -1.5193940320668875
