Car 0 0 0 786.4976582025454 424.26685346764543 886.0773233834038 499.1913449059832 1.6350478391218 1.8978318435202 4.2769610409174 5.246997110690035 0.7386702281093215 28.144600931361055 -1.4862395613176056
Car 0 0 0 702.3679644106279 423.0832008237503 764.9831662536695 470.6399378965324 1.5436178843347 1.8020784827661 4.5773552679405 3.973100090594276 0.15697386648276707 41.30275670106323 -1.5528312979268366
Truck 0 1 0 785.1100229298888 375.83382831777976 908.097331651476 462.8917222667646 3.5418592436975 2.6449874087111 10.571965333377 9.842587883353334 -0.2944144545881394 50.86281782101697 -1.6227279638691476
Car 1 1 0 -226.2609690576525 443.5218267607477 134.21856317214423 591.2674586008818 1.4783044982699 1.8276278562606 4.7341267795948 -8.6803646234949 1.3334932229159766 15.05058694793575 1.64085213036849
Car 0 0 0 402.27522257180834 429.1695144513037 471.6370693755815 473.0652649475954 1.4723980458382 1.8875173715408 4.4623276169664 -7.2423206076922275 0.2659177335289922 43.214557847163555 1.6128725390523897
Car 1 1 0 892.4257851252022 431.6866039458423 1253.91178887063 647.5550079769752 1.6853581168709 1.9388225625189 5.7599808134874 4.567005041639209 1.4415819051869783 12.551904139185066 -1.4927600838721145
Car 1 2 0 1041.506696346423 416.6653497928283 1280.8435640240832 552.0151461769968 1.7759325630628 1.8323178577513 4.4110291463941 8.195617357390407 1.1082925763157252 17.53445975746346 -1.4730503549512375
Car 0 1 0 690.4650808116025 421.9445929836439 725.5657607869509 448.3938038089486 1.4783279839283 1.8141246814211 4.6401727975872 5.155678785751406 -0.9741316852924695 69.57926447665483 -1.5432741903350367
Car 0 0 0 543.2865297331655 421.2693215558554 590.2160577313565 455.7154944459274 1.4943569013882 1.9046716565303 4.3767778419991 -2.7897264426910096 -0.4334140017417714 54.032415106268154 1.6369758983274902
Car 0 1 0 495.32621057677005 425.7975935840837 533.8039061036195 452.40266904792287 1.4962846266162 1.9416999700169 4.2339385777154 -6.920956976049216 -0.7239422206869923 69.9386861796052 1.6157672367139897
