Car 0 0 0 930.1042380651794 447.7590187066082 1255.0585646295792 637.2253500896279 1.5028774071624 1.8978318435202 4.2769610409174 4.779808875526867 1.450204018639907 12.161147218472818 -1.4862395613176056
Car 0 0 0 758.8615566412709 432.7397894426769 883.5021169415314 517.1992598711137 1.4828545237288 1.8020784827661 4.5773552679405 4.099689835613273 0.9323254207750538 23.977667074176367 -1.5528312979268366
Car 0 1 0 725.0130486378704 419.25091578045726 792.9027900811797 469.5665493238571 1.8146319311796 1.8533386293622 4.8909243705703 5.367155071460855 0.13278343538159348 45.15724962314843 -1.6039045468589326
Truck 0 1 0 939.1570899114124 346.2262951707792 1238.211368813071 504.3066086828716 3.5585924369748 2.6449874087111 10.571965333377 12.015969373079642 0.6280816654910705 30.537071119769216 -1.6555268143559576
Car 0 0 0 375.2931396712073 431.0788385758965 509.8619423768605 516.7970256811741 1.5007001909798 1.8514746444494 4.8142042359467 -3.778150831429857 0.9152411378211904 23.934006972508417 1.657262061565289
Car 0 0 0 297.17780659676725 430.72444082765577 402.90914709245527 490.2274667678412 1.4783044982699 1.8276278562606 4.470676216818 -7.9662871281571075 0.6332422040683066 32.64558201784 1.64085213036849
Car 0 1 0 214.2014262201559 418.609657250214 327.916946242591 482.2576753423276 1.7954386633789 1.8845518982585 5.534453030215 -11.420300872436886 0.4382952780414212 36.3344433003905 1.61042816716569
Car 0 2 0 770.6753542133005 423.10635821562647 825.108193742721 457.9820164729802 1.4728072163274 1.8881168341981 4.5948351224604 8.22359333866855 -0.33197260179951726 53.255421661765496 -1.5365409799083076
Car 1 2 0 -1006.4768153544492 463.4243484229448 -103.54622965499937 788.4516689356608 1.5583051173569 1.9823739901347 4.6660665313617 -8.196278967626789 1.7158701094509927 8.67570798529546 1.5961335727188892
Car 0 1 0 482.1243171905131 429.0562139338064 522.8842996075778 459.8091855761381 1.4723980458382 1.8609605217262 4.4623276169664 -6.663263259165403 -0.2606685830640535 60.77970793445968 1.5724359869001034
