Car 0 0 0 806.0683528715551 431.7049086516379 926.1342500971672 518.8282054769587 1.6045469702081 1.8978318435202 4.2769610409174 5.180419579273827 1.0109439248653984 24.45475939507532 -1.4862395613176056
Car 0 0 0 711.4283343338178 429.4761421232084 781.838789972267 485.6006609854636 1.6305038111823 1.8020784827661 4.5773552679405 4.039051443075341 0.6036418910992709 37.58069983775938 -1.5528312979268366
Truck 0 1 0 802.640864483482 386.3691945877012 951.5928516361408 477.83007561399546 3.3577941176471 2.6449874087111 11.817946961954 10.271429625521234 0.2180734141035175 47.05470177921549 -1.6227279638691476
Car 1 1 0 -1825.168455341068 484.4962316509712 88.14693218751597 1288.144884762634 1.4680271090189 1.8514746444494 4.8142042359467 -4.574783327485692 1.7612720388699272 4.991884865141066 1.64390809062429
Car 0 2 0 -20.265800826825284 441.673169604263 224.09113935351968 554.293015637137 1.4783044982699 1.8276278562606 4.470676216818 -8.541225765122324 1.2320973283394694 18.703660378628367 1.64085213036849
Car 0 1 0 426.05556925888015 428.08581213051474 486.113237058168 468.4029993947843 1.4723980458382 1.9684109731783 4.4623276169664 -7.055623468108448 0.11217133119531894 46.81618518426782 1.5724359869001034
Car 1 1 0 949.4163698971998 453.99433088779966 1518.3735812675286 786.7796677014759 1.7040946374331 1.9388225625189 5.5557865158158 4.435212180028632 1.784353033896243 9.468785305174464 -1.4927600838721145
Car 1 3 0 1129.8770607029064 440.6452016570996 1481.3581964068385 616.7632909038551 1.6581407007788 1.8323178577513 4.4110291463941 8.091042063237058 1.4845002728097654 13.839235273511427 -1.4730503549512375
Car 0 0 0 554.674975196637 421.3648828950112 596.5359039718892 452.4582669646584 1.4943569013882 1.9046716565303 4.3767778419991 -2.614673645100895 -0.6341544416052536 59.63946375695021 1.6369758983274902
Car 0 1 0 693.8646563347813 419.67575554995057 736.4887665307273 453.26215193068606 1.7601652112205 1.8141246814211 4.6401727975872 5.174143183959494 -0.6391405408066978 64.34884449781939 -1.5976777494680345
Car 0 1 0 506.26197784408737 423.5696611676598 541.3118462803347 447.9860001790979 1.4962846266162 1.9416999700169 4.2339385777154 -6.8648548988051665 -1.0661605220324244 75.64397256144309 1.6157672367139897
