Truck 0 1 0 685.6973388783235 396.7225378689949 745.9385221108049 448.5321093853423 3.6087920168067 2.6449874087111 11.761311433382 6.703201562370712 -1.3142012819485056 83.95815019443098 -1.6179723426568746
Car 1 1 0 -54.87738314567116 439.7113983047059 220.51783081544323 561.25466227117 1.4723980458382 1.9319295449888 4.8926234943167 -8.348636930927393 1.2174586043355407 17.776595802615148 1.6128725390523897
Car 0 0 0 740.3796977589124 423.0514582085801 815.8278591107463 475.8081747688287 1.539946424682 1.9388225625189 4.7645336123382 5.089039820409391 0.28632516408238157 37.557445703037644 -1.5249602955384827
Car 0 1 0 805.4259187192453 420.7735290389714 864.8628030110805 466.8436313293759 1.6784655711337 1.843096198091 4.4110291463941 8.503523199918408 0.04973684510535756 45.31986720610296 -1.4730503549512375
Car 0 0 0 125.58246654739207 432.0205593333114 412.8000173237359 610.8172434008175 1.7072319688828 1.9046716565303 4.7977966101914 -4.160011345818409 1.4125111437523372 14.019843905585258 1.6369758983274902
Car 0 1 0 335.1881529278617 423.47977476061465 429.6890105118213 484.6304547861263 1.6906585836987 1.9416999700169 4.4829937881693 -7.587599153881197 0.5298486702315046 35.22894067973342 1.6157672367139897
Car 0 0 0 796.6769376818398 430.1794558955081 987.155597352958 572.0149599805839 1.6719154100365 1.8146576390593 4.4858238422207 3.7592119672718507 1.2739752819070151 16.499042198138188 -1.5158734570564236
Car 0 0 0 467.6920776606498 426.4396217676988 542.3498939837651 479.9906761718328 1.4883875801398 1.8478723358757 4.669583567885 -3.8219745428905663 0.40004497535010053 36.143175130155285 1.6181730428980892
Truck 1 1 0 1027.4959412350056 293.584419298122 1440.5190795027768 564.4713563662307 3.4295798319328 2.5403611686242 8.8896348980693 9.337791397187399 1.0418104072719911 18.67924606820175 -1.4604911972968067
Other 0 2 0 431.1018217112393 418.882192224137 473.5486796542518 451.0988185438927 1.9139790463493 1.9363308972306 4.3687081645289 -11.117744683212148 -0.8247442520006469 71.78693977387483 1.62954046324219
Car 0 1 0 730.4611257561578 426.9243719396928 770.3471738342338 458.7286793214745 1.5028774071624 1.8420132598872 4.6291813619341 6.6921213501320365 -0.3160127463882546 59.718446503487606 -1.4862395613176056
Car 0 0 0 671.6993121694554 423.1109196021778 703.8628925493732 448.44769872350565 1.4181159899992 1.8020784827661 4.5773552679405 3.9140530215372866 -0.9737652828840485 69.97606886497898 -1.5268488578753605
Car 0 0 0 566.7181103549 419.4935579748546 598.4073602481515 442.6229270102921 1.5441189276886 1.9524098016852 4.5054441549589 -3.096377773618811 -1.5318629172153269 81.67383216882196 1.64924940773499
