Car 0 0 0 828.3107887850076 435.9670499039585 982.6348081396644 534.8604151982137 1.5028774071624 1.9893344502614 4.2769610409174 5.097032786120657 1.0962905221843384 20.830189348452283 -1.4862395613176056
Car 0 0 0 721.1102913913686 424.2914095523105 804.1770392134722 486.8231965620667 1.6401578030543 1.8793104177418 4.5773552679405 4.095517637376408 0.5573206813746053 33.77505018434462 -1.5528312979268366
Car 0 1 0 696.768566585651 423.2590967922181 745.6453884539206 455.531203804306 1.5068453373748 1.8533386293622 4.8909243705703 5.053616069496905 -0.48814372085242413 59.02297326996105 -1.6039045468589326
Truck 0 1 0 830.0796606817306 366.1984053600467 1004.854103337044 472.7764307491392 3.4916596638655 2.6449874087111 10.571965333377 10.63314206730366 0.02471295577269786 42.00546172582758 -1.6555268143559576
Car 1 1 0 -135.15244324139542 451.9933557091269 340.81686092336736 696.6426313735509 1.4680271090189 1.8514746444494 4.8142042359467 -4.266759671328754 1.5005659453093743 10.216725089671845 1.657262061565289
Car 0 2 0 105.27505703665328 437.9148897317882 293.1040108572272 529.811101689809 1.4783044982699 1.8276278562606 4.6383265749487 -8.37889476666635 1.0841993223532012 22.41102641216127 1.64085213036849
Car 1 2 0 -205.010434326202 422.3733548512113 95.53489064491292 541.9524908481046 1.7192251674934 1.9399798952661 5.5536146021566 -11.894171515906102 1.0747565239509351 20.1091687516241 1.61042816716569
Car 0 1 0 445.28431694814753 426.3881972553762 497.4384979487958 463.4573754163717 1.4723980458382 1.8719073483246 4.4623276169664 -6.929657325490921 -0.0812653788412642 50.49233584490467 1.5724359869001034
Car 1 1 0 1046.976911384628 462.2081631438858 2155.574011613377 1005.2248415255972 1.5171367474759 1.9321825898399 4.7645336123382 4.098453477571495 1.6629758298502992 6.1002960147372844 -1.4927600838721145
Car 0 0 0 564.1759836156261 419.15808409174815 601.8784884204514 447.2958418843031 1.4943569013882 1.9046716565303 4.3767778419991 -2.4372264787281686 -0.9773921742920899 65.3470834678141 1.6369758983274902
Car 0 1 0 514.3677450517334 421.9051210565871 546.922097390669 444.7117097770091 1.4962846266162 1.9416999700169 4.2339385777154 -6.816767404024552 -1.3594904946141915 80.53421803158932 1.6157672367139897
