Car 1 2 0 -2379.281720935397 462.2597040735012 -406.6378351303953 1031.4953265583988 1.5648152137932 1.9416999700169 4.4829937881693 -8.474634695130375 1.7039643185396527 5.824244010900276 1.6157672367139897
Car 0 0 0 703.1884761460418 419.60627730544167 762.0494516244929 470.37932035081855 1.716633758999 1.8787043792614 4.6723968615408 4.039437423240591 0.1540412090510639 42.37385578532352 -1.5158734570564236
Car 0 0 0 1621.242306809291 -3055.7618787303963 12322.17013981185 349.2283828937267 1.6623049764575 1.8478723358757 4.530782752773 -5.583716270423764 2.065982191658653 -2.9013541916753542 1.6386518097858893
Truck 0 0 0 835.2354076342903 370.0562668358716 939.9735042269306 468.522500907222 3.615724789916 2.6146864281398 8.9012369853704 10.52554743449343 -0.03363922943598047 45.51445583589173 -1.4813330687044055
Other 0 0 0 172.50054999163808 416.9336187398407 288.8245109143971 481.6541914646456 1.8855035919783 1.6873740675867 4.2984967833133 -12.689804995113757 0.46613137367690416 36.09389631164607 1.75378800542879
Car 0 0 0 357.78199448231805 425.62236918692497 449.5246811495861 479.3828875592244 1.5491644784976 1.9982315944362 4.6903217891832 -7.313471754926257 0.3978933573930592 37.21968639151476 1.6316823646221899
Car 0 0 0 520.745687846147 425.3833220259016 572.134988366051 464.56543914780593 1.5441189276886 1.9524098016852 4.5054441549589 -3.472385477769421 -0.03476402494589685 49.83088578363367 1.6093887332159902
Car 1 1 0 947.0806574859704 415.6160867872334 1102.5947270298689 503.9130668127633 1.7697680768035 1.9329737196209 5.2718791605308 9.23785155146511 0.7279890221230961 26.232333642912625 -1.4956610764977565
Car 1 1 0 988.3727507752724 452.4039371771461 1383.486360195851 690.5665571620389 1.5882352941176 1.694123145741 3.9085770444424 4.83331096283413 1.6019004115605053 10.316171671123127 -1.5203088332007846
Car 0 1 0 735.5538166338849 424.3898589454657 772.0709834665396 451.2751131209863 1.5705882352941 1.9181570907769 4.5425957764116 8.366970688243976 -0.8258191561347438 72.5570610289657 -1.5217180064523486
