Car 0 0 0 691.3035077702556 426.7883795409606 739.6933153284556 466.2336557619046 1.5455374673163 1.8787043792614 4.6723968615408 4.008405855248515 0.032617010883154496 49.88548392113776 -1.5158734570564236
Truck 0 0 0 803.9249385757548 388.0286619776307 893.9884357089559 466.8831590387138 3.4465021008404 2.6146864281398 8.9012369853704 10.55312533523701 -0.06310374271619376 53.32979263874274 -1.5231675142291465
Other 0 0 0 -72.30292881547166 410.5982890226305 144.100037402983 509.03779360666977 2.0722212142113 1.9363308972306 4.7431688643457 -13.914960995627762 0.8756545254559542 26.697054643549652 1.8102644448140897
Car 0 0 0 220.37090389556403 429.0093751733769 371.3082139166983 506.3822741963042 1.5491644784976 2.158803776132 4.4070137616486 -7.694285033348657 0.8332209973748298 26.514287397365656 1.6316823646221899
Car 0 0 0 488.1954894172516 424.7686362002422 552.2611503790255 471.772243916852 1.5441189276886 1.9524098016852 4.5054441549589 -3.880533948212696 0.20442347013934486 41.85497913366025 1.6093887332159902
Car 0 2 0 879.5245403750055 428.84273637979294 986.7319100702496 489.12494039250566 1.5626637497013 1.9329737196209 4.6056978625542 9.278534691811764 0.6243697303768319 33.89181357894382 -1.5467300945449545
Car 0 0 0 870.7772770918658 436.1758173507564 1077.180768550651 567.6121745607597 1.6490580991396 1.8861013153379 4.6111963205268 5.344080146759855 1.3252576087498773 17.744186315328257 -1.5203088332007846
Car 0 0 0 1037.576418133089 421.19129338388046 1230.9788049795534 542.9952075499297 1.7324902000151 1.6864787991769 3.1082354221566 8.147910938944367 1.1081192617750724 18.11502829261156 -1.5364563915359786
Car 0 2 0 557.131535325965 411.683754565685 592.128816925408 449.19405553888447 2.3402592305441 2.1042874693303 5.2458360012187 -3.345764551447435 -1.000108522747427 74.65823692761218 1.6030122292045892
Car 0 1 0 725.872831447487 421.4345283283748 757.8881888479693 445.25613722287005 1.5705882352941 1.9181570907769 4.5425957764116 8.48545313899332 -1.33557675353247 81.05125129531163 -1.5217180064523486
