Car 0 0 0 794.4933415434539 420.7203768270236 899.2697069664254 501.9057648890523 1.726550445863 1.8978318435202 4.2769610409174 5.322698975271028 0.7688125076115938 27.208972045747565 -1.4862395613176056
Car 0 0 0 704.3745007610271 424.18090246772186 768.6861569133896 472.4112516456159 1.5243099005908 1.8020784827661 4.5773552679405 3.988380088174456 0.21093914345902903 40.41598284026187 -1.5528312979268366
Truck 0 1 0 788.1035254026707 374.7396624475784 920.512793166709 463.38198053423736 3.5083928571429 2.6449874087111 11.478133790524 9.984181164113942 -0.3024922666777805 50.079645448929774 -1.6227279638691476
Car 1 1 0 -170.78437244817042 441.6543608391072 154.62339353049913 579.1339742810045 1.4783044982699 1.8276278562606 4.5904264726256 -8.653508222076239 1.2872966822205434 15.818418575658935 1.64085213036849
Car 0 0 0 413.2304655141812 428.4285798694204 476.0134965086402 471.2890917936896 1.4723980458382 1.8875173715408 4.4623276169664 -7.108416682896759 0.20656685997583724 44.18900026000494 1.5724359869001034
Car 1 1 0 907.7294947092182 438.27270900468847 1295.6656148686714 667.5175672834249 1.6417753407807 1.9388225625189 5.3005436437263 4.496007029692062 1.4996375830111783 11.625523880198703 -1.4927600838721145
Car 1 2 0 1055.5132004687391 433.5207263790232 1314.874419907136 566.1583247054067 1.5599808155421 1.8323178577513 4.4110291463941 8.077134434513574 1.2138789347309509 16.58459061672241 -1.4730503549512375
Car 0 1 0 691.8295648215087 421.3612807947536 727.7268573357342 451.0746765000101 1.643542910272 1.8141246814211 4.6401727975872 5.166382311645674 -0.7988440572329948 68.27728898827482 -1.5432741903350367
Car 0 0 0 546.4373992312654 420.6191788124257 591.9534423228848 454.08331595311074 1.4943569013882 1.9046716565303 4.3767778419991 -2.7449421578445534 -0.520040667610363 55.472909604724435 1.6369758983274902
Car 0 1 0 500.2744688146876 424.7920015690552 537.1924948392743 450.4043097648381 1.4962846266162 1.9416999700169 4.2339385777154 -6.8966906013682605 -0.8719652161102154 72.40644894000336 1.6157672367139897
