Car 0 0 0 693.5625472937385 425.8336292067726 745.8614565615136 468.1729171795871 1.5455374673163 1.8787043792614 4.6723968615408 3.9079926864814443 0.09727768801320227 46.531526916870014 -1.5158734570564236
Truck 0 0 0 814.7557531309482 376.6479013766501 914.1603253931564 460.9633595092045 3.4126575630252 2.6146864281398 8.9012369853704 10.505305690227773 -0.3202663781505334 49.74778476886721 -1.5231675142291465
Other 0 0 0 47.62243753632117 413.665422239022 221.1414485521216 494.6983820234364 1.9788624030948 1.9363308972306 4.7899764518228 -13.41209502013848 0.682626022267819 30.810424966609066 1.8021619870480894
Car 0 0 0 290.57062873125227 429.6612138946563 412.0583457807082 496.07286385026055 1.5491644784976 1.9982315944362 5.1625018350741 -7.567250261114788 0.7207066209304652 31.325206320663067 1.6316823646221899
Car 0 0 0 504.1194223227005 425.0541985195324 562.0410349157592 468.35301536667936 1.5441189276886 1.9524098016852 4.5054441549589 -3.686540878012573 0.10178070237228934 45.27315114848303 1.6093887332159902
Car 0 1 0 905.6083072556524 421.7864767746771 1030.4054479792835 494.8512635074143 1.7283472113831 1.9329737196209 4.6056978625542 9.258791043498562 0.6855897923655333 30.448165618666717 -1.5467300945449545
Car 0 0 0 904.9254367607028 434.5813496973796 1178.4961777807275 597.5691040354366 1.6286517508748 1.8861013153379 4.6111963205268 5.161137928166818 1.3548476603438404 14.569099653711367 -1.5203088332007846
Car 1 1 0 1126.0161937207597 436.40680109566296 1399.221440935799 593.001228714835 1.7324902000151 1.8888562550781 2.8348726977324 8.136586489778106 1.454802353967603 14.529460593475735 -1.5364563915359786
Car 0 2 0 559.5683094637162 411.5898973617092 592.833296708979 446.1483236737945 2.2613484504442 2.1042874693303 5.2458360012187 -3.4017116338175133 -1.2493698576670071 78.25999746776512 1.6030122292045892
Car 0 1 0 730.4691037909702 422.8376124442251 764.5973763769855 448.1041451940906 1.5705882352941 1.9181570907769 4.5425957764116 8.426015098916244 -1.0798511814159766 76.7900462115297 -1.5217180064523486
