Car 0 0 0 801.3129477191377 427.59972200549385 915.53539643772 510.9405790338688 1.6147139265127 1.8978318435202 4.2769610409174 5.217041249508663 0.8938446342338813 25.404818979517987 -1.4862395613176056
Car 0 0 0 709.1909772721516 426.3718316139109 777.651386876816 474.2724583384072 1.4181159899992 1.8020784827661 4.5773552679405 4.0220714957560375 0.2529309226658489 38.42272537078097 -1.5528312979268366
Truck 0 1 0 798.2605517309048 377.7592779228475 938.7605880501186 466.990687452558 3.3577941176471 2.6449874087111 11.251591676237 10.11016204169603 -0.16158517494010877 47.796419274722 -1.6227279638691476
Car 1 1 0 -69.63571230260493 441.8465496021824 199.53521527807413 562.5907328183671 1.4783044982699 1.8276278562606 4.470676216818 -8.580076439691894 1.2554654347339282 17.599233908845108 1.64085213036849
Car 0 0 0 423.0168803395701 427.1864441220751 482.5113779895959 468.1475045681037 1.4723980458382 1.8875173715408 4.4623276169664 -7.069237864446815 0.0978283740518564 45.999248422645664 1.5724359869001034
Car 1 1 0 935.5153162166528 433.3522946035125 1423.5720921062543 705.8832611848057 1.6521618902228 1.9388225625189 5.3771165053531 4.465585908320287 1.4855175283242394 10.203002006631234 -1.4927600838721145
Car 1 2 0 1112.9489484141686 430.0593572437437 1431.331520896426 580.6688511390355 1.5599808155421 1.8323178577513 4.4110291463941 8.257077341846554 1.2079489410414415 14.775798294666107 -1.4730503549512375
Car 0 1 0 691.0993950909981 419.20234341835305 732.6164971481556 452.0318922162802 1.7601652112205 1.8141246814211 4.6401727975872 5.08938363560313 -0.7201348753603954 65.71100230519217 -1.5976777494680345
Car 0 0 0 552.1797230629697 421.9398426348666 595.1441609461805 453.8138352142269 1.4943569013882 1.9046716565303 4.3767778419991 -2.6560779839211857 -0.5540656373116646 58.307685824415394 1.6369758983274902
Car 0 1 0 503.6904579007363 424.09538006794605 539.5400953822154 449.0246508677181 1.4962846266162 1.9416999700169 4.2339385777154 -6.87888041811619 -0.980605946696036 74.21765096598313 1.6157672367139897
