Car 0 0 0 691.8013280742605 423.3398424672136 743.8313450802312 463.48945753030864 1.5455374673163 1.8787043792614 4.6723968615408 4.009479061574621 -0.08738835547346296 48.69079310767857 -1.5374305356865985
Truck 0 0 0 807.4417751711804 380.4811501571506 900.5001099784334 461.7857643108314 3.4634243697479 2.6146864281398 8.9012369853704 10.535956326624525 -0.28730546286470326 52.110010110887444 -1.5231675142291465
Other 0 0 0 -32.69428457914091 413.9056234082052 163.8100849892014 503.2651748333 1.9684892018596 1.9363308972306 4.5325347206987 -13.831775411946872 0.8040412533679577 27.882309389937486 1.8102644448140897
Car 0 0 0 246.0911461256308 429.074843643097 379.7503413350637 501.8413511994426 1.5491644784976 1.9982315944362 4.4070137616486 -7.7348525615721595 0.7888850416425283 28.045428512625 1.6316823646221899
Car 0 0 0 494.3257841190834 424.2125809441168 556.5971023387737 470.202787593826 1.5441189276886 1.9524098016852 4.5054441549589 -3.758969704191875 0.1544361473153784 42.67462460001352 1.6093887332159902
Car 0 2 0 886.9235784477645 418.8520221202288 998.235706556478 486.0593263166936 1.7310815093476 1.9010735767008 4.6056978625542 9.233313902981541 0.5125144954756328 32.74463582953077 -1.5467300945449545
Car 0 0 0 883.1892416370056 430.08539388290825 1108.6749416889236 568.313819290177 1.6389539849503 1.8861013153379 4.6111963205268 5.327180982763931 1.2357204280177436 16.706357382369944 -1.5203088332007846
Car 0 0 0 1061.4018215380847 422.9107558442666 1275.2047598915976 554.679060011286 1.7324902000151 1.6864787991769 3.1082354221566 8.093216272360785 1.1812114702019887 16.90164084977385 -1.5364563915359786
Car 0 2 0 556.9833915281051 411.3726725023146 591.2922051122913 447.89113936525 2.3289862619584 2.1042874693303 5.2458360012187 -3.451925425248349 -1.1046933692996759 76.22823792842622 1.6030122292045892
Car 0 1 0 728.034619524581 422.0944417649859 761.0374640979791 446.59349512914 1.5705882352941 1.9181570907769 4.5425957764116 8.456718192465852 -1.2119478345622474 78.99119850646348 -1.5217180064523486
