Car 1 1 0 942.7677955477728 444.0271559941708 1309.577668070145 663.5251732128056 1.6117236452466 1.8978318435202 4.4373470799518 4.741751593702225 1.5274285489732224 11.390132240500154 -1.4862395613176056
Car 0 0 0 763.3736330313847 431.4316902678649 893.5271692917075 520.6990816443893 1.5214704912167 1.8020784827661 4.5773552679405 4.112529706363964 0.9608738658470959 23.22422000204701 -1.5528312979268366
Car 0 1 0 729.8166390246028 420.1430541141023 800.3223091778335 470.76709481607537 1.7649889321788 1.8533386293622 4.8909243705703 5.453219186067549 0.1690180264093823 43.894218164553024 -1.6039045468589326
Truck 1 1 0 949.7542156510308 341.9409898612463 1270.619096552051 509.2002898953152 3.6087920168067 2.6449874087111 10.798507447664 12.128891265093175 0.6877985498345941 29.60181835122723 -1.6555268143559576
Car 0 0 0 392.83968444563766 431.5799678630952 518.0095445093444 512.5227717833992 1.5007001909798 1.8514746444494 4.8142042359467 -3.7109474185846167 0.8913124582753351 25.235858448744498 1.657262061565289
Car 0 0 0 306.7488716582716 429.91375991045226 408.86506664747503 487.7570931141729 1.4783044982699 1.8276278562606 4.470676216818 -7.93784129968687 0.5843116399150243 33.45885578582459 1.64085213036849
Car 0 1 0 231.6817707797396 418.9525037154817 335.87272063549057 480.0312180272359 1.8055344771195 1.8845518982585 5.1211922622195 -11.414333112059877 0.4070759785949556 37.59629209141058 1.61042816716569
Car 1 2 0 -747.3194454480823 455.621289819185 -21.54450722606316 726.4175041189543 1.5583051173569 1.9823739901347 4.8984017943341 -8.209109449817369 1.6378093657133215 9.98019713419424 1.5961335727188892
Car 0 2 0 773.5146543170514 423.6411921338437 829.3679613229384 459.3032166157494 1.4728072163274 1.8881168341981 4.5948351224604 8.224545554965848 -0.26869795143844044 52.19916912901975 -1.5365409799083076
Car 0 1 0 483.9481577201133 428.523599713966 523.9248222425957 458.7075225908288 1.4723980458382 1.8609605217262 4.4623276169664 -6.697697593154126 -0.32184196316731095 61.80493871392422 1.5724359869001034
