Car 0 1 0 735.2684641035229 425.1337483954992 778.4182447673195 459.0474011296778 1.5028774071624 1.8420132598872 4.6291813619341 6.583011815168834 -0.2891469475708426 55.9106875559551 -1.4862395613176056
Truck 0 1 0 692.5660172623492 391.92903244091633 756.1568631435483 445.922233836919 3.5920588235294 2.6449874087111 11.478133790524 7.008971885081932 -1.4366965456262235 80.20831609175825 -1.6179723426568746
Car 0 0 0 61.78292304350873 436.321562865876 284.26338157598826 539.038980984242 1.4723980458382 1.9319295449888 5.2751087186281 -8.168372347317403 1.0935424220964354 20.773259362975292 1.6128725390523897
Car 0 0 0 749.1040260072126 417.5292185583781 833.2244601316314 483.2254109979808 1.7892236112916 1.9388225625189 4.7645336123382 5.055738719076254 0.46223516389581953 34.45162464150367 -1.5249602955384827
Car 0 1 0 821.7244518153018 422.8445849876815 887.6235874915126 473.4760331314222 1.7080867600316 1.843096198091 4.4110291463941 8.658577277900152 0.27614657327004527 42.25043558409733 -1.4730503549512375
Car 0 0 0 284.245337411476 423.20122843511 471.37588704026433 550.6306768543267 1.7410438921972 1.9046716565303 4.7977966101914 -3.9431413799271313 1.1534035087358783 18.69314925339578 1.6369758983274902
Car 0 0 0 823.1116110609644 432.017421317057 1071.8495478463926 613.208715477254 1.7108009308735 1.8146576390593 4.4858238422207 3.703236332472409 1.4199853873094932 13.67985003546242 -1.5158734570564236
Car 0 0 0 487.24690903302354 426.41913114953394 554.2097813295316 474.8590776635966 1.4883875801398 1.8478723358757 5.516715709693 -3.733001162574635 0.2656563320414806 40.67352421608538 1.6181730428980892
Truck 1 1 0 1082.7850655995055 254.9127603933794 1652.373812528916 607.4778599049993 3.4833699541013 2.5403611686242 8.6545713250532 9.13329337478923 1.1930810303965125 15.475474102146668 -1.4604911972968067
Other 0 2 0 442.633002469155 417.719601988721 482.31967456936536 447.5599828603261 1.8724862414086 1.9363308972306 4.3687081645289 -11.027311442635746 -1.0968142277177533 75.62337456965 1.62954046324219
Car 0 0 0 675.7135702450823 425.02992515794864 711.7581358576441 451.7768732157181 1.4181159899992 1.9179263852296 4.5773552679405 4.086659229436719 -0.7413513256072567 66.76043723029197 -1.5268488578753605
