Car 0 0 0 738.915132710907 429.215200247076 785.5283907852549 465.9331436872986 1.5028774071624 1.8420132598872 4.6291813619341 6.404917574268936 0.03102643785173423 52.30614900439194 -1.4862395613176056
Truck 0 1 0 700.4743614429827 395.4818597204341 769.6287563938664 452.7656147783293 3.625525210084 2.6449874087111 11.931218019097 7.422236627984652 -0.9611923287821151 76.81035828007944 -1.6179723426568746
Car 0 0 0 145.16379718196697 435.7673151283862 321.4347619658667 524.0852916697617 1.4723980458382 1.8875173715408 4.9643394738751 -8.037814960892224 1.0139100655874977 23.39936806825433 1.6128725390523897
Car 0 0 0 759.1439731956935 428.4077693391273 853.6528812099331 498.67336243106297 1.6853581168709 1.9388225625189 4.7645336123382 5.024613267027294 0.8093613230392487 31.440287309485278 -1.5249602955384827
Car 0 1 0 834.223997037314 424.1459819812323 906.9646478152634 480.4237443462532 1.7574554081947 1.843096198091 4.4110291463941 8.603582716491387 0.4783212108173297 39.29691071471508 -1.4730503549512375
Car 0 0 0 364.3616570726495 426.0776169838645 508.3268956721219 523.7955304061875 1.651212214279 1.9046716565303 5.4375028248835 -3.7701485765972524 0.9775477969477313 23.29362182306574 1.6369758983274902
Car 0 0 0 854.622818126198 443.1496297170282 1200.5788120128864 682.5216314795695 1.6719154100365 1.8146576390593 4.4858238422207 3.5844409313678787 1.586622357758371 10.916020581142986 -1.5158734570564236
Car 0 1 0 505.4639389286685 428.5177978726633 561.8865597269823 471.5467698141843 1.4883875801398 1.8158283069299 4.4151936441641 -3.585909381337395 0.22127678081767527 44.30654793603868 1.6181730428980892
Truck 1 2 0 1151.683263115657 231.99328643854167 2005.3860659656448 685.6397228989283 3.2882788865546 2.5403611686242 8.5886442363408 8.94448263697248 1.3827042138784853 12.503467807992992 -1.4604911972968067
Car 0 0 0 677.7228071820635 426.48780475820513 715.8236724559026 454.7569219160602 1.4181159899992 1.9179263852296 4.5773552679405 4.058104725532132 -0.5469187150490509 63.51855566832549 -1.5268488578753605
