Car 0 0 0 672.8368822257245 424.8535756567383 706.1378192497693 451.1433268680565 1.4181159899992 1.8020784827661 4.5773552679405 3.8954224835663593 -0.7881641041153294 67.81816829104278 -1.5268488578753605
Truck 0 1 0 688.9126587498026 397.11948773008623 752.7037103208341 450.64980875257686 3.6087920168067 2.6449874087111 12.327666719099 6.879584950575765 -1.1573398411090172 81.82882086181499 -1.6179723426568746
Car 0 0 0 23.10386252379851 438.77288535874766 260.19868146920044 547.6314714441243 1.4723980458382 1.9319295449888 4.9882448003946 -8.244632130378486 1.1638633137532381 19.608738152273833 1.6128725390523897
Car 0 0 0 746.2800387803624 421.8729285546397 827.5345660337989 480.6986698531032 1.6230388202185 1.9388225625189 4.7645336123382 5.065916035687116 0.40517713347681894 35.402766959318065 -1.5249602955384827
Car 0 1 0 815.1807040822986 419.3419933256348 878.7226551146817 471.2992289646533 1.8166977859905 1.843096198091 4.4110291463941 8.570317794871487 0.2059601652601467 43.26751293307821 -1.4730503549512375
Car 0 0 0 237.69720397046484 425.9788282893811 454.73126313312434 565.8976827325109 1.7032305578396 1.9046716565303 5.0805239104348 -4.060206223688982 1.2194571517925206 17.230093434812108 1.6369758983274902
Car 0 1 0 374.6654431224569 425.7780870418469 455.48569486607886 477.0405500956381 1.5762369783227 1.9416999700169 4.4829937881693 -7.341356030747382 0.35929264014285894 39.311267462297415 1.6157672367139897
Car 0 0 0 813.2356931268387 431.2328376475532 1039.0084734189645 595.7037783443732 1.6816367902457 1.8146576390593 4.4858238422207 3.7219422989195263 1.3533468395516173 14.627314020837193 -1.5158734570564236
Car 0 0 0 483.00363630732704 426.6911934226392 551.7078722034312 476.5511480770055 1.4883875801398 1.8478723358757 5.056236984334 -3.7089829899182685 0.3197922593579917 39.10488513228596 1.6181730428980892
Truck 1 1 0 1066.0462624839754 267.70877950797467 1632.120980892046 604.0782658642307 3.3957352941177 2.5403611686242 9.3562933243818 9.177268826075299 1.1679190311930223 16.058129955464597 -1.4604911972968067
Other 0 2 0 439.01670080091566 418.0849694746457 479.5418964008063 447.1880275225572 1.7895006315273 1.9363308972306 4.3687081645289 -11.057427128176277 -1.1046188631562144 74.36962887521844 1.62954046324219
Car 0 1 0 734.0505212564686 428.2366069658428 776.045774769292 461.5780062037189 1.5028774071624 1.8420132598872 4.6291813619341 6.649917984054516 -0.16746536310765117 57.24410133064764 -1.4862395613176056
