Car 0 0 0 666.8936571349533 425.8090708592712 696.3800658842586 449.4353117530911 1.4181159899992 1.8020784827661 4.5773552679405 3.804866323930343 -0.9751381210063248 75.38773823954234 -1.5268488578753605
Car 0 0 0 731.8169638967637 421.9813916688409 796.2734899388017 470.49530292100087 1.6438119191027 1.9388225625189 4.7645336123382 5.295867327715866 0.15855061385326685 42.91058951805305 -1.5249602955384827
Car 0 1 0 786.0356712018737 425.062249013792 841.6487071883394 463.876282749544 1.5599808155421 1.843096198091 4.4110291463941 8.527076813113 -0.059324608359097 50.53986285781234 -1.5193940320668875
Car 1 1 0 -819.1850470799092 439.3657869399356 193.9633457593081 914.2191331411703 1.6852489784397 1.9270795583718 4.7977966101914 -4.598343885641257 1.6458390037949167 6.80605013525064 1.6369758983274902
Car 0 0 0 261.5404578044085 428.8918378021118 386.6987888285784 499.9217224162895 1.5762369783227 1.9416999700169 4.7952022841311 -7.838937554544025 0.7738645972609908 29.48453669888685 1.6157672367139897
Car 0 0 0 766.7843138528702 431.04563827641226 902.4485904507246 535.1414048315675 1.6233085089903 1.8146576390593 4.4858238422207 3.852893120151347 1.1087186688881456 21.193564707788223 -1.5158734570564236
Car 0 0 0 409.7098498654801 427.2361414942207 511.2909717807763 496.0563694550496 1.4883875801398 1.8478723358757 4.7253562452233 -4.142039774217051 0.6604931763132698 28.744724173686762 1.6181730428980892
Truck 0 0 0 966.6603167556092 340.40059249482573 1243.334398762393 535.1620662134414 3.3788130252101 2.5403611686242 8.549210663915 9.652274549551455 1.0215185576035923 23.688906312743956 -1.4813330687044066
Car 0 0 0 496.80577610594094 423.31344253596376 537.5539088150654 452.425019697094 1.6455077875151 1.9982315944362 4.4070137616486 -6.726420613071993 -0.724333246140386 69.67732824752906 1.6316823646221899
Car 0 1 0 723.6216639324546 422.108058025681 759.0631332057884 451.9495200202344 1.5893144035471 1.8420132598872 4.6291813619341 6.867237458844617 -0.7240803219154359 65.99928942315368 -1.4862395613176056
Car 0 0 0 566.022346911008 421.28752000998986 600.159714036861 446.38500553314543 1.5441189276886 1.9524098016852 4.5054441549589 -2.830450428006382 -1.1789075932767206 75.75036631351283 1.64924940773499
Other 0 2 0 406.89903854657774 415.5874007394581 455.1292645938482 445.920708812138 1.6235294117647 1.9363308972306 4.3687081645289 -11.307158278427682 -1.0509672324846862 65.01511956388165 1.62954046324219
