Car 0 0 0 724.5393959617128 424.8232086467774 782.3192108355123 466.6275024736289 1.539946424682 1.9388225625189 4.7645336123382 5.3629404493943 0.03398819858276045 46.973803561305026 -1.5249602955384827
Car 0 0 0 182.4759226484469 429.6763921517824 338.76359431310414 514.4690509814598 1.5762369783227 1.9416999700169 4.4829937881693 -7.976747810354363 0.9268124759129837 24.84740690126293 1.6157672367139897
Car 0 0 0 745.280601030815 427.5762586653424 860.2718043882414 510.4092355302423 1.5455374673163 1.921592821361 4.6723968615408 3.874844873986757 0.8424656521189188 25.013443521346836 -1.5158734570564236
Car 0 0 0 333.3751405498933 430.48455170000574 473.48807018757753 521.7827426974459 1.5209970919494 1.8478723358757 4.7253562452233 -4.389105786690005 0.952758429960888 22.805753981346726 1.6181730428980892
Truck 1 0 0 931.5326327915556 348.0234473347927 1146.8467064094589 503.6745774967117 3.2556733005703 2.5403611686242 8.549210663915 9.869482357812226 0.6184707052172662 27.689188227950414 -1.4813330687044066
Car 0 0 0 665.2200675199617 424.2183924223431 692.973037295333 446.4421613080466 1.4181159899992 1.8020784827661 4.5773552679405 3.8426885176986656 -1.2326760525351577 79.68180943126956 -1.5268488578753605
Car 0 0 0 482.59820414365976 425.53252408522536 528.3412680253433 456.14680802480586 1.5491644784976 1.9982315944362 4.4070137616486 -6.755538745417707 -0.46336916498816144 63.17698697278042 1.6316823646221899
Car 0 0 0 557.6025044787057 423.2088068872813 594.772816419591 450.393322765418 1.5441189276886 1.9524098016852 4.5054441549589 -3.062277477758257 -0.8572188787040406 70.40900789141155 1.64924940773499
Other 0 2 0 384.6331156321013 417.3005857785432 438.5275941753557 450.51647698735695 1.6235294117647 1.9363308972306 4.3687081645289 -11.430950167604596 -0.7362773084966809 59.77750831204717 1.62954046324219
Car 0 2 0 775.5812356047651 420.6435589162948 825.8758482085535 458.68534350444713 1.6861678996438 1.843096198091 4.4110291463941 8.595011138780944 -0.29810431365297313 54.7090147661653 -1.5193940320668875
