Car 0 1 0 726.2400459437821 425.2271283976961 764.1871569047529 455.6289954572641 1.5028774071624 1.8420132598872 4.6291813619341 6.675165361083418 -0.49035868652975173 62.12140729598551 -1.4862395613176056
Car 0 0 0 669.0190788143965 424.34807967358654 699.9728322849026 448.94689389717126 1.4181159899992 1.8020784827661 4.5773552679405 3.8288409573236937 -0.9699922065510066 72.23175606632009 -1.5268488578753605
Car 1 2 0 -151.82141874000524 443.2123683056735 166.3377761104549 580.99911338935 1.4723980458382 1.9319295449888 4.4623276169664 -8.397180083247916 1.3065120464078088 15.725959710798735 1.6128725390523897
Car 0 0 0 730.9832424702323 421.8085315285687 800.9618903775859 473.29043167575577 1.6022657213344 1.9388225625189 4.7645336123382 4.952315753215531 0.22778496751376737 39.66129557050219 -1.5249602955384827
Car 0 1 0 796.1920638063493 424.3438821049742 856.6645253041058 465.7629608531131 1.5599808155421 1.843096198091 4.4110291463941 8.52986331387854 0.012483016726154011 47.424444227703844 -1.5193940320668875
Car 0 0 0 -87.14756830837166 429.99475260985446 344.6529479087503 672.8110663572929 1.7072319688828 1.9046716565303 4.7977966101914 -4.380582043266018 1.472556960865754 10.913194153807558 1.6369758983274902
Car 0 1 0 310.6709132036623 427.5302808514391 414.4207480415478 489.6822195443388 1.5762369783227 1.9416999700169 4.4829937881693 -7.667545413371807 0.6230024571403159 32.93684258262118 1.6157672367139897
Car 0 0 0 780.6581550699628 421.770830463062 948.0135129489272 551.1548447580795 1.7496864517105 1.8146576390593 4.8943542278515 3.7996885800230715 1.1413222773749307 18.54574031120218 -1.5158734570564236
Car 0 0 0 447.4984559633785 428.78272451493535 532.1083581794868 488.2237979930237 1.4883875801398 1.8478723358757 4.9895065943352 -3.9545027716323107 0.5707736322041157 33.30952425066875 1.6181730428980892
Truck 1 1 0 998.8367438815878 313.8177766476366 1340.660012223148 546.7912460054423 3.4126575630252 2.5403611686242 8.9791278668418 9.507696569535904 0.9819199282103035 20.929073434090366 -1.4604911972968067
Other 0 2 0 422.0462286014151 415.1923983850112 466.70745203761294 449.8708663821323 1.9969646562306 1.9363308972306 4.3687081645289 -11.183518204182693 -0.871741458608857 69.05598138045693 1.62954046324219
Car 0 1 0 512.5122596539767 421.03425032530856 549.0735937142548 447.5229385911608 1.6455077875151 1.9982315944362 4.4070137616486 -6.41421470047417 -1.1051657936105181 75.9961496429692 1.6316823646221899
Car 0 0 0 568.8176166141537 419.94730373879526 601.0220659900003 443.5877592914859 1.5441189276886 1.9524098016852 4.5054441549589 -2.863270005366109 -1.4355831952403537 80.03859149096473 1.64924940773499
