Truck 0 1 0 687.5284870038045 396.9015159583086 749.1814788077138 449.5315378034628 3.6087920168067 2.6449874087111 11.874582490525 6.795811751787128 -1.234066233805785 82.83981456009658 -1.6179723426568746
Car 0 0 0 -7.421170432517442 440.7373600861115 243.3514964384316 555.2060108977774 1.4723980458382 1.9319295449888 4.8448128412778 -8.250759969533945 1.2168589608864884 18.724912393841308 1.6128725390523897
Car 0 0 0 743.1346424303733 424.38204976402665 821.2606331807431 478.9164043685815 1.539946424682 1.9388225625189 4.7645336123382 5.07811481712809 0.36915310205907736 36.52362134628107 -1.5249602955384827
Car 0 1 0 812.5073111731411 422.25275673387046 874.1673282693064 470.360112807297 1.7080867600316 1.843096198091 4.4110291463941 8.635492267140753 0.1789076488042034 44.30360622797871 -1.4730503549512375
Car 0 0 0 189.72417386319452 428.7782797051564 434.47865049396376 585.136694010135 1.7072319688828 1.9046716565303 4.7977966101914 -4.110988107820479 1.3176850306994856 15.596685087142864 1.6369758983274902
Car 0 1 0 348.6478623987216 426.9816243133079 437.79626987445744 482.1858824003603 1.5762369783227 1.9416999700169 4.4829937881693 -7.572248867646351 0.4848967242221849 36.75840796183367 1.6157672367139897
Car 0 0 0 804.1797607714005 428.2828419488823 1010.200314368668 579.031552482078 1.6719154100365 1.8146576390593 4.4858238422207 3.7410567292677475 1.2695246990351063 15.600177858985319 -1.5158734570564236
Car 0 0 0 474.511174171062 425.9030021069534 545.7393618555275 477.2571853642143 1.4883875801398 1.8478723358757 4.669583567885 -3.804711426774623 0.33591211987990466 37.542614740000786 1.6181730428980892
Truck 1 1 0 1048.6316512116202 302.8808437518777 1485.687049593255 590.0775019402 3.4295798319328 2.5403611686242 8.255552933278 9.253337921750576 1.2939630035397343 17.552938692196633 -1.4604911972968067
Other 0 2 0 435.0140669006795 418.4885516673863 476.5306272499533 450.7598920589968 1.9554718512899 1.9363308972306 4.3687081645289 -11.087744494470291 -0.8588266984630363 73.04602043300366 1.62954046324219
Car 0 1 0 733.0053656724198 427.5935699768914 774.0292075535145 460.185003720348 1.5028774071624 1.8420132598872 4.6291813619341 6.708250991522694 -0.238447489410001 58.421828495195264 -1.4862395613176056
Car 0 0 0 672.2276116610033 423.5085220479679 704.9208278854114 449.2609655859412 1.4181159899992 1.8020784827661 4.5773552679405 3.905035809777887 -0.9123655111288441 68.95231679277937 -1.5268488578753605
