Car 0 0 0 787.6067371518892 428.70662862485113 879.3175412467094 500.3497686501101 1.6607642580099 1.8420132598872 4.6291813619341 5.585168225864669 0.8244806482199776 30.3255017266207 -1.4862395613176056
Car 0 0 0 698.2911117246379 429.7369851024852 757.4663532022892 472.3627361453762 1.4181159899992 1.8020784827661 4.5773552679405 3.9411849184548657 0.23553352993427407 43.249296746111035 -1.5528312979268366
Truck 0 1 0 776.3335398601553 387.7213293120495 892.1818211405543 465.6394986121067 3.3075945378151 2.6449874087111 10.571965333377 9.671219918725628 -0.1754289313091502 52.85597627713144 -1.6227279638691476
Car 1 2 0 -387.918287508573 448.79138423594287 76.684141745396 626.5817656841383 1.4783044982699 1.8276278562606 4.97362729121 -8.744089178172748 1.4431078335105725 13.22868505640706 1.64085213036849
Car 0 0 0 391.69812502380097 427.1507381889284 465.0015688451056 472.8261709140325 1.4723980458382 1.8875173715408 4.4623276169664 -7.255637689559846 0.23975610766657435 41.424902046505984 1.6128725390523897
Car 0 0 0 875.8948021074248 441.68612753198215 1161.787469625997 621.9745750040004 1.6590949847103 2.0219149580554 4.7645336123382 4.582100492323703 1.5084864880445157 13.85480994083986 -1.4927600838721145
Car 1 1 0 1004.1040373868068 431.503508738192 1205.5093476674276 546.7810806750263 1.6483247122551 1.8323178577513 4.4110291463941 8.20590875243174 1.1875974899455854 19.518055809091788 -1.4730503549512375
Car 0 1 0 687.7475811045897 422.2756835621964 721.2946337376328 449.706194410944 1.6046688099558 1.8141246814211 4.6401727975872 5.136183567024115 -0.9254241773673746 72.34385337602998 -1.5432741903350367
Car 0 0 0 536.8377011284293 422.5915696046743 586.683024553713 459.0555707639888 1.4943569013882 1.9046716565303 4.3767778419991 -2.87422509334471 -0.2699674623670617 51.314500958237296 1.6369758983274902
Car 0 1 0 490.0100340500848 420.3307458162221 530.1672507309386 447.58616215431033 1.4962846266162 1.9416999700169 4.2339385777154 -6.947707370390943 -0.9863186213902846 67.4943241797078 1.6157672367139897
