Car 0 0 0 668.5653184276107 425.3783049653717 699.0423087288881 449.6860317740861 1.4181159899992 1.8020784827661 4.5773552679405 3.83853511141943 -0.934880228215272 73.25882803054245 -1.5268488578753605
Car 1 3 0 -221.92900400030797 446.34591748602895 135.85930094059643 597.4546042673774 1.4723980458382 1.9319295449888 4.4623276169664 -8.404809875568477 1.3724970977881132 14.625505404905057 1.6128725390523897
Car 0 0 0 730.4396534304368 421.23072982713023 798.6556859179694 472.30289770946735 1.6334253696606 1.9388225625189 4.7645336123382 5.019438647187822 0.20313274210059568 40.58569390378434 -1.5249602955384827
Car 0 1 0 792.9908754516772 423.086260250829 851.7612790986291 463.4408226334368 1.5599808155421 1.843096198091 4.4110291463941 8.546931949997319 -0.08082264672093387 48.48445730059768 -1.5193940320668875
Car 1 1 0 -194.8821207580876 432.4024158395325 317.17531910297964 711.5623932078038 1.7072319688828 1.9046716565303 4.7977966101914 -4.41372652449301 1.529580881742006 9.848307027242527 1.6369758983274902
Car 0 0 0 296.96614454731764 428.7025216758337 406.3367617150705 493.6367993927469 1.5762369783227 1.9416999700169 4.4829937881693 -7.679710569683065 0.6972089630837508 31.699710126120827 1.6157672367139897
Car 0 0 0 772.9454827407626 427.2258523216034 925.7623206402246 541.498462554714 1.613587128781 1.8146576390593 4.4858238422207 3.726292143994822 1.0793326113744401 19.26419453627803 -1.5158734570564236
Car 0 0 0 436.2099090366573 426.2897110673428 525.9253493239569 492.5742510520593 1.6071793731604 1.8478723358757 4.9895065943352 -4.030750717665387 0.6537717421584224 31.933402124277737 1.6181730428980892
Truck 0 0 0 989.8575622603464 310.92226524374104 1306.6015234739891 539.6650594924857 3.5649579831933 2.5403611686242 8.3526770854342 9.540418096600556 0.970692643754828 21.647626733852064 -1.4813330687044066
Other 0 2 0 421.3613831911747 418.6294139171167 464.7677441693436 450.21654222996426 1.7583810278218 1.8014792811735 4.3687081645289 -11.035925473755032 -0.8353676589572921 67.63833024036603 1.62954046324219
Car 0 1 0 725.3931415443617 424.6731788989375 762.5228448176251 454.4341919717522 1.5028774071624 1.8420132598872 4.6291813619341 6.734921124831338 -0.5630720842052996 63.32785951332649 -1.4862395613176056
Car 0 1 0 509.3475615577064 421.5768863345285 546.8638569146837 448.6898914180159 1.6455077875151 1.9982315944362 4.4070137616486 -6.455850239815516 -1.0081134635844595 74.38125608047574 1.6316823646221899
Car 0 0 0 569.3257578758004 420.4893570367109 602.2333390248288 444.7287578242872 1.5441189276886 1.9524098016852 4.5054441549589 -2.7357802799786617 -1.3270639605042864 78.21183661918971 1.64924940773499
