Car 1 2 0 886.1767579040817 446.56986018594057 1505.7892095616094 807.9493996414986 1.5431749910728 1.9015042193804 4.2490729427044 3.244029483566256 1.5414768282086868 7.514713319832326 -1.5507717376988635
Other 0 1 0 1043.8891903501144 330.0621212501779 1250.6428345972845 550.8320400040973 2.7914828005338 2.2808143342375 4.5317225575154 7.9112132760446565 0.9755944984962437 16.638273915230105 -0.9933127420531166
Cyclist 0 0 0 917.3480705798198 423.66508444903616 956.6418821259788 502.73889351505926 1.5765113695251 0.70722900731763 1.6582582717573 6.647792109376385 0.7805966197326937 23.66252583699241 1.92973184824449
Cyclist 0 0 0 744.2158072093267 411.9159304371399 772.0395219915393 456.3723532471448 1.6147939039006 0.64753490501163 1.6684032904612 5.012145460633329 -0.26441183339800634 41.94927096927385 -1.6674599329831465
Car 0 0 0 813.1056269609712 419.19946479837137 891.479913224929 467.64695474554327 1.6061650514799 1.7294417816487 4.1585523290517 8.368137740491038 0.0632396460337005 41.288972517093725 -1.6235827632057545
Car 0 0 0 762.1833483283153 401.9248315420067 822.8590150439793 457.1220478884234 2.4088097327727 1.7919343485905 4.6945856041651 7.722855348372187 -0.36887657855486017 51.69059936265857 -1.6091195345970946
Car 0 0 0 606.7076605924113 410.6227158876512 645.3418478650315 447.6551701020534 1.6691485171859 1.8025338802383 4.2426779838581 0.07920886745528606 -0.8106677556615108 54.31315552586206 -1.5197607469917747
Truck 0 1 0 717.8942034303049 376.8764623315007 774.974592818513 444.6115650160592 4.2119891065798 2.81013174684 9.2414329579997 7.9833877978317815 -1.3804255332207884 74.17960922932983 -1.5337198127771645
Cyclist 0 0 0 693.9274848713834 417.2162826983074 704.4232260035286 440.69802027768174 1.530612244898 0.58935230811539 1.6803040842936 4.9957711912398315 -1.4801217729800866 75.00572505632998 -1.5371339856101196
Car 0 2 0 977.4829982240576 412.2875884522906 1113.637932394483 483.5778075045699 1.6627370615496 1.8553455451995 4.4575431281679 11.192368812044569 0.38421912914819434 29.439935379594523 -0.8029598558999966
