Car 0 0 0 830.4396497982815 436.3035988091979 1225.4658675557166 680.2328190964879 1.5431749910728 1.9015042193804 4.2490729427044 3.2074251460058143 1.3970694355265687 9.92949204417112 -1.5507717376988635
Other 1 2 0 1193.5209805468432 308.2886249442756 1529.0111351669975 635.353629838226 2.7914828005338 2.468812155498 4.5317225575154 7.759714282274438 1.3335375316642537 12.110991160726243 -0.9933127315163965
Cyclist 0 2 0 1007.1824864677257 427.6229347212617 1082.849637781284 540.1394156022579 1.5422393832311 0.78276726282283 1.6582582717573 6.2304405842069235 1.0525320139587855 16.59517957839928 1.8095511501810897
Cyclist 0 0 0 748.0029715882787 422.4207640649752 776.3669085276746 467.9311894053917 1.6147939039006 0.64753490501163 1.6684032904612 5.0941799811125215 0.16023641654975995 41.37620138752579 -1.6674599329831465
Car 0 0 0 841.1813574021003 424.9312702471163 921.6298081401192 479.99116248137375 1.6010669237789 1.6235575909355 4.1585523290517 8.41849463786044 0.42996319650565784 36.83979918120719 -1.5552056639417302
Car 0 0 0 782.1921997435766 408.068397630537 851.06814507624 467.9623302763068 2.3483135949609 1.7919343485905 4.6945856041651 8.057602585561451 0.0884124146791131 47.180836914452655 -1.6091195345970946
Car 0 0 0 609.6384487676172 422.1588140339891 644.0261778765953 455.3694135374165 1.5489795918367 1.7086788241149 4.2194830981189 0.12137948933196611 -0.4673073831230719 57.6776781797657 -1.5197607469917747
Truck 0 1 0 724.15274566772 382.9420302457969 786.1347822410263 453.6561132709092 4.1101914106743 2.81013174684 9.2414329579997 8.019934563555216 -0.779184300284988 69.62434292546136 -1.5337198127771645
Car 0 2 0 1071.499100673993 426.2508493729791 1176.3392766173274 510.8617881477038 1.581960112643 1.8553455451995 4.4575431281679 11.258351164260851 0.8452724687818218 24.944339712492393 -1.0549280005075965
Cyclist 0 0 0 699.8704893344097 424.02196163898486 710.5412403626364 449.5380157188532 1.6500000072869 0.58935230811539 1.6803040842936 5.381837852416922 -0.8863159916733494 74.712078865171 -1.5371339856101196
