Car 0 0 0 816.8938592305086 447.9991669555933 1168.5086527061949 676.8017710830522 1.5556792138306 1.9015042193804 4.2490729427044 3.1968871236402734 1.5256580183892208 10.718947681344304 -1.5507717376988635
Cyclist 0 2 0 1050.2365310788523 440.071829087756 1146.1234042572144 581.1656519267503 1.6193513523927 0.78276726282283 1.6582582717573 5.976905114662146 1.3718344450285138 14.16170483139045 1.8095511501810897
Cyclist 0 0 0 750.9583883233033 423.736292245665 779.7584916390856 469.81474394592937 1.6147939039006 0.64753490501163 1.6684032904612 5.154876096208228 0.2257991072541457 40.92363803847076 -1.6674599329831465
Car 0 0 0 849.8139529935889 435.72129567248845 936.7250545916892 497.408322735873 1.6934693990161 1.6866959416941 4.1585523290517 8.479999428364813 0.9319262094078358 35.49342141532222 -1.5552056639417302
Car 0 0 0 786.2368451898407 419.4100491973367 857.9379172810002 482.8972198287381 2.3598816422267 1.7919343485905 4.6945856041651 8.020364123142135 0.6626183063238954 45.682028987697265 -1.6091195345970946
Car 0 0 0 609.9207967762553 433.4963406939675 644.8364064251663 466.7761579686619 1.5489795918367 1.7765091744106 4.2403372155725 0.15144718531142476 0.10849041803678539 59.004538863995215 -1.5197607469917747
Truck 0 1 0 728.8136633779945 394.6439463202312 792.8154673653844 471.9320846374432 4.4030163538673 2.81013174684 9.2414329579997 8.204660584165227 0.27894822770051875 68.27035134144704 -1.5337198127771645
Car 0 0 0 1096.3871123302763 440.5798359941797 1203.9987205193634 535.4453316865194 1.6128825383963 1.8553455451995 4.4575431281679 11.203943578020263 1.2542565790018632 23.58010852869079 -1.0549280005075965
Car 0 2 0 1158.6084318303997 439.7964350856307 1291.312108160021 512.2513056917327 1.7541376466215 1.6132809392354 4.1663497379011 16.919835430204127 1.2069287123175434 31.605820102913544 -1.4961984324042905
Cyclist 0 0 0 701.8707695415112 436.5011583905136 712.945445177002 461.8977143352775 1.6170180890577 0.69281621191497 1.8443522726953 5.530106212020133 -0.06848140041261908 74.72393229470278 -1.4866027070083785
