Car 1 2 0 946.2286416468936 465.1973134226092 1910.5193648964569 1004.6777437970176 1.5431749910728 1.9015042193804 4.2490729427044 3.2925276147865543 1.6972155711978287 5.882718116554128 -1.5507717376988635
Other 0 0 0 973.6718896119708 354.1412838439179 1156.4890261065898 537.5760970190267 2.8163265306122 2.2312153503351 4.5317225575154 7.857101955977054 1.0118250962199837 19.627132035972252 -0.9933127420531166
Cyclist 0 0 0 885.1052072325963 428.3982052734255 919.0063907132808 487.278267058054 1.4204081632653 0.70722900731763 1.6582582717573 7.15070915555253 0.5771234416955009 28.663241277685305 1.92973184824449
Cyclist 0 0 0 742.6622815997599 423.3789963257022 773.6783732632432 467.4080819946705 1.6147939039006 0.79583230434944 1.6684032904612 5.1174630460343264 0.1469472613936207 42.82358873965072 -1.6674599329831465
Car 0 0 0 802.5588075670208 426.0467840144853 873.9617483610685 467.5927005246563 1.4571428571429 1.7294417816487 4.1585523290517 8.469821545073518 0.07728915273843553 44.49930384836436 -1.6235827632057545
Car 0 0 0 758.2235161049653 408.9328943497989 814.9421228610331 459.4019730765962 2.3108843537415 1.7919343485905 4.6945856041651 7.902924863417969 -0.2751418488375389 54.798626989294654 -1.6091195345970946
Car 0 0 0 606.2755207323861 415.37847497377874 644.9686936016188 455.6656298076584 1.7216096567357 1.7263006489901 4.3372024631735 0.06041627374685539 -0.42357698672221655 52.106566454054324 -1.5197607469917747
Truck 0 1 0 715.3404091805704 384.6050626887469 769.6267156713292 448.7986927012003 4.1729892074448 2.81013174684 9.2414329579997 8.056817059394419 -1.1554958467518177 77.31044566344998 -1.5337198127771645
Cyclist 0 0 0 693.8741309674456 423.66846098874 704.3533879781542 447.2536729749282 1.530612244898 0.58935230811539 1.6803040842936 4.9988478693840985 -1.0436689085373616 75.11432158616454 -1.5371339856101196
Car 0 2 0 955.3288506719668 429.41648484761487 1080.6985406519302 491.70983532651184 1.5390473585363 1.8553455451995 4.4575431281679 11.50022517196752 0.6617162117675883 32.38169698887705 -0.8029598558999966
