Car 1 1 0 844.7163224034697 438.9305888036079 1289.5257632843766 709.5032137227699 1.5431749910728 1.9015042193804 4.2490729427044 3.218445806776657 1.4405469300975273 9.202461890606783 -1.5507717376988635
Other 0 1 0 1115.7239287608368 319.71509953328035 1412.1174033348573 604.3896069718048 2.7914828005338 2.6055378436874 4.5317225575154 7.716439809894525 1.247051152477733 13.559798885677054 -0.9933127420531166
Cyclist 0 0 0 972.921983668029 426.5725824755654 1024.3532827644954 528.1570715177979 1.6159397508648 0.78276726282283 1.6582582717573 6.412707448742839 1.0296892759402103 19.111091440226016 1.92973184824449
Cyclist 0 0 0 747.1621300162428 423.75450038880376 775.3996681184118 469.1679631319833 1.6147939039006 0.64753490501163 1.6684032904612 5.077116174883669 0.20621862782971107 41.51083150435021 -1.6674599329831465
Car 0 0 0 831.6021186463478 424.5514477099797 910.6104752473182 477.61452553128646 1.6157730613779 1.7294417816487 4.1585523290517 8.433881588084631 0.3775825029633023 38.44415286495756 -1.5552056639417302
Car 0 0 0 775.6044175825374 407.7395862340477 841.722416935442 468.0021417438389 2.4408579730874 1.7919343485905 4.6945856041651 7.954882749576381 0.09753610333316018 48.58847721000219 -1.6091195345970946
Car 0 0 0 607.3613743579074 416.72078635756816 644.3053137716541 452.7248879945309 1.6687055434697 1.7958892744951 4.2677454842259 0.07164434100654651 -0.5914094891341084 56.512000760926774 -1.5197607469917747
Truck 0 1 0 722.0560500686879 383.2526741902272 782.2176991364953 452.2279048506264 4.1101914106743 2.81013174684 9.2414329579997 8.023086919932016 -0.8773350710273605 71.26222723952172 -1.5337198127771645
Cyclist 0 0 0 697.6299387128491 423.4653006933477 708.2172689940115 447.10852366587983 1.530612244898 0.58935230811539 1.6803040842936 5.242658421707313 -1.0507390066803453 74.9184482345055 -1.5371339856101196
Car 0 2 0 1044.2403865686688 428.1926974469788 1146.2709402678918 511.0900240202577 1.6541124394008 1.8553455451995 4.4575431281679 11.266074440538183 0.9180121318477028 26.487018056325713 -1.0549280005075965
