Car 0 0 0 789.0763667323486 449.7539549338936 1062.9610289069617 633.8525560619936 1.5315331285051 1.9015042193804 4.2490729427044 3.167641575480319 1.4997526517331037 12.697833369491336 -1.5507717376988635
Cyclist 0 0 0 1189.7345344480866 455.7347122170972 1362.0991468807338 662.2247582033491 1.5705662290456 0.78276726282283 1.6582582717573 5.662496464809589 1.558836598192297 9.824069588262805 1.8095511501810897
Cyclist 0 0 0 746.2220479479778 445.2759615193959 774.9846814070522 492.4783491431566 1.6147939039006 0.64753490501163 1.6684032904612 4.954966444223715 1.0377734672136476 40.717868106507346 -1.6674599329831465
Car 0 1 0 868.4333664116141 441.0043417392215 963.7281774035262 507.0801833468538 1.6371459813552 1.6235575909355 4.1585523290517 8.454568802259953 1.1077626477351246 32.64621862296616 -1.5552056639417302
Car 0 0 0 793.8688569971808 424.7735706882018 871.5583052648834 492.9441704603422 2.343308643899 1.7919343485905 4.6945856041651 7.9130155893994045 0.9742648665897098 42.80553008026422 -1.6091195345970946
Car 0 0 0 609.8201569361268 443.518320251122 645.0023231632904 476.3000493527837 1.5489795918367 1.8540295747485 4.156920745758 0.15646885723553605 0.624674868612527 60.97859567805791 -1.5197607469917747
Truck 0 1 0 729.9701283566017 397.3001976204298 797.0586146417484 478.8643565383636 4.4316875096382 2.81013174684 9.2414329579997 8.020324673898806 0.6347390423186932 65.51461896090434 -1.5337198127771645
Car 0 0 0 1162.7138848718396 439.5534252756312 1277.8619905141509 549.7429182141725 1.638756404843 1.6801184659307 4.4575431281679 11.072331063934248 1.3117325964390307 20.78998601657882 -1.0549280005075965
Car 0 2 0 1209.9279960938825 443.8155463220716 1366.693867737304 528.6722797694265 1.8348016935833 1.6132809392354 4.1663497379011 16.85783617498793 1.459547769791698 28.52898491757824 -1.4961984324042905
Cyclist 0 0 0 702.716834458478 443.3348554077608 713.7393876933565 469.52152127203567 1.6709186920263 0.69281621191497 1.8443522726953 5.62288284526643 0.4417685119309239 75.2258167539462 -1.4866027070083785
