Car 0 0 0 808.0099049496553 451.56735064529465 1133.1384675064237 654.9747501996163 1.4500400905317 1.9015042193804 4.2490729427044 3.1879690753877825 1.45577417191298 11.288045450438716 -1.5507717376988635
Other 1 2 0 1329.140930027476 293.7422957279166 1839.1577314110211 740.3480387961556 2.9117455997371 2.5884471326637 4.5317225575154 7.863023034086207 1.670984133109379 9.895488455997462 -0.9933127315163965
Cyclist 0 2 0 1084.5886709701754 454.914222337165 1194.6895172052052 604.2006702302552 1.5422393832311 0.78276726282283 1.6582582717573 5.9734794614654465 1.5020486722341624 13.027923405304126 1.8095511501810897
Cyclist 0 0 0 752.3667484817173 442.528345924468 781.3453796252173 489.5761575394875 1.6147939039006 0.64753490501163 1.6684032904612 5.188116454393505 0.9344841361657308 40.75306700613629 -1.6674599329831465
Car 0 0 0 855.2576722946926 442.32139010212336 942.8516064843828 501.9761430864813 1.5649878662025 1.6235575909355 4.1585523290517 8.464808602761243 1.0405117164382687 34.68326688795283 -1.5552056639417302
Car 0 0 0 789.4607530911929 423.0114384068192 863.341955561858 489.5445812345368 2.4177218785558 1.7919343485905 4.7989097287021 8.072046364731278 0.9007940724953927 45.01242747795798 -1.6091195345970946
Car 0 0 0 613.4954276600345 434.31833177639294 647.2572561199946 472.07573080742526 1.7903336160369 1.7377489742416 4.5275282045054 0.31149822367515734 0.37813299386119614 59.872455989454615 -1.5197607469917747
Truck 0 1 0 729.8550620976788 397.8502140611183 794.7478668109986 458.0600132029188 3.3645372167025 2.81013174684 9.2414329579997 8.197183389501062 -0.513585681342607 67.48600959049348 -1.5337198127771645
Car 0 0 0 1116.3023650409864 445.60691940223785 1228.8496792781111 537.1452585777093 1.4582704096297 1.8553455451995 4.4575431281679 11.225254441093597 1.2295193599461884 22.73467304944988 -1.0549280005075965
Car 0 2 0 1171.689276810574 442.99400299149016 1310.111983733721 505.9822906308668 1.4404441306591 1.6132809392354 4.1663497379011 16.883797647791887 1.0052168672499167 30.725575116868313 -1.4961984324042905
Cyclist 0 0 0 701.7469518732787 441.61035809896566 712.743224087912 466.9513857188986 1.6170180890577 0.69281621191497 1.8443522726953 5.5565701291265635 0.2697451934715157 75.23003565349285 -1.4866027070083785
Truck 1 2 0 1270.708237663998 390.58351415905634 1486.3546043993192 574.7939069923326 2.4122448979592 2.099956878328 3.9262637152412 11.128052985183766 1.346591251482732 16.7903040506922 -1.0788094613769466
