Car 0 0 0 797.3709103392051 448.5800050805297 1093.012394487923 644.2927759063734 1.5315331285051 1.9015042193804 4.2490729427044 3.1771444942307454 1.4920889583559687 12.045914453925407 -1.5507717376988635
Cyclist 0 0 0 1161.8667930883728 450.545772035229 1311.8287567613716 635.881913499757 1.5705662290456 0.78276726282283 1.6582582717573 5.86366694081814 1.4991101045915476 10.796642581584067 1.8095511501810897
Cyclist 0 0 0 747.0712247200713 436.9333121004008 775.9763338501389 483.9699985965405 1.6147939039006 0.64753490501163 1.6684032904612 4.970128443918022 0.7294388767135009 40.56752011861857 -1.6674599329831465
Car 0 1 0 865.2459291208676 435.88446719037296 958.1890099074546 500.5988903122227 1.6551855101434 1.6235575909355 4.1585523290517 8.490950275751517 0.9512302326819724 33.275346900503536 -1.5552056639417302
Car 0 0 0 793.289605864253 418.6917941844766 869.5123692879142 484.057576386042 2.3103042968018 1.7919343485905 4.6945856041651 8.001342376980068 0.6655202713122031 43.54435373840057 -1.6091195345970946
Car 0 0 0 610.3195015807331 434.9927254933298 643.3248156175282 467.1778267142461 1.5489795918367 1.7377489742416 4.1337258600187 0.12500212418537357 0.14152720051149187 60.93847480207905 -1.5197607469917747
Truck 0 1 0 729.0654985071573 397.2846439337257 795.3372222479396 469.5862347710072 3.9631390504694 2.81013174684 9.2414329579997 8.01813003027187 0.12981185260787664 66.10786505625283 -1.5337198127771645
Car 0 0 0 1147.2733838931797 434.9614165286442 1277.3756681025352 541.2927010622986 1.6490638800941 1.9790352482128 4.4575431281679 11.288477191592285 1.2116615518477964 21.46683344271423 -1.0549280005075965
Car 0 2 0 1195.7277417413295 439.61210018492113 1345.9197234009648 513.9895572548434 1.6465855840058 1.6132809392354 4.1663497379011 16.82479033037964 1.141986797918901 29.22725594801477 -1.4961984324042905
Cyclist 0 0 0 701.7380073557042 437.70147742748975 712.7381078196348 462.96196504756136 1.6170180890577 0.69281621191497 1.8443522726953 5.55407560071466 0.0026610133440159445 75.20273569491187 -1.4866027070083785
