Car 1 1 0 853.7300109913692 440.5900955187911 1332.4793199795856 729.1015775992807 1.5431749910728 1.9015042193804 4.2490729427044 3.2247433272171526 1.4653912127095028 8.787016088570034 -1.5507717376988635
Other 0 1 0 1090.9870795058898 314.8748063377696 1364.352726877173 580.8766977684016 2.7914828005338 2.6055378436874 4.5317225575154 7.766295969422292 1.0977196528368602 14.331593103904563 -0.9933127420531166
Cyclist 0 0 0 958.8512105618672 430.3084401660648 1007.2934588668732 525.1169584108516 1.5850793660986 0.78276726282283 1.6582582717573 6.481591028715203 1.0370497615005243 20.118451308667105 1.92973184824449
Cyclist 0 0 0 745.6191405063952 419.96852449091546 773.635641912695 464.9698780242561 1.6147939039006 0.64753490501163 1.6684032904612 5.0438888618553435 0.053160359884254826 41.7451236090527 -1.6674599329831465
Car 0 0 0 828.4976684070998 417.1283736750119 906.01185822737 475.7975086715893 1.8559733088291 1.7294417816487 4.1585523290517 8.422784781448756 0.3249887533537059 39.00203031247048 -1.5552056639417302
Car 0 0 0 771.623833558383 407.2855844995634 836.0985893814303 464.46532764512295 2.3600135971385 1.7919343485905 4.6945856041651 7.88880216651129 -0.04768586892061742 49.46997889974708 -1.6091195345970946
Car 0 0 0 609.3139689866384 416.1878201646272 645.639270783787 454.05471327868327 1.7431394834238 1.7474390242839 4.3028995679334 0.1515166023125452 -0.523255085894258 55.9891805694909 -1.5197607469917747
Truck 0 1 0 721.214779217695 383.3767790741767 780.6527912964051 452.25629042568073 4.1465647859901 2.81013174684 9.2414329579997 8.024654536995293 -0.8816418608728186 71.94214769165582 -1.5337198127771645
Cyclist 0 0 0 697.4927810145011 421.42247037371607 708.06494078194 447.0158007193094 1.6666666666667 0.58935230811539 1.6803040842936 5.242458766147821 -1.0587356711514415 75.05194726268593 -1.5371339856101196
Car 0 2 0 1029.3753341943643 423.9301851804321 1130.4355211238776 504.1070994429354 1.6644199146519 1.8553455451995 4.4575431281679 11.190598213252146 0.7934112085933036 27.19703721454253 -1.0549280005075965
