Car 1 2 0 964.7614258748436 469.04360631950703 2076.0345210186747 1080.591952443696 1.5431749910728 1.9015042193804 4.2490729427044 3.29882513522715 1.7220598538098033 5.467272314517382 -1.5507717376988635
Other 0 0 0 959.386497573641 356.2112496725105 1135.4560329765404 530.5094423819667 2.8163265306122 2.2139725348415 4.5317225575154 7.8814666923181695 0.9582839330260533 20.517856576876333 -0.9933127420531166
Cyclist 0 0 0 873.2881622090631 431.73250876773255 906.4351015126098 488.5377214167344 1.4204081632653 0.70722900731763 1.6582582717573 7.101830026089729 0.6351844279296156 29.777736698571886 1.92973184824449
Cyclist 0 0 0 740.8826052110477 417.07005004113546 771.6288513255713 462.83126984879294 1.701300720181 0.79583230434944 1.6684032904612 5.077402070061134 -0.025762902669220933 43.107424728766944 -1.6674599329831465
Car 0 0 0 797.8398416187723 420.1294835321307 867.4961550778384 466.9937999460144 1.7165591243902 1.7294417816487 4.1585523290517 8.398474973794007 0.05804134774742761 45.31119411414904 -1.6235827632057545
Car 0 0 0 755.0312322430512 408.7433637013559 810.5630727542011 456.376509939294 2.2145335276968 1.7919343485905 4.6945856041651 7.838927999721536 -0.4222887029259677 55.65129715925055 -1.6091195345970946
Car 0 0 0 604.3681359805578 415.55182778342265 642.8209882238328 452.4611744200795 1.5489795918367 1.6975821539053 4.4488783901089 -0.0298063505584895 -0.5662448461289824 51.61213210915746 -1.5197607469917747
Truck 0 1 0 714.5548488237583 384.0229465407477 768.1993862060565 447.8704927016268 4.1922785744035 2.81013174684 9.2414329579997 8.058040629849376 -1.2256433725051556 78.04310305155288 -1.5337198127771645
Cyclist 0 0 0 693.8131625006916 417.1811162446817 704.302548095819 445.1534302273952 1.834001457726 0.58935230811539 1.6803040842936 4.99778218470751 -1.1846650437254398 75.14709836149177 -1.5371339856101196
Car 0 2 0 946.0933384396234 424.755624831619 1069.136708513368 489.21566457030553 1.6627370615496 1.8553455451995 4.4575431281679 11.469786444570483 0.6135623510197085 33.17857882248739 -0.8029598558999966
