Car 1 2 0 925.4847305445548 461.5542680012154 1765.0149777949414 940.604103070492 1.5431749910728 1.9015042193804 4.2490729427044 3.2625560510050944 1.6710077469161808 6.32378770133011 -1.5507717376988635
Other 0 0 0 987.4227028612104 352.21294517302505 1179.1738061064034 544.0037689500506 2.8163265306122 2.3001866123092 4.5317225575154 7.881735527927066 1.0551546273960182 18.900924472712052 -0.9933127420531166
Cyclist 0 0 0 891.6199749540131 430.00399289936206 926.873816572452 495.2705261267465 1.4993197278911 0.70722900731763 1.6582582717573 6.995198479151029 0.7371444284673893 27.330630656318334 1.92973184824449
Cyclist 0 0 0 743.7077795157293 417.32603832030816 771.0603718634896 461.2727290338471 1.6147939039006 0.64753490501163 1.6684032904612 5.065030417586571 -0.08358814388493135 42.627561408319046 -1.6674599329831465
Car 0 0 0 804.8046358242786 427.1351149276439 877.6506001126355 469.5039188797044 1.4571428571429 1.7294417816487 4.1585523290517 8.448236106849539 0.14541350193271757 43.7845192188175 -1.6235827632057545
Car 0 0 0 761.1761137191608 409.32064216368286 819.0070637324214 459.19471894546416 2.2463945578231 1.7919343485905 4.6945856041651 7.959505707635915 -0.2829118534006535 54.02282414242386 -1.6091195345970946
Car 0 0 0 606.7094230966301 415.185075471644 645.0679033570486 454.7483278279509 1.7125750375418 1.7321870721713 4.2611913330261 0.0721209750813515 -0.4665681362310805 52.671655122205074 -1.5197607469917747
Truck 0 1 0 715.9532030825493 384.5191770812645 770.7447550026685 449.2157114322039 4.1729892074448 2.81013174684 9.2414329579997 8.05573003995353 -1.1216507533923559 76.74565796894612 -1.5337198127771645
Cyclist 0 0 0 693.8122047939853 422.2772927992862 704.2822434109988 445.8150389877498 1.530612244898 0.58935230811539 1.6803040842936 4.998078894238568 -1.140727230140549 75.1703427511134 -1.5371339856101196
Car 0 2 0 965.6317495858164 417.85742129634826 1093.3934206346264 484.7005432391284 1.6627370615496 1.8553455451995 4.4575431281679 11.556909574306136 0.45607669129774775 31.617869736663977 -0.8029598558999966
