Car 0 0 0 784.43031716135 458.5970943660944 1046.48102622186 639.3839933330471 1.5315331285051 1.9015042193804 4.2490729427044 3.1627485208810326 1.615909791659742 13.095668358549212 -1.5507717376988635
Cyclist 0 0 0 1248.2603475074854 458.2445044720033 1483.608173294211 715.1423725067982 1.6887569382056 0.78276726282283 2.1274327648807 5.813277915891582 1.717175758755478 8.94164931060878 1.8095511501810897
Cyclist 0 0 0 747.341971217518 446.8054066995666 776.2712811728476 494.2718746663987 1.6147939039006 0.64753490501163 1.6684032904612 4.978147663330909 1.0972462101411204 40.54897892868155 -1.6674599329831465
Car 0 2 0 874.1585869776007 447.28267611605 972.5828231924512 514.1579716089018 1.5920471593848 1.6235575909355 4.1585523290517 8.469857586809745 1.2682993371784417 31.91629913821925 -1.5552056639417302
Car 0 0 0 797.5309650055719 430.9501718426651 876.8874879568929 497.0876709199926 2.2049598093325 1.7919343485905 4.6945856041651 7.9616249957350425 1.10471163131474 42.16084949123478 -1.6091195345970946
Car 0 0 0 609.9775036066491 445.8424199890581 643.3947239673324 478.3571677012658 1.5489795918367 1.7958892744951 4.4277454842258 0.12174619172360013 0.7431804529802791 62.29201476099364 -1.5197607469917747
Truck 0 1 0 731.4160412081491 407.7379357966546 799.7634402523663 480.5816898447208 3.8069562307465 2.81013174684 9.2414329579997 8.018626654949419 0.7129562065780742 64.55571887613893 -1.5337198127771645
Car 0 0 0 1174.781273240298 449.6934912087521 1303.184940285341 557.4600981857781 1.472219712793 1.7843384934696 4.4575431281679 10.931738214381184 1.3659298959181296 19.966787901207574 -1.0549280005075965
Car 1 2 0 1221.6385809844437 449.62560313462 1383.790229893774 520.5881892940907 1.4404441306591 1.6132809392354 4.1663497379011 16.83076611902675 1.2323666291058044 27.87702113631003 -1.4961984324042905
Cyclist 0 0 0 703.2023245654483 448.20053068237047 714.2050501237343 473.6275161393037 1.6170180890577 0.69281621191497 1.8443522726953 5.669715451527367 0.7186546907071607 75.42141836766254 -1.4866027070083785
