Car 1 2 0 943.5000691650324 471.26898213744175 2190.168601573376 1155.0763603824762 1.5431749910728 1.9015042193804 4.2490729427044 3.2212795164054957 1.738249821419814 5.206423158636015 -1.6314572971914756
Other 0 0 0 943.7448892480112 357.74667518240005 1121.143939314152 524.5312317910486 2.8054945054945 2.3346722432963 4.4325900952264 7.867196474780173 0.9040292840286388 21.244035114928156 -0.9933127420531166
Cyclist 0 0 0 872.8054371341563 425.9825726694869 907.196644650147 485.6821883226385 1.5714281130146 0.77680001939593 1.6582582717573 7.405075323828296 0.586994248758896 31.0354572949458 1.92973184824449
Cyclist 0 0 0 739.8574801681206 420.5959659233002 770.4355591411318 464.0395593922788 1.6147939039006 0.79583230434944 1.6684032904612 5.054987360673086 0.020503631702738834 43.28264888374094 -1.6674599329831465
Car 0 0 0 795.1878243612322 419.7786655997352 863.5049651792882 465.64003001664696 1.7072942577028 1.7294417816487 4.1585523290517 8.390769407427536 0.007617861593774783 45.99883672480105 -1.6235827632057545
Car 0 0 0 755.4214058158817 409.71750019394426 810.323108002951 454.5235386524248 2.1006559965086 1.7919343485905 4.6945856041651 7.933869083529025 -0.5154823406615785 56.28792375533219 -1.6091195345970946
Car 0 0 0 604.2910022098765 413.6781136900694 642.8065794624644 450.8180313786226 1.5489795918367 1.6784364905154 4.2403372155725 -0.032579627125987415 -0.6266572206322705 50.87724989907981 -1.5197607469917747
Truck 0 1 0 713.798362975396 390.42802296858906 766.7975946253956 446.4595494257127 3.7146772178259 2.81013174684 9.2414329579997 8.059021771274956 -1.3292337494463504 78.77375683509595 -1.5337198127771645
Cyclist 0 0 0 693.4848837250594 417.9771469766901 703.9425105269977 445.0517356257539 1.7766034985423 0.58935230811539 1.6803040842936 4.984665760029115 -1.1938437886618678 75.30189075383741 -1.5371339856101196
Car 0 2 0 939.6162980140236 420.3872988598896 1060.205817808775 482.60858955732925 1.6627370615496 1.8553455451995 4.4575431281679 11.508762380952726 0.4444487406724502 33.97841629850744 -0.8029598558999966
