Car 0 0 0 802.3493150074255 449.9812476766465 1111.5881039308258 656.4327439468865 1.5548168536404 1.9015042193804 4.2490729427044 3.182823303085071 1.5370691481206515 11.683791802084485 -1.5507717376988635
Cyclist 0 2 0 1116.0770469529105 451.86938497429617 1242.7297301458336 618.4508715776407 1.5705662290456 0.78276726282283 1.6582582717573 5.880761258278189 1.502557151788803 11.92541872600924 1.8095511501810897
Cyclist 0 0 0 749.6899272966795 437.710067283168 778.4901962248258 484.4411126365779 1.6147939039006 0.64753490501163 1.6684032904612 5.099583253291751 0.7520636470702423 40.854418973432 -1.6674599329831465
Car 0 1 0 859.5446447845288 436.82707214580864 951.5932663515324 496.3332194328666 1.5469483374144 1.6866959416941 4.1585523290517 8.506720460565095 0.8553758598053964 34.06076287538253 -1.5552056639417302
Car 0 0 0 791.3065290215158 424.71372689984366 866.0110111936064 485.744535103097 2.1628280437699 1.7919343485905 4.6945856041651 8.024111614376746 0.7429362843327462 44.24353047942823 -1.6091195345970946
Car 0 0 0 612.7192590840573 434.712579281676 645.4920051265373 467.3008766933893 1.5489795918367 1.7088582694861 4.3028995679334 0.2453306224394543 0.1404108271410987 60.45709746464826 -1.5197607469917747
Truck 0 1 0 730.7486289111456 397.8703891231166 796.4241311503065 469.6875482173984 3.9828845970694 2.81013174684 9.2414329579997 8.200461961612156 0.14086839851352478 66.90172184493046 -1.5337198127771645
Car 0 0 0 1130.6522667071652 441.8058817213882 1255.2381471329838 541.6763911556226 1.5613451621408 1.9687277729617 4.4575431281679 11.24792805221665 1.2600621199033475 22.0462548275769 -1.0549280005075965
Car 0 2 0 1182.8170163774157 439.2588849339505 1326.696753652223 509.7142492813375 1.6017722245826 1.6132809392354 4.1663497379011 16.855801289735926 1.071106085133309 30.014567192857992 -1.4961984324042905
Cyclist 0 0 0 701.7184502030968 436.603119374982 712.715139046406 463.6952864636026 1.7427861626511 0.69281621191497 1.8443522726953 5.557224063333763 0.05182034311376321 75.26217389002386 -1.4866027070083785
