Car 1 1 0 869.2774665576852 443.4542358885527 1411.6246833909993 765.154256748221 1.5431749910728 1.9015042193804 4.2490729427044 3.2345832029054615 1.5042104042907212 8.137882022887498 -1.5507717376988635
Other 0 1 0 1085.706582006865 321.7426035924263 1322.140406291685 570.1370826039387 2.7914828005338 2.4175400224269 4.5317225575154 7.926166257925409 1.0670765503042563 15.109508628867097 -0.9933127420531166
Cyclist 0 0 0 940.1149230675784 420.7964538851562 986.5199976722524 507.3421360638257 1.5422393832311 0.78276726282283 1.6582582717573 6.463748890884634 0.7741669166804267 21.21323049541635 1.92973184824449
Cyclist 0 0 0 743.15236031451 419.0572832691323 770.8085951496859 463.5943200412861 1.6147939039006 0.64753490501163 1.6684032904612 4.991334254918233 0.0030564878401377893 42.13774760999136 -1.6674599329831465
Car 0 0 0 820.802043939533 416.6132442797815 902.7094335862456 469.8168877002027 1.7214611702565 1.7294417816487 4.1585523290517 8.439920323195633 0.13070734675679696 39.993500108532935 -1.6235827632057545
Car 0 0 0 768.5114781304773 407.13362441389455 831.714385615319 460.9428475444208 2.2522504191869 1.7919343485905 4.6945856041651 7.835272670917196 -0.19772918392226185 50.17889455085908 -1.6091195345970946
Car 0 0 0 607.6199980917048 416.4750753374783 645.7046616321365 450.6687865501902 1.5489795918367 1.8152693745796 4.1751361789624 0.10955485699827239 -0.6782102013477379 55.37329058672014 -1.5197607469917747
Truck 0 1 0 720.4566356798952 383.4883590208325 779.2458173904919 447.58184702525176 3.8919511587801 2.81013174684 9.2414329579997 8.02400790223448 -1.1730227188696691 72.54818762450766 -1.5337198127771645
Cyclist 0 0 0 697.4807029167823 417.8078182493182 708.0568248454114 444.092183552822 1.71768707483 0.58935230811539 1.6803040842936 5.241043583621115 -1.253958737321674 75.04025119576949 -1.5371339856101196
Car 0 2 0 1016.3213772669686 423.2305255999201 1116.0876053692805 499.1216449258933 1.6231900136474 1.8553455451995 4.4575431281679 11.15445898915039 0.7072194595258802 27.950630412614576 -1.0549280005075965
