Car 1 2 0 897.033632146484 455.6022244343253 1571.0919314990874 850.4132555739989 1.5431749910728 1.9015042193804 4.2490729427044 3.2499610101241005 1.621319181692224 7.154679305403707 -1.5507717376988635
Other 0 1 0 1018.934193474656 333.07579233684754 1225.8988852988632 543.8324561567434 2.7914828005338 2.3491771783322 4.5317225575154 7.84629843272922 0.9349787512497176 17.324058738052866 -0.9933127420531166
Cyclist 0 0 0 907.3466977853034 424.2847521420504 945.3853104042068 498.106027490597 1.5422393832311 0.70722900731763 1.6582582717573 6.7249227923945485 0.7219055952839388 24.781022458823355 1.92973184824449
Cyclist 0 0 0 745.8983382121978 417.49622545401706 773.5676088435741 461.825163081764 1.6147939039006 0.64753490501163 1.6684032904612 5.1120200407031255 -0.0627321697277679 42.27376213189438 -1.6674599329831465
Car 0 0 0 807.690663839277 419.8307298432885 883.8685744892579 465.731353825781 1.5485169920916 1.7294417816487 4.1585523290517 8.294235835151957 -0.0015470629256278678 42.12354209520554 -1.6235827632057545
Car 0 0 0 759.5461505430737 401.3719218102645 819.1762607356176 453.68432593969817 2.3138812703975 1.7919343485905 4.6945856041651 7.673466979041812 -0.5263994375906741 52.34163450934745 -1.6091195345970946
Car 0 0 0 605.7943329494118 410.330428631501 644.471304143366 447.80039281218114 1.6695848257884 1.7812465322091 4.156920745758 0.036686213150496264 -0.7926274042415856 53.603336620439464 -1.5197607469917747
Truck 0 1 0 716.9929942335996 377.7695080705402 773.3088215639584 443.5078818966718 4.1339893083098 2.81013174684 9.2414329579997 7.984656221889769 -1.4627653855034743 74.96821769913933 -1.5337198127771645
Cyclist 0 0 0 693.8417082659033 417.189897144977 704.3278501785296 442.4204920237726 1.6496598639456 0.58935230811539 1.6803040842936 4.9964943836113465 -1.366826493724384 75.10526680553377 -1.5371339856101196
Car 0 2 0 961.4027528061484 411.86124493450313 1094.6700659662852 480.8088273099079 1.6627370615496 1.8553455451995 4.4575431281679 11.052161795239595 0.3315811481026352 30.335497216192348 -0.8029598558999966
