Car 0 0 0 821.2139847329294 440.24494410531867 1186.425282097969 680.5498761310369 1.617122377382 1.9015042193804 4.2490729427044 3.2005469564248084 1.5030955531806887 10.457012025306572 -1.5507717376988635
Other 1 2 0 1234.4320967359713 313.83623639137886 1623.3830710172683 668.6054663570804 2.7914828005338 2.5884471326637 4.5317225575154 7.83300824955845 1.4786686558139683 11.394406019109462 -0.9933127315163965
Cyclist 0 2 0 1027.9473619182015 437.26018682379583 1111.651757707928 558.7476775972347 1.5422393832311 0.78276726282283 1.6582582717573 6.182044578045487 1.2256373477722249 15.560270639682713 1.8095511501810897
Cyclist 0 0 0 749.5714925868015 423.59893654445744 778.1657619632795 469.4288868956211 1.6147939039006 0.64753490501163 1.6684032904612 5.126682322338179 0.21328552275981255 41.13591760432616 -1.6674599329831465
Car 0 0 0 845.261061267146 429.4843958060694 927.7674024572224 488.4082999492884 1.6708491646517 1.6235575909355 4.1585523290517 8.432956617864349 0.6780157274593174 36.19162675766345 -1.5552056639417302
Car 0 0 0 785.8309510513361 410.57808923755465 856.2554404310412 476.8556605345178 2.5517070682636 1.7919343485905 4.6945856041651 8.11467201238463 0.43741387108956253 46.455124905832044 -1.6091195345970946
Car 0 0 0 610.4438678227558 427.3710877307775 644.0501611388258 460.6372352084557 1.5489795918367 1.6892987240304 4.3301801583167 0.14418625154420997 -0.2076796435937353 58.3829609170495 -1.5197607469917747
Truck 0 1 0 725.1332135877724 389.06687448941 787.946202382637 457.0916202794508 3.910137846438 2.81013174684 9.2414329579997 8.019684324887539 -0.5747665921165914 68.8997298380101 -1.5337198127771645
Car 0 0 0 1083.9435597483016 427.0267554891581 1189.963976487974 508.1362872700276 1.4582704096297 1.8553455451995 4.4575431281679 11.241691343059607 0.7619258129025184 24.26922077229718 -1.0549280005075965
Truck 1 2 0 1218.8405028072746 388.0099937684685 1398.723381190303 556.5506099132263 2.4417825905873 2.099956878328 3.9262637152412 11.069627566514407 1.2392504120527439 18.34207341862927 -1.0788094613769466
Cyclist 0 0 0 701.0538584254625 429.6947243001066 711.7465329058864 455.3240098175358 1.6500000072869 0.58935230811539 1.6803040842936 5.463829465908828 -0.5014962423896807 74.7352523666051 -1.5371339856101196
