Car 0 0 0 837.3556785088193 437.57596102525264 1255.9153679627116 694.1521316855216 1.5431749910728 1.9015042193804 4.2490729427044 3.212935476391184 1.4188081828120456 9.565976967389 -1.5507717376988635
Other 1 2 0 1163.5720715468972 314.5957437704176 1470.3469327451153 618.1104486816769 2.7914828005338 2.468812155498 4.5317225575154 7.825268557436807 1.2889323106460058 12.847579260533118 -0.9933127420531166
Cyclist 0 1 0 983.9199463581816 425.1595609593022 1050.763723766947 528.1888941736387 1.5422393832311 0.78276726282283 1.6582582717573 6.3195342551950136 0.9674322735932159 18.00482639956213 1.8095511501810897
Cyclist 0 0 0 747.7424975277037 420.9788455409874 776.070326867128 466.3892046925886 1.6147939039006 0.64753490501163 1.6684032904612 5.0884202561132685 0.10412416067930022 41.41341663353599 -1.6674599329831465
Car 0 0 0 838.63089211448 423.14392129534826 916.7717408996126 477.74667923949767 1.6371459813552 1.6235575909355 4.1585523290517 8.500415046829245 0.37229776466578324 37.730837676688466 -1.5552056639417302
Car 0 0 0 778.9198277974166 407.9050489101669 846.4186068737442 467.4413620424398 2.3714496894925 1.7919343485905 4.6945856041651 8.00713025200102 0.07072969568217724 47.868966262796974 -1.6091195345970946
Car 0 0 0 610.0305382826471 417.1647155846108 645.9601796464019 454.2749248196668 1.7452928278776 1.7668191243684 4.156920745758 0.1784857174493129 -0.5166239853498569 57.10699379552177 -1.5197607469917747
Truck 0 1 0 723.1290813810264 383.0939343757943 784.2193381713988 454.7622369993473 4.2172907935484 2.81013174684 9.2414329579997 8.02223135010247 -0.7196625378851973 70.42145050846867 -1.5337198127771645
Cyclist 0 0 0 697.8408834573422 423.2947114670226 708.4637973249071 447.0036256917638 1.530612244898 0.58935230811539 1.6803040842936 5.242857882876116 -1.0547972367167762 74.70177890891856 -1.5371339856101196
Car 0 2 0 1055.4265085918903 425.3400709749039 1160.6755867939655 506.8165326800061 1.581960112643 1.8965754462039 4.4575431281679 11.262235431037238 0.7956656076410271 25.771873630162688 -1.0549280005075965
