Car 1 2 0 909.7065338983753 458.25241346759145 1653.2062868149933 888.6602986912058 1.5431749910728 1.9015042193804 4.2490729427044 3.255864935537085 1.6446106966409526 6.765198865994225 -1.5507717376988635
Other 0 0 0 1001.6865658272568 336.37288134593933 1200.133646986932 536.1046477560809 2.7914828005338 2.3149957562849 4.5317225575154 7.852982687038509 0.8867398890349347 18.128420161940966 -0.9933127420531166
Cyclist 0 0 0 897.9371911764712 424.9487782937235 934.6059060112848 495.5391999927799 1.5525685791003 0.70722900731763 1.6582582717573 6.832970369386212 0.7050208243225241 26.052677555902296 1.92973184824449
Cyclist 0 0 0 745.8983382121978 417.49622545401706 773.5676088435741 461.825163081764 1.6147939039006 0.64753490501163 1.6684032904612 5.1120200407031255 -0.0627321697277679 42.27376213189438 -1.6674599329831465
Car 0 0 0 806.9030016823428 419.1729826324813 881.5089478310114 463.0620461675021 1.5100849524994 1.7294417816487 4.1585523290517 8.393333283824365 -0.09695319615402116 42.920368108180014 -1.6235827632057545
Car 0 0 0 761.1832340584964 409.2829195297866 819.7731286842389 457.001365213155 2.1174149659864 1.7919343485905 4.6945856041651 7.87708369073015 -0.3817976112814778 53.346844756511885 -1.6091195345970946
Car 0 0 0 607.3084510304764 414.9305273299883 646.9720912908957 450.523586573038 1.5489795918367 1.8134104670204 4.3565244413856 0.13013274253929938 -0.6680138227488828 53.291438411557124 -1.5197607469917747
Truck 0 1 0 717.1918213799943 377.91819319971336 773.0390380363277 443.9951123042217 4.1924891570123 2.81013174684 9.2414329579997 8.050742650098643 -1.4420596232999556 75.59283106245455 -1.5337198127771645
Cyclist 0 0 0 693.8042772664313 420.03772384186686 704.2754362748865 443.5305660282009 1.530612244898 0.58935230811539 1.6803040842936 4.996971360087234 -1.2935104993172313 75.16118930743966 -1.5371339856101196
Car 0 2 0 954.0866347056872 416.048785789394 1084.673981465657 483.8432412064118 1.6627370615496 1.8553455451995 4.4575431281679 11.081823471238309 0.4230185296944853 31.08746209842575 -0.8029598558999966
Truck 0 3 0 1061.6559995163998 391.0352156787631 1175.2217831821597 494.1100492272598 2.0788790377595 2.099956878328 4.310877303673 11.076480974178034 0.5040174367902915 24.83192148570233 -1.0788094613769466
