Car 1 1 0 878.8763373828031 445.2236107405233 1463.9959181929678 788.9687907884748 1.5431749910728 1.9015042193804 4.2490729427044 3.2400935332909317 1.5259491515761971 7.774366946105382 -1.5507717376988635
Other 0 1 0 1069.7818565396096 325.7849403315457 1288.874477522366 560.6209710807608 2.7914828005338 2.3662678893559 4.5317225575154 7.984719697600487 1.0242068540999247 15.817975608074503 -0.9933127420531166
Cyclist 0 0 0 927.9742863098206 419.4945401088315 972.6710518152004 501.23608633121046 1.5422393832311 0.78276726282283 1.6582582717573 6.556965406579718 0.7036345793063378 22.379229309567414 1.92973184824449
Cyclist 0 0 0 743.1459881455648 411.8546491401661 770.8131338073549 456.1234483840541 1.6147939039006 0.64753490501163 1.6684032904612 4.989321929405324 -0.2745418779886155 42.12111633210846 -1.6674599329831465
Car 0 0 0 816.3644730939411 416.2851407179505 896.3520256089578 469.6129972223381 1.7598932098487 1.7294417816487 4.1585523290517 8.390370989158498 0.12842134948213973 40.68030017392605 -1.6235827632057545
Car 0 0 0 765.3624062731716 407.8149292659952 827.2886253445653 458.2037425029629 2.1358904034438 1.7919343485905 4.6945856041651 7.77986010564127 -0.31816818611171394 50.91830003234434 -1.6091195345970946
Car 0 0 0 609.0839620056713 415.7072999579863 646.5699702822026 450.2604120178745 1.5489795918367 1.7668191243684 4.2912808453521 0.16492862707498357 -0.6948972831872146 54.84455213379211 -1.5197607469917747
Truck 0 1 0 718.6243306565012 380.8866918765726 776.3061510590627 447.3200538938334 4.0949894091748 2.81013174684 9.2414329579997 7.983211448243996 -1.2025745732626445 73.56676757314412 -1.5337198127771645
Cyclist 0 0 0 696.7092129930489 418.1842935321493 707.2622835185276 442.6927654975996 1.5986394557824 0.58935230811539 1.6803040842936 5.188291183820205 -1.3475607324115686 75.04487152468711 -1.5371339856101196
Car 0 2 0 994.1567726767393 423.4579755513759 1132.754201572983 492.7040917028266 1.5184324080341 1.8553455451995 4.4575431281679 11.354679045364467 0.5855794974569027 28.64470178867825 -0.8029598558999966
