Car 0 0 0 6.623559811834184 437.9609013267084 344.17991166516344 673.5141388177768 1.7648525133941 1.7119589054958 4.3398591551921 -4.226449494195383 1.6069438421194087 11.342489188219021 -1.5600310891820164
Car 0 1 0 260.5779961398593 439.8604862295433 427.8203303756917 553.9186934124625 1.483527717356 1.6888568833914 4.3717666570287 -4.4824247697346 1.207051055057087 18.44460973072583 -1.5494758012088377
Car 0 0 0 383.2751779781109 432.8142458363682 484.3381553384843 503.9632312508695 1.4584070734211 1.6929202481594 4.3156875659964 -4.600974872054083 0.8157724421598981 27.347200470289447 -1.5296308348359946
Car 0 1 0 437.19282270024223 428.5169952536343 514.9514056493616 483.98565767347066 1.4640779393304 1.6822885308774 4.6415457682617 -4.552665800994964 0.4932782842525113 34.59400925269226 -1.5145295021422305
Car 0 1 0 475.6142650047282 421.8018865920676 534.7753974796743 470.2403499742852 1.6435810822001 1.7110762597166 4.3740639693584 -4.523194430309629 0.16025544962693877 42.506041424847744 -1.5220567516183925
Truck 0 1 0 506.1189493620171 407.05813836880594 553.4744055604154 452.85425840097406 2.2414808591641 2.0116015837072 6.1834039008625 -5.021982074808229 -0.6598581246886831 59.39929435256077 -1.5421520499042776
Cyclist 0 0 0 1213.690682247854 422.2925762428404 1333.3639462746771 537.3257624658 1.6151895881456 0.76222400822671 1.7754247496502 9.81714677399125 1.0328868843695787 16.939293085297233 -1.5196977534153335
Cyclist 0 0 0 1018.0518758837388 418.1929597048537 1096.7866033944472 499.8032780110602 1.6151895881456 0.76222400822671 1.7754247496502 9.09621308862854 0.7088983670343503 23.48213397297991 -1.6687487373730165
Cyclist 0 0 0 870.1097564573444 418.4212344652216 903.9322823023538 468.0352988966762 1.6024921933065 0.77165043289322 1.7754247496502 8.867731518722708 0.14246910898026888 37.69334033565528 -1.5022144851024275
Cyclist 0 1 0 1018.6524405741452 419.7277382409684 1088.8196066458454 491.170201181668 1.5838585631518 0.76222400822671 1.7754247496502 10.087500938988493 0.605883587551444 26.242665212388367 -1.6687487373730165
