Car 1 0 0 -57.77054777861008 461.0037634997823 330.00830189495457 690.6660130258348 1.523265526377 1.6888568833914 4.3717666570287 -4.347858971543573 1.6439703004650619 10.80332806641096 -1.5090749339748415
Car 0 1 0 287.1749274614254 441.96061565921 443.5708360964394 549.3548811520843 1.4982404910249 1.6929202481594 4.3156875659964 -4.418776492033173 1.2379269270044264 19.61275844709099 -1.5296308348359946
Car 0 1 0 385.88749736743387 433.8703394014032 492.85098761509255 507.9981343440274 1.4640779393304 1.6822885308774 4.6656470640114 -4.361424522927439 0.8687369482230111 26.8146974333468 -1.5145295021422305
Car 0 1 0 457.1875977622129 424.8302606859394 531.0188691330995 485.2189894879487 1.6435810822001 1.7110762597166 4.3740639693584 -4.015417205195966 0.5424286363414486 34.736973491375984 -1.5220567516183925
Car 0 1 0 492.2133447517436 428.8111671924695 550.0013417219413 473.6574276235539 1.4926527284425 1.7150616248846 4.4741077502134 -3.942072735440412 0.28390265812322835 42.78406354928402 -1.5190036257188655
Car 0 1 0 544.3792410667021 422.84127120029086 575.2820186854071 450.0026903726339 1.45868316094 1.7177717997856 4.3586335531837 -3.8895543831545822 -0.8391072790162784 66.73810708922022 -1.5667538006430655
Truck 0 1 0 500.3242497140628 408.5774289293541 554.9245973033408 461.73140620511344 2.2414808591641 2.0116015837072 6.1834039008625 -4.45805306330267 -0.20733805271793299 51.77790447385888 -1.5421520499042776
Cyclist 0 0 0 1382.4181023916617 428.2485841001766 1562.8496612880604 577.4587898886554 1.6151895881456 0.76222400822671 1.7754247496502 10.063459697126332 1.2379887447998106 13.327195042416548 -1.5196977534153335
Cyclist 0 0 0 1120.6439905330951 425.4751164436934 1224.9301057633172 524.3201580537178 1.6151895881456 0.76222400822671 1.7754247496502 9.645535215157656 0.9937062466348698 19.679404503587563 -1.6687487373730165
Cyclist 0 0 0 971.4320673178744 425.1226957915578 1033.5389323483707 501.559602168586 1.6024921933065 0.81878255622576 1.7754247496502 8.430299434950216 0.7998633328669658 24.920538206696442 -1.5022144851024275
Cyclist 0 2 0 1088.698223661756 421.92842072122033 1176.6634874060203 504.9394296907844 1.6151895881456 0.81923069957302 1.7754247496502 10.548615034749538 0.8014668622385334 23.192443000412567 -1.6687487373730165
