Car 0 0 0 21.536909951252937 458.336882446188 354.7559864679821 658.1589161950602 1.4934621696113 1.6888568833914 4.3717666570287 -4.319396075174412 1.5797040710657377 11.872572236409791 -1.5090749339748415
Car 0 1 0 305.91829633951784 441.2506055313896 451.3995373542734 541.7113276682878 1.488282136624 1.6929202481594 4.3156875659964 -4.432140129328011 1.1941341368990688 20.678375723783862 -1.5296308348359946
Car 0 1 0 395.7294983876576 432.4467610396228 497.1872704120672 503.0722559488949 1.4640779393304 1.6822885308774 4.6656470640114 -4.3772446445343975 0.8015219733495808 27.93851813962755 -1.5145295021422305
Car 0 1 0 463.37354380253 425.4611890794869 534.2837234364757 483.8989425836745 1.6435810822001 1.7110762597166 4.3740639693584 -3.9996667796177494 0.5259850247275248 35.870024126612606 -1.5220567516183925
Car 0 1 0 493.6393143144644 428.0083755604175 549.8704378347761 471.5542967786644 1.4926527284425 1.7150616248846 4.4741077502134 -4.024115105107399 0.2167247378730358 43.915278421322704 -1.5190036257188666
Car 0 1 0 545.0122247858933 422.4941709158074 575.4781150588901 449.2610462145069 1.45868316094 1.7177717997856 4.3586335531837 -3.9174686479931218 -0.892545865501047 67.63344506266819 -1.5667538006430655
Truck 0 1 0 501.8500650341811 408.3466293907058 555.2849339181837 460.38556078061765 2.2414808591641 2.0116015837072 6.1834039008625 -4.504237575705454 -0.2678948717527086 52.794265766147525 -1.5421520499042776
Cyclist 0 0 0 1356.2493789842558 427.8003330196861 1525.532930195904 570.9503617447843 1.6151895881456 0.76222400822671 1.7754247496502 10.071853213235404 1.2161876931821218 13.848942401787086 -1.5196977534153335
Cyclist 0 0 0 1104.190913863583 424.7387764276007 1204.0777001185795 520.7629364014012 1.6151895881456 0.76222400822671 1.7754247496502 9.573463448930813 0.9620362214037403 20.216739396652155 -1.6687487373730165
Cyclist 0 0 0 949.8053842659318 426.0758591849921 1005.861527849954 497.1092373341628 1.6024921933065 0.81878255622576 1.7754247496502 8.46867547346246 0.7618976076592877 26.772043753465898 -1.5022144851024275
Cyclist 0 2 0 1073.536206915705 421.3024275022818 1158.001286472027 502.0520976757085 1.6151895881456 0.81923069957302 1.7754247496502 10.466841299991932 0.7655335643801401 23.80211143677428 -1.6687487373730165
