Car 1 0 0 -535.1883831871265 450.8050103562722 303.486973225366 971.5330601722472 1.6890332035542 1.7257429236856 4.3455998273458 -3.2961178567852465 1.7377804363335347 6.256316852766449 -1.5395734259770426
Car 0 1 0 120.82697061631684 435.8185211390537 379.9361821978857 621.3806366057222 1.7142583400647 1.7119589054958 4.3398591551921 -4.2579611441446925 1.4804623832058486 13.457444252398956 -1.5600310891820164
Car 0 1 0 302.1129110419252 438.34675910083615 444.559550064882 537.9800287932584 1.483527717356 1.6888568833914 4.3717666570287 -4.543455571547819 1.130154594754032 20.73222221632915 -1.5494758012088377
Car 0 0 0 400.3673002159943 432.3005324494976 491.9529095923429 497.576518065142 1.4584070734211 1.6929202481594 4.3156875659964 -4.666779390536366 0.7422636491295656 29.58124403141228 -1.5296308348359946
Car 0 0 0 445.2620753241088 427.3132786120306 517.9767747946144 479.28147008311663 1.4640779393304 1.6822885308774 4.6683755125869 -4.65657869956079 0.3879969360977983 36.694816218541426 -1.5145295021422305
Car 0 0 0 484.0182308619829 422.020375295061 539.6533177968134 468.0176582389859 1.6435810822001 1.7110762597166 4.3740639693584 -4.493399315046845 0.09108175285032188 44.66687456263165 -1.5220567516183925
Truck 0 1 0 512.117327417941 406.6536661114321 557.2657971087057 450.6744092554128 2.2414808591641 2.0116015837072 6.1834039008625 -4.94413595549613 -0.7931440320216993 61.61459272916161 -1.5421520499042776
Cyclist 0 0 0 1177.5659500677846 422.6171081293702 1285.6164552928117 530.3901551475356 1.6151895881456 0.76222400822671 1.7754247496502 9.777691048549771 0.9994457456965657 18.02615130590726 -1.5196977534153335
Cyclist 0 0 0 989.7467028491052 414.5261001407633 1062.6289836418125 491.96764701336855 1.6151895881456 0.76222400822671 1.7754247496502 8.847745938959529 0.5801810712329254 24.612843876041953 -1.6687487373730165
Cyclist 0 0 0 853.0487547585668 416.3678967788781 882.9532650414543 461.3368490965252 1.6024921933065 0.77165043289322 1.7754247496502 9.039776481779143 -0.08213530206593692 41.421467183023935 -1.5022144851024275
Cyclist 0 1 0 1010.0864659242616 418.7896241921098 1076.9151425717616 487.3487975041804 1.5838585631518 0.76222400822671 1.7754247496502 10.239318280054102 0.5424467753445942 27.283139867511615 -1.6687487373730165
