Car 0 0 0 -73.30404650574576 432.4409021494446 322.16127640236414 696.4483465109244 1.7648525133941 1.7119589054958 4.3398591551921 -4.2010406663589634 1.5689290368394322 10.266408294724462 -1.5600310891820164
Car 0 1 0 234.36288782023013 442.9984634706293 417.2950615822441 566.4619458954958 1.483527717356 1.6888568833914 4.3717666570287 -4.466699569874982 1.2845172725698948 17.315814540110576 -1.5494758012088377
Car 0 0 0 371.612588808346 435.082740579869 478.4884131838424 509.9558616244941 1.4584070734211 1.6929202481594 4.3156875659964 -4.607616414466141 0.9032228991358724 26.221381609597298 -1.5296308348359946
Car 0 1 0 429.5236949184507 431.0892418096646 510.8121432262043 488.95981809533305 1.4640779393304 1.6822885308774 4.6601901668605 -4.576045336822241 0.6100737230202392 33.47474177298275 -1.5145295021422305
Car 0 1 0 475.3194393321209 422.9898887652288 536.0830661730606 472.9871275787257 1.6435810822001 1.7110762597166 4.3740639693584 -4.377752958452805 0.24866780375312247 41.34933748373448 -1.5220567516183925
Car 0 1 0 501.57745191032393 425.91530439079065 551.1479350271363 464.21495193268265 1.4926527284425 1.7150616248846 4.4741077502134 -4.336084447917407 -0.048333209618963716 49.389382256126616 -1.5190036257188666
Truck 0 1 0 507.2449481009119 407.22703011898767 555.2670329031142 453.88285454877104 2.2414808591641 2.0116015837072 6.1834039008625 -4.857136561413925 -0.6002046169938777 58.38365295852355 -1.5421520499042776
Cyclist 0 0 0 1241.4343652175678 423.0730704536306 1368.7248800368134 542.2270928314682 1.6151895881456 0.76222400822671 1.7754247496502 9.960483546419637 1.0644702557062689 16.394781747905974 -1.5196977534153335
Cyclist 0 0 0 1029.3080632397346 420.5901838498729 1110.6979536424003 504.217541115522 1.6151895881456 0.76222400822671 1.7754247496502 9.16304314996276 0.7798310746714293 22.988630764669296 -1.6687487373730165
Cyclist 0 0 0 879.7964338451334 419.6057699474186 915.9552722507472 471.921363770985 1.6024921933065 0.77165043289322 1.7754247496502 8.776993816685 0.2548044748611774 35.82929394678526 -1.5022144851024275
Cyclist 0 1 0 1027.7037957289483 420.1130897869525 1099.7613390314557 492.85929268791386 1.5838585631518 0.76222400822671 1.7754247496502 10.147098745675923 0.6320722622618139 25.798330589277068 -1.6687487373730165
