Car 1 0 0 59.791607874464376 436.1526564375114 408.333014527464 682.138921053001 1.6788817745914 1.7257429236856 4.3455998273458 -3.3329495133058744 1.5182194556744544 10.519657021782544 -1.5395734259770426
Car 0 1 0 259.3532249219445 426.76518351257727 429.513047979397 556.6439485920649 1.7142583400647 1.7119589054958 4.3398591551921 -4.358696752162727 1.2095413634228636 17.992340365158014 -1.5600310891820164
Car 0 1 0 359.7630058020233 432.1223889087428 469.3584735404276 511.0728021166445 1.483527717356 1.6888568833914 4.3717666570287 -4.665524506860625 0.880268004461989 25.250170259783072 -1.5494758012088377
Car 0 0 0 425.4919318190263 427.806641415398 502.7554790692675 483.02574805325 1.4484487190202 1.6929202481594 4.3156875659964 -4.84915853174025 0.46680035332359493 34.03463629165259 -1.5296308348359946
Car 0 0 0 460.27184443014914 425.9947631093024 523.5190688088122 471.57799363854485 1.4640779393304 1.6822885308774 4.6407878658796 -4.886378138831851 0.19022136467416567 41.34755371571477 -1.5145295021422305
Car 0 0 0 491.1490558114092 422.1120503054876 541.2371563648989 463.14392411382926 1.6215452304445 1.7114281504578 4.3740639693584 -4.771224048954476 -0.09105662087168488 49.22251094402601 -1.5220567516183925
Truck 0 1 0 514.6289266174318 405.9620810058688 556.5902099003556 446.7494950521722 2.2414808591641 2.0116015837072 6.1834039008625 -5.26379816856013 -1.0626230930581095 66.15123145275645 -1.5421520499042776
Cyclist 0 0 0 1118.1060956445372 413.3319154222241 1208.7756784775215 508.8790145690977 1.6151895881456 0.76222400822671 1.7754247496502 9.666835246957614 0.752933397865518 20.058550342898755 -1.5196977534153335
Cyclist 0 0 0 951.1677232634728 413.1818005644124 1015.5763641887172 484.3162452440724 1.6151895881456 0.76222400822671 1.7754247496502 8.57054683808774 0.45837328188238313 26.679516541675646 -1.6687487373730165
Cyclist 0 1 0 968.3204633160284 415.6982301924347 1027.06107398653 478.3787780463634 1.5838585631518 0.76222400822671 1.7754247496502 9.918883656758444 0.36455919473754195 29.6679181210335 -1.6687487373730165
Cyclist 0 0 0 829.8519117024713 413.2968248566431 854.1366471604753 451.44678287063925 1.6024921933065 0.76222400822671 1.7754247496502 9.461979084410677 -0.5113655314454874 48.53480047547131 -1.5022144851024275
