Car 1 0 0 -921.7122020566472 451.46029128639134 159.32824012168413 1038.5508548610171 1.7233265719025 1.7119589054958 4.3398591551921 -4.186508472456318 1.7808787589413502 5.879373117458394 -1.5600310891820164
Car 0 1 0 87.09788184208037 454.7962848988113 374.9203752607977 630.1390122657182 1.483527717356 1.6888568833914 4.3717666570287 -4.3368726896389855 1.5174106682930115 13.080566629323886 -1.5090749339748415
Car 0 0 0 320.89773305147645 441.1466362732741 457.32421966668176 534.6110456613465 1.4584070734211 1.6929202481594 4.3156875659964 -4.465717007049974 1.142781822517914 21.706096688492778 -1.5296308348359946
Car 0 1 0 403.6044653826295 431.0721791337241 500.0750710308005 498.3580090225423 1.4640779393304 1.6822885308774 4.6656470640114 -4.431479468802583 0.7312525849218118 29.11796907647136 -1.5145295021422305
Car 0 1 0 464.7952256984751 422.9201385489313 533.5468902851062 479.19674392822816 1.6435810822001 1.7110762597166 4.3740639693584 -4.115906691819982 0.40027387566504546 36.97253545973553 -1.5220567516183925
Car 0 1 0 497.16988402229913 428.2693141374321 551.8683364212117 470.8213523464983 1.4926527284425 1.7150616248846 4.4741077502134 -4.007185294992399 0.1970841432151107 44.91585081051069 -1.5190036257188666
Car 0 1 0 545.8698095572938 422.0229373993116 575.7443514370993 448.2562012942835 1.45868316094 1.7177717997856 4.3586335531837 -3.9565486187669965 -0.9673598865796764 68.88691822549457 -1.5667538006430655
Truck 0 1 0 501.41582788076687 408.09923178578 553.7780344377131 458.8846915572116 2.2414808591641 2.0116015837072 6.1834039008625 -4.657082612970749 -0.33851623359107813 53.99152308787407 -1.5421520499042776
Cyclist 0 0 0 1328.176592006954 426.8109100451429 1487.4018680489169 564.7221247009431 1.6151895881456 0.76222400822671 1.7754247496502 10.003514733856191 1.1878820422909442 14.32966973805852 -1.5196977534153335
Cyclist 0 0 0 1088.815725107271 426.0082295864133 1184.6758417003596 519.5806011612253 1.6151895881456 0.76222400822671 1.7754247496502 9.503052674299415 0.9689106808768759 20.746013688111397 -1.6687487373730165
Cyclist 0 0 0 931.2576388091016 425.5031878047303 982.1778319759668 491.6246664843143 1.6024921933065 0.81878255622576 1.7754247496502 8.532846929975362 0.6847906032782524 28.68179959529466 -1.5022144851024275
Cyclist 0 2 0 1059.5709647254253 421.5630464659588 1140.874043884137 500.3010811907324 1.6151895881456 0.81923069957302 1.7754247496502 10.387977054289234 0.7497860672940612 24.392249527340944 -1.6687487373730165
