Car 1 0 0 -975.019516187486 457.6288604950581 255.99250297351352 1183.081252864719 1.6991846325171 1.7257429236856 4.3455998273458 -3.2917956050332813 1.8034842922178302 5.159109915567602 -1.5395734259770426
Car 0 1 0 71.88063325570181 436.2597934493088 363.6061980557396 643.21936457571 1.7445099578305 1.7119589054958 4.3398591551921 -4.253842339420108 1.539986223252456 12.46341454188466 -1.5600310891820164
Car 0 1 0 282.8445993321993 440.612772152045 436.8077004910357 547.4245437828358 1.483527717356 1.6888568833914 4.3717666570287 -4.507580017963498 1.1990796867512026 19.577430765246167 -1.5494758012088377
Car 0 0 0 390.20897312882215 430.0515716892903 486.68344748785023 497.813877943877 1.4584070734211 1.6929202481594 4.3156875659964 -4.674365759069334 0.7112288320417466 28.434969293511735 -1.5296308348359946
Car 0 1 0 441.2669829316658 428.12789703191066 516.3328481360422 481.7248003150148 1.4640779393304 1.6822885308774 4.6641312592473 -4.617933970507006 0.4464673989547078 35.71419124786779 -1.5145295021422305
Car 0 1 0 479.71425744336136 421.20813689834046 537.1473706478083 468.3826985973905 1.6435810822001 1.7110762597166 4.3740639693584 -4.509214366894316 0.09861023286776913 43.533289810306485 -1.5220567516183925
Truck 0 1 0 508.4545124541938 406.8422014212295 554.6874074664504 451.66142689545296 2.2414808591641 2.0116015837072 6.1834039008625 -5.029796999750599 -0.7315835337203497 60.59743154992794 -1.5421520499042776
Cyclist 0 0 0 1195.7584008750416 420.9010258850173 1309.5983145425516 532.1798865067083 1.6151895881456 0.76222400822671 1.7754247496502 9.796896997383541 0.9913559376848393 17.460313634193763 -1.5196977534153335
Cyclist 0 0 0 1003.2676131258628 414.9072337564619 1078.9121152871012 494.2248370024667 1.6151895881456 0.76222400822671 1.7754247496502 8.969673812693607 0.6123520320687732 24.06111529592334 -1.6687487373730165
Cyclist 0 0 0 860.636528038445 417.3627168704624 892.3754485568819 464.5652337985639 1.6024921933065 0.77165043289322 1.7754247496502 8.929508442196243 0.03153486195065888 39.53750435516262 -1.5022144851024275
Cyclist 0 1 0 1005.5205625389948 419.16865788704416 1072.9899503090785 488.7265786090055 1.5838585631518 0.76222400822671 1.7754247496502 9.997411231204927 0.566296056012502 26.914333828719613 -1.6687487373730165
