Car 1 0 0 42.6587793688517 454.5850993429124 358.370290518308 652.8127588639115 1.538542537071 1.7128369569613 4.3156875659964 -4.294170944201637 1.575280413839483 12.1042324722781 -1.5296308348359946
Car 0 1 0 293.5540465179905 439.5115054167049 457.88051602822696 547.9756827148949 1.4640779393304 1.6822885308774 4.6656470640114 -4.145292722235095 1.1690975743916292 19.293010984913735 -1.5145295021422305
Car 0 1 0 415.58208044944746 425.7414564843236 515.3292905247191 504.4017573702656 1.6435810822001 1.7312065686545 4.3740639693584 -3.803537904161223 0.8185575210271221 27.2233532793676 -1.5220567516183925
Car 0 1 0 475.191772454681 428.2256893657959 546.6591122727175 483.226664664016 1.4926527284425 1.7150616248846 4.4741077502134 -3.5445254484111595 0.4899389360350179 35.24818414951457 -1.5190036257188655
Car 0 1 0 545.0239506551356 425.3851715036338 579.9061657219494 456.5551614732995 1.45868316094 1.7177717997856 4.3586335531837 -3.2783094031326345 -0.41875509748947465 58.79046137067763 -1.5667538006430655
Truck 0 1 0 489.97938560483584 410.5926426997597 554.7213802677903 473.8536609935777 2.2414808591641 2.0116015837072 6.1834039008625 -3.986652757364446 0.2437110974960805 44.19226186209371 -1.5421520499042776
Cyclist 1 0 0 1678.766495416185 437.539825082478 1992.6663035741271 646.1519299694769 1.6151895881456 0.76222400822671 1.7754247496502 10.565691550003848 1.432740945398728 9.85688118477043 -1.5196977534153335
Cyclist 0 1 0 1255.8593433937872 430.6089664524945 1397.4741416336065 550.9186924605444 1.6151895881456 0.76222400822671 1.7754247496502 10.285393789308785 1.1812142806007944 16.409182898511936 -1.6687487373730165
Cyclist 0 0 0 1292.159776928163 440.2803168568842 1488.7712108902756 605.7483962233357 1.6024921933065 0.90362037822434 1.7754247496502 8.251034872354605 1.4018692150899712 12.133803653870874 -1.5022144851024275
Cyclist 0 1 0 1200.825571847332 424.982801762548 1314.970645054076 523.2131505236258 1.6151895881456 0.81923069957302 1.7754247496502 11.214412161241528 0.980935604664396 19.798564732176004 -1.6687487373730165
