Car 1 0 0 -94.22397094440214 449.9502521951824 322.4573229559247 695.9289359038515 1.538542537071 1.7128369569613 4.3156875659964 -4.206607898617953 1.5381339081895011 10.092315517321149 -1.5296308348359946
Car 0 1 0 250.95399714631253 442.5706790740149 443.3864399808907 567.3807896875576 1.4640779393304 1.6822885308774 4.6656470640114 -4.0812905035937925 1.2654913744040601 17.179903262012168 -1.5145295021422305
Car 0 1 0 402.0881016631535 427.95905421654913 511.4271122218389 513.9663989288805 1.6435810822001 1.7312065686545 4.3740639693584 -3.698777837026003 0.9394582394921451 25.19268533163358 -1.5220567516183925
Car 0 1 0 468.2822248971776 427.363381929402 545.068461910056 486.1447536247052 1.4926527284425 1.7150616248846 4.4741077502134 -3.4403058168259006 0.5293085519571925 33.0601579609985 -1.5190036257188655
Car 1 1 0 545.7676607922652 426.4085635946872 581.8176849847795 458.8420144263881 1.45868316094 1.7177717997856 4.3586335531837 -3.0925152053153075 -0.2961839094075848 56.72210624183385 -1.5667538006430655
Truck 0 1 0 487.64568449295314 409.2710815636172 555.519343604295 475.5032170895957 2.2414808591641 2.0116015837072 6.1834039008625 -3.8294070251670664 0.28100847603585377 42.227822555784954 -1.5421520499042776
Cyclist 1 2 0 1782.0695565190122 441.5270599471862 2157.1524192627985 675.0280959841718 1.6151895881456 0.76222400822671 1.7754247496502 10.598371755277254 1.4881302974394919 8.928405701028538 -1.5196977534153335
Cyclist 0 1 0 1340.6110413716203 434.02526078280295 1509.1413682468108 568.5552963178344 1.6151895881456 0.76222400822671 1.7754247496502 10.575557678881792 1.2744678896854762 14.81754844600837 -1.6687487373730165
Cyclist 1 0 0 1539.2328005940444 439.8796768997116 1889.8376766084264 681.7453054800125 1.6024921933065 0.90362037822434 1.7754247496502 8.225516517736901 1.4682545542323893 8.579396194847542 -1.5022144851024275
Cyclist 0 1 0 1244.3828697007991 426.21077867992494 1368.5129142838252 529.5182113458837 1.6151895881456 0.81923069957302 1.7754247496502 11.518071399329234 1.0330239691748466 18.892399583127872 -1.6687487373730165
