Car 1 0 0 -585.0243382929035 450.146121784809 208.68978491522037 908.8588816866844 1.7233265719025 1.7119589054958 4.3398591551921 -4.211117651938517 1.7604834211449911 6.900821089422763 -1.5600310891820164
Car 0 1 0 129.42665557569163 451.1319002296804 384.8696766062667 610.6848444383497 1.483527717356 1.6888568833914 4.3717666570287 -4.3922183087682365 1.457915904983904 14.080309272936764 -1.5214677007834536
Car 0 0 0 338.46421494458434 439.012709344697 465.4566684534165 526.7863626247212 1.4584070734211 1.6929202481594 4.3156875659964 -4.458698640888863 1.0728946504447059 22.87175651259401 -1.5296308348359946
Car 0 1 0 410.82250250895805 434.6930411605972 503.18615314171416 500.0676043191705 1.4640779393304 1.6822885308774 4.6710248875546 -4.458128488315659 0.8078896808122858 30.158665173834063 -1.5145295021422305
Car 0 1 0 467.9219873794803 426.6488441465761 534.5953774167633 481.7771705505853 1.6435810822001 1.7110762597166 4.3740639693584 -4.161510517829796 0.49911283591171884 37.984446934139974 -1.5220567516183925
Car 0 1 0 498.7352057688823 427.5466637745562 552.063319524093 468.9787581984614 1.4926527284425 1.7150616248846 4.4741077502134 -4.069929465798568 0.13293435328778935 45.99418718266843 -1.5190036257188666
Car 0 1 0 546.6460217692144 421.5954499321372 575.9858824361035 447.3466583419549 1.45868316094 1.7177717997856 4.3586335531837 -3.9932359382691844 -1.0375934573882688 70.0636481334554 -1.5667538006430655
Truck 0 1 0 504.0232874182608 407.8494070234368 555.0581630295377 457.4724718621735 2.2414808591641 2.0116015837072 6.1834039008625 -4.6646607220058005 -0.40806814537936403 55.1533530974423 -1.5421520499042776
Cyclist 0 0 0 1300.801139003472 425.7268847153408 1449.980218667272 558.0608555408701 1.6151895881456 0.76222400822671 1.7754247496502 9.964840696280419 1.1550178276512733 14.882896220163984 -1.5196977534153335
Cyclist 0 0 0 1073.694460515343 425.2831660300184 1165.683421048509 516.2837027515195 1.6151895881456 0.76222400822671 1.7754247496502 9.429812741953095 0.9367273360419726 21.292057905920384 -1.6687487373730165
Cyclist 0 0 0 916.1534765970398 423.83886948429415 963.1229989252338 486.01733101510496 1.6024921933065 0.81878255622576 1.7754247496502 8.581014676040208 0.5814265303270972 30.401254093069433 -1.5022144851024275
Cyclist 0 2 0 1048.318697599498 421.0823121194039 1127.1199372506492 498.1546042093473 1.6151895881456 0.81923069957302 1.7754247496502 10.32144927007968 0.7205521978499242 24.88825096709318 -1.6687487373730165
