Car 1 0 0 -220.9097357166364 455.60428724026247 288.6590355080257 746.2993512416069 1.538542537071 1.7128369569613 4.3156875659964 -4.233623821291396 1.6066400981094702 8.952125738800616 -1.5296308348359946
Car 0 1 0 224.16781433692887 443.761094142869 433.0640936405131 577.3082211209894 1.4640779393304 1.6822885308774 4.6656470640114 -4.101131553539059 1.3016705340577197 16.247476694266307 -1.5145295021422305
Car 0 1 0 389.9593513789616 426.305855139483 505.96600384790776 516.3440263639038 1.6435810822001 1.7312065686545 4.3740639693584 -3.7143222154299766 0.9345713228662811 24.084130297561902 -1.5220567516183925
Car 0 1 0 463.6768369360965 427.9367707627693 543.2485205921761 488.7164463128873 1.4926527284425 1.7150616248846 4.4741077502134 -3.426317980263615 0.5773946258509035 32.087147170559504 -1.5190036257188655
Car 0 1 0 544.830114996293 422.3928277966802 581.6152127564358 455.1471604628767 1.45868316094 1.7177717997856 4.3586335531837 -3.0615365811562714 -0.4709868820720829 55.65905866960234 -1.5667538006430655
Cyclist 1 2 0 1873.8274527723145 444.3471179571277 2302.293230084612 696.824354302408 1.6151895881456 0.76222400822671 1.7754247496502 10.750542204475657 1.5221569031805429 8.342044717516933 -1.5196977534153335
Cyclist 0 0 0 1373.5773125377166 427.51446920754927 1552.4713167796592 566.0247474923466 1.6151895881456 0.76222400822671 1.7754247496502 10.71527836117206 1.1976981970383418 14.335671654345793 -1.6687487373730165
Cyclist 1 0 0 1782.1220582613191 445.5838994524321 2340.340272883059 773.9999057836095 1.6024921933065 0.90362037822434 1.7754247496502 8.221181722320546 1.545927732965064 6.584909574906721 -1.5022144851024275
Cyclist 0 1 0 1267.4017264527167 424.6249490142374 1397.7387962070386 531.0205927648168 1.6151895881456 0.81923069957302 1.7754247496502 11.610060530535108 1.023317338244194 18.344742311135732 -1.6687487373730165
Truck 0 1 0 483.9019414241414 409.60867401028935 553.9818401135374 477.7906300479303 2.2414808591641 2.0116015837072 6.1834039008625 -3.822302547946781 0.34621339333732015 41.138606921815615 -1.5421520499042776
