Car 1 0 0 -303.72874628239094 448.5334243993445 337.0804013532436 865.1981211521116 1.6890332035542 1.7257429236856 4.3455998273458 -3.299817674743271 1.7085875497169036 7.25327927081643 -1.5395734259770426
Car 0 1 0 164.41224946866583 434.4662670291694 394.5471293348128 602.7616671042258 1.7142583400647 1.7119589054958 4.3398591551921 -4.285208057788056 1.433635885400889 14.579575687619702 -1.5600310891820164
Car 0 1 0 316.4767631498227 438.457450516308 450.4090505376837 533.1249552678809 1.483527717356 1.6888568833914 4.3717666570287 -4.576553286570981 1.1116417089623392 21.709714517916527 -1.5494758012088377
Car 0 0 0 405.5640337168695 432.86993658706655 493.6044372906288 495.5092626719471 1.4484487190202 1.6929202481594 4.3156875659964 -4.740051536644532 0.7218000603090614 30.597755837564875 -1.5296308348359946
Car 0 0 0 450.4544595693736 427.9082521861738 520.1422531226367 478.0010967288678 1.4640779393304 1.6822885308774 4.6665414193656 -4.707084398463276 0.3676252226805714 38.033806180983085 -1.5145295021422305
Car 0 0 0 484.60552748426 421.86836918256375 538.8375067386773 466.1189186664428 1.6234507732623 1.7110762597166 4.3740639693584 -4.6178404527390935 0.022629459130733054 45.82449050763899 -1.5220567516183925
Truck 0 1 0 511.2952121549268 406.4718916248777 555.7023577171933 449.59174998599775 2.2414808591641 2.0116015837072 6.1834039008625 -5.110165548427228 -0.8636650259334048 62.81177006219356 -1.5421520499042776
Cyclist 0 0 0 1162.1483692907032 421.9237157556296 1265.4598901608738 526.5729991829459 1.6151895881456 0.76222400822671 1.7754247496502 9.757183850541022 0.9695909050822684 18.5269492459069 -1.5196977534153335
Cyclist 0 0 0 979.1256698988876 414.1560093227967 1049.623001826106 489.852674808273 1.6151895881456 0.76222400822671 1.7754247496502 8.775674172732787 0.5485110460017943 25.150178769106553 -1.6687487373730165
Cyclist 0 0 0 845.6562589372152 415.5199460518325 873.978572912426 458.5808350801591 1.6024921933065 0.77165043289322 1.7754247496502 9.108308859462246 -0.18833233426945975 43.185743456967366 -1.5022144851024275
Cyclist 0 1 0 999.6963103872108 418.35842466278245 1064.4639081821945 485.4678555845023 1.5838585631518 0.76222400822671 1.7754247496502 10.164474522818619 0.509558672219968 27.841141487232388 -1.6687487373730165
