Car 1 0 0 101.41910595803849 453.2939524545161 377.79565415903886 627.4289944430802 1.4982404910249 1.7128369569613 4.3156875659964 -4.287610297572819 1.5099511008145738 13.193871003503233 -1.5296308348359946
Car 0 1 0 313.49131057674606 441.7527615761485 465.7114331855739 544.172013783351 1.4640779393304 1.6822885308774 4.6656470640114 -4.1511543970597 1.192369373246959 20.394555533975407 -1.5145295021422305
Car 0 1 0 424.9165914945662 425.7824140177514 519.7674359834949 501.19724868839 1.6435810822001 1.7312065686545 4.3740639693584 -3.7886377760469094 0.7843252682764721 28.303791092544284 -1.5220567516183925
Car 0 1 0 478.30017324647525 427.36229131182233 547.4980976686837 480.5969061763256 1.4926527284425 1.7150616248846 4.4741077502134 -3.5879714203565363 0.4288172764305078 36.27364202179238 -1.5190036257188655
Car 0 1 0 545.913674458648 424.848366853555 580.0995243080099 455.37035247241255 1.45868316094 1.7177717997856 4.3586335531837 -3.3134016217867432 -0.4859350347845907 59.91602910872614 -1.5667538006430655
Truck 0 1 0 493.0782732606452 410.2762895991327 556.052252918241 471.96488258368953 2.2414808591641 2.0116015837072 6.1834039008625 -3.9932836027701226 0.1828531746813155 45.208863120466155 -1.5421520499042776
Cyclist 1 0 0 1638.1409031304204 436.0089497745586 1930.0276562098477 635.3023141072388 1.6151895881456 0.76222400822671 1.7754247496502 10.543685893919259 1.4085173891347091 10.263866874360906 -1.5196977534153335
Cyclist 0 1 0 1253.52954834469 430.5074482606725 1394.410577577817 550.4054636691975 1.6151895881456 0.76222400822671 1.7754247496502 10.278463811786661 1.1781690858670277 16.460849715152868 -1.6687487373730165
Cyclist 0 0 0 1209.0291514668631 434.4008194882112 1364.3630495736013 574.7819148126084 1.6024921933065 0.90362037822434 1.7754247496502 8.297291645718515 1.2850685800790176 14.077763304287814 -1.5022144851024275
Cyclist 0 1 0 1170.3212193126635 424.0905140653208 1277.6274923912115 518.6919577533315 1.6151895881456 0.81923069957302 1.7754247496502 10.994973773039252 0.9401674483424658 20.505590262183357 -1.6687487373730165
Car 1 0 0 -1881.3617374916016 508.4168777650488 63.95127399121577 1396.6000486460478 1.4437899083351 1.6888568833914 4.3717666570287 -4.347267189319983 1.8525506802184266 4.575537545379516 -1.4843956842248676
