Car 0 0 0 181.76743680734037 447.2959739752538 404.6045265355692 591.6429832870464 1.4982404910249 1.7128369569613 4.3156875659964 -4.335286325033236 1.3995483281553123 15.29843124617817 -1.5296308348359946
Car 0 1 0 342.6735899768024 437.8289252409376 476.4069584946873 528.6603722482048 1.4640779393304 1.6822885308774 4.6656470640114 -4.215371430778689 1.0663420402208106 22.50588787350708 -1.5145295021422305
Car 0 1 0 437.4527640094267 426.5750868484413 524.3107853386016 496.3426596218427 1.6435810822001 1.7312065686545 4.3740639693584 -3.860513754989517 0.7368436700841086 30.46730963718121 -1.5220567516183925
Car 0 1 0 484.2416262447411 427.1102509514734 549.1868735242886 477.2136069851441 1.4926527284425 1.7150616248846 4.4741077502134 -3.6736226901182403 0.35377156913956254 38.38010907237954 -1.5190036257188655
Truck 0 1 0 494.2619104966173 409.6733650645007 554.3715368448048 468.2473458198186 2.2414808591641 2.0116015837072 6.1834039008625 -4.205260892196685 0.053948858978214165 47.38609455798781 -1.5421520499042776
Cyclist 0 0 0 1536.6750205424714 432.54498916866896 1780.0195262205934 610.9601038077417 1.6151895881456 0.76222400822671 1.7754247496502 10.399174230439721 1.3457086633811697 11.329712693296619 -1.5196977534153335
Cyclist 0 1 0 1209.2795519366712 428.57927745411945 1336.6148912373978 540.7233104617968 1.6151895881456 0.76222400822671 1.7754247496502 10.13847826584646 1.1166561522450382 17.504519411297302 -1.6687487373730165
Cyclist 0 0 0 1100.355542621543 428.1134505093504 1211.0942347733485 538.4596887547372 1.6024921933065 0.91304680289085 1.7754247496502 8.334520710632118 1.0938998809605573 17.57936770129938 -1.5022144851024275
Cyclist 0 2 0 1153.586310981602 423.4287684959207 1256.6286879550682 515.4916639929704 1.6151895881456 0.81923069957302 1.7754247496502 10.924288002317248 0.9091064620581095 21.032591791919376 -1.6687487373730165
Car 1 0 0 -710.8501835296769 475.5616074814548 199.9830989266292 940.424080347149 1.523265526377 1.6888568833914 4.3717666570287 -4.302517347805863 1.760457900472644 6.605635204353777 -1.4843956842248676
Car 0 1 0 542.465573718034 424.002264536187 575.8597232998521 453.4724001957915 1.45868316094 1.7177717997856 4.3586335531837 -3.636599449873637 -0.5995876750029185 61.85214726813288 -1.5667538006430655
