Car 1 0 0 -262.45778974064035 459.4176960716727 287.28008171479144 759.2062297348137 1.523265526377 1.6888568833914 4.3717666570287 -4.279843236564986 1.6294669617962443 8.789303145599522 -1.4843956842248676
Car 0 1 0 242.4716094308452 441.5384915943 426.9945026026968 563.7817268235855 1.4982404910249 1.7128369569613 4.3156875659964 -4.372540355999789 1.269235462595837 17.478032345183436 -1.5296308348359946
Car 0 1 0 368.5597221262364 435.5425040668587 486.67407416483553 516.8077760600096 1.4640779393304 1.6822885308774 4.6656470640114 -4.26658355847766 0.9616635593084419 24.755730285343986 -1.5145295021422305
Car 0 1 0 448.4644712301794 423.9677397991589 528.4139341866427 488.3209857059842 1.6435810822001 1.7312065686545 4.3740639693584 -3.9324276025221936 0.5846290615651131 32.67610057294462 -1.5220567516183925
Car 0 1 0 487.9923765627611 425.4884746985118 549.1511427140706 472.4906154491264 1.4926527284425 1.7150616248846 4.4741077502134 -3.828058330021856 0.22092979380061395 40.61609956651644 -1.5190036257188655
Car 0 1 0 547.2163425712773 422.9693913417424 579.0912184055206 451.23517502561793 1.45868316094 1.7177717997856 4.3586335531837 -3.5491814879995824 -0.7430495923253515 64.23613850576214 -1.5667538006430655
Truck 0 1 0 496.2527465669802 409.08838049922815 553.5193986027454 464.7113682114947 2.2414808591641 2.0116015837072 6.1834039008625 -4.391579518013799 -0.08167668430835456 49.672407536295495 -1.5421520499042776
Cyclist 0 0 0 1445.1955737766766 429.0066178453724 1651.449547421552 590.9678832441007 1.6151895881456 0.76222400822671 1.7754247496502 10.149431597058964 1.2765740142746782 12.355004426952034 -1.5196977534153335
Cyclist 0 0 0 1156.3308170535563 424.6830983473069 1270.509596137243 529.4736368640928 1.6151895881456 0.76222400822671 1.7754247496502 9.789376470486237 1.0153474589041316 18.602236486017734 -1.6687487373730165
Cyclist 0 0 0 1022.3996348332053 425.6248288666709 1102.519448159354 515.1868072314705 1.6024921933065 0.86591467955831 1.7754247496502 8.382947264034874 0.9269224792327764 21.408396260415607 -1.5022144851024275
Cyclist 0 2 0 1114.5293903513298 422.0787808383405 1208.6273647437272 508.89444646084695 1.6151895881456 0.81923069957302 1.7754247496502 10.678761114113707 0.8397488003545329 22.21997046670414 -1.6687487373730165
