Car 1 0 0 -360.4621788832452 444.452237056918 252.19174864236425 815.7083206423345 1.7233265719025 1.7119589054958 4.3398591551921 -4.206241001579739 1.6978271432908434 7.946046897825656 -1.5600310891820164
Car 0 1 0 173.29822390702736 450.89160448723294 395.0071500387128 597.7667290460089 1.483527717356 1.6888568833914 4.3717666570287 -4.406444835306917 1.4445205452916419 15.136220754269242 -1.5494758012088377
Car 0 0 0 348.95965585781187 438.0255531988776 468.7656483108178 521.1207921846304 1.4584070734211 1.6929202481594 4.3156875659964 -4.541462522325251 1.0265417236679326 23.988503027367717 -1.5296308348359946
Car 0 1 0 418.6448208668808 434.3379027177504 506.8654454417077 497.1210573530281 1.4640779393304 1.6822885308774 4.6879293940442 -4.4733743026569535 0.7692874092006756 31.30125676034271 -1.5145295021422305
Car 0 1 0 472.34910745476407 425.7434421344058 536.6007519848364 478.96977146144224 1.6435810822001 1.7110762597166 4.3740639693584 -4.185339788942312 0.42693777310313064 39.19202712461563 -1.5220567516183925
Car 0 1 0 499.8275824362559 427.9797414265104 551.8574635422199 468.43102608667226 1.4926527284425 1.7150616248846 4.4741077502134 -4.152044672667059 0.11768470574078985 47.10215132686214 -1.5190036257188666
Car 0 1 0 546.7497562152115 421.7347755503512 575.7137094347619 447.1496232979193 1.45868316094 1.7177717997856 4.3586335531837 -4.052026560887447 -1.0620250470980022 70.98545183393675 -1.5667538006430655
Truck 0 1 0 505.1041021235185 407.64610842523547 555.1485447703077 456.2958587170231 2.2414808591641 2.0116015837072 6.1834039008625 -4.724029790074358 -0.4685245964874161 56.169634401035346 -1.5421520499042776
Cyclist 0 0 0 1273.0742139144309 424.7533977577545 1413.0256831997335 552.0323992706137 1.6151895881456 0.76222400822671 1.7754247496502 9.888001530813492 1.1230175458334684 15.426320369313212 -1.5196977534153335
Cyclist 0 0 0 1056.7164969991677 424.572618137396 1144.7646306286954 513.0200950187498 1.6151895881456 0.76222400822671 1.7754247496502 9.314529700509892 0.9031948688547904 21.865707820617004 -1.6687487373730165
Cyclist 0 0 0 901.8871959734138 422.227382414164 945.1916831672826 480.62837989497336 1.6024921933065 0.81878255622576 1.7754247496502 8.643474300589514 0.4692663412216561 32.26579809735862 -1.5022144851024275
Cyclist 0 2 0 1037.7137015486514 420.6292235531668 1114.1930301555883 496.13726065117527 1.6151895881456 0.81923069957302 1.7754247496502 10.256307481374964 0.6919273673525613 25.373919043516846 -1.6687487373730165
