Car 1 0 0 -16.115221134794524 457.4000489587305 343.2971772479243 679.4621174942189 1.538542537071 1.7128369569613 4.3156875659964 -4.229894227966005 1.6154533738547117 11.08895650122456 -1.5296308348359946
Car 0 1 0 273.66782261076645 440.1853113931215 451.1275757019558 556.1436660159686 1.4640779393304 1.6822885308774 4.6656470640114 -4.10874201967864 1.2032707952347388 18.221768278113615 -1.5145295021422305
Car 0 1 0 409.23282182445246 426.8233254604826 513.5896003284389 509.0413888376828 1.6435810822001 1.7312065686545 4.3740639693584 -3.7462414409101674 0.8797458075985267 26.195107455050305 -1.5220567516183925
Car 0 1 0 471.9968426041915 427.9951965999277 546.0913094489929 484.9189298557682 1.4926527284425 1.7150616248846 4.4741077502134 -3.4829489517522845 0.5169613911991885 34.11489979468136 -1.5190036257188655
Car 0 1 0 544.1837830376732 425.890687706276 579.7240865008621 457.6739130245854 1.45868316094 1.7177717997856 4.3586335531837 -3.2464073861742295 -0.35768242722119353 57.76721797245181 -1.5667538006430655
Truck 0 1 0 488.1448072639131 408.97840667895 554.4102864302189 473.4322749946089 2.2414808591641 2.0116015837072 6.1834039008625 -3.94175113180588 0.2187799993910149 43.28009109239954 -1.5421520499042776
Cyclist 1 0 0 1728.2306695246202 439.5726580362315 2071.591329069103 660.6248330466451 1.6151895881456 0.76222400822671 1.7754247496502 10.55786626894235 1.4621487636723927 9.366972765967061 -1.5196977534153335
Cyclist 0 1 0 1312.445112784277 432.8070235251801 1471.3928988915177 562.2702524187797 1.6151895881456 0.76222400822671 1.7754247496502 10.504871908159759 1.2434069034010604 15.344549975745387 -1.6687487373730165
Cyclist 1 0 0 1390.9051589413266 437.39659559684736 1640.7714817326666 630.245079814662 1.6024921933065 0.90362037822434 1.7754247496502 8.290463464948832 1.404429877677137 10.510035049736194 -1.5022144851024275
Cyclist 0 1 0 1223.2195296107811 425.589398853777 1342.3472408583111 526.3413592628624 1.6151895881456 0.81923069957302 1.7754247496502 11.381753010739674 1.0073736831796967 19.33703070620511 -1.6687487373730165
