Car 0 0 0 217.08002456544824 444.0450068264669 417.6377389220965 575.6818659577915 1.4982404910249 1.7128369569613 4.3156875659964 -4.3484180885618215 1.3297994602782814 16.464220684901406 -1.5296308348359946
Car 0 1 0 354.8771060170509 436.04731883487966 480.7316418406503 521.8196463671023 1.4640779393304 1.6822885308774 4.6656470640114 -4.261450949961952 1.0009491116764158 23.60295750426708 -1.5145295021422305
Car 0 1 0 442.7877402864942 425.5670548673183 526.0990522585146 492.5667301932597 1.6435810822001 1.7312065686545 4.3740639693584 -3.9065793525321584 0.6709667165146209 31.572456599143013 -1.5220567516183925
Car 0 1 0 485.1775304369311 426.2742308837106 548.2599443479938 474.7596835600439 1.4926527284425 1.7150616248846 4.4741077502134 -3.7859258694070603 0.2867821141901826 39.51183966036309 -1.5190036257188655
Truck 0 1 0 495.5912420704648 409.3587879701861 554.145211447388 466.3488507984107 2.2414808591641 2.0116015837072 6.1834039008625 -4.292183151133369 -0.01717434249347234 48.58375182318737 -1.5421520499042776
Cyclist 0 0 0 1480.3114917359374 431.0783222273636 1701.724465618257 600.4210532253102 1.6151895881456 0.76222400822671 1.7754247496502 10.198839509186561 1.3144826438855348 11.875155906322316 -1.5196977534153335
Cyclist 0 0 0 1181.7341794593312 425.5117299670737 1302.3829229751689 533.9366908359596 1.6151895881456 0.76222400822671 1.7754247496502 9.943712800632497 1.0489152512070343 18.02327163967485 -1.6687487373730165
Cyclist 0 0 0 1062.5734746705134 428.7296007391069 1158.852269002992 528.6927803171892 1.6024921933065 0.91304680289085 1.7754247496502 8.393327096248086 1.0516623636115614 19.32506724553749 -1.5022144851024275
Cyclist 0 2 0 1129.794848670777 422.7317129841565 1227.7694009710438 511.9952958956359 1.6151895881456 0.81923069957302 1.7754247496502 10.736157220254704 0.8735327993414317 21.64912626781413 -1.6687487373730165
Car 1 0 0 -450.3968294881834 467.0469610843847 248.4023225119144 836.9844782626333 1.523265526377 1.6888568833914 4.3717666570287 -4.269670489383084 1.6987229464492435 7.6320986080072455 -1.4843956842248676
Car 0 1 0 547.1462598501823 423.44058817942073 579.5839624999307 452.2703497040684 1.45868316094 1.7177717997856 4.3586335531837 -3.4727471183716765 -0.6751220734787937 63.093090393131014 -1.5667538006430655
