Car 0 0 0 -198.47998985557007 440.548067435419 288.6844961526693 748.8558190725537 1.7233265719025 1.7119589054958 4.3398591551921 -4.213292627305878 1.6408123631713372 9.068063271216628 -1.5600310891820164
Car 0 1 0 205.45543451611508 448.1835256406471 406.0802817433648 582.6876922830927 1.483527717356 1.6888568833914 4.3717666570287 -4.451470230540438 1.3886622789803145 16.24013754177466 -1.5494758012088377
Car 0 0 0 361.08157058176135 436.8441619691967 474.4546656306608 516.0340087238487 1.4584070734211 1.6929202481594 4.3156875659964 -4.545245450601807 0.9757788879764198 25.00277985392947 -1.5296308348359946
Car 0 1 0 423.45546277813673 433.2186415459419 508.1489606933839 493.5670173965732 1.4640779393304 1.6822885308774 4.6424713008176 -4.54059178810003 0.7078495325345537 32.33486898069607 -1.5145295021422305
Car 0 1 0 474.0001274508928 424.9736197138959 536.4061135695961 476.570479920706 1.6435810822001 1.7110762597166 4.3740639693584 -4.281014796241108 0.36137884901645073 40.297868317278635 -1.5220567516183925
Car 0 1 0 500.7582130306799 426.6296933557151 551.5927684692873 466.0055121523201 1.4926527284425 1.7150616248846 4.4741077502134 -4.235181716499811 0.023449727882413035 48.17902153958248 -1.5190036257188666
Truck 0 1 0 505.0146849526183 407.4371509111747 554.1363217226213 455.05399796025966 2.2414808591641 2.0116015837072 6.1834039008625 -4.850032084193539 -0.5349996996924122 57.29443732455422 -1.5421520499042776
Cyclist 0 0 0 1255.0874229119445 423.9107067592759 1388.272182178785 547.0349376845492 1.6151895881456 0.76222400822671 1.7754247496502 9.895660316533334 1.0942354258209295 15.905805204738042 -1.5196977534153335
Cyclist 0 0 0 1045.3154546586277 424.0238955691055 1130.5586281623312 510.546309915841 1.6151895881456 0.76222400822671 1.7754247496502 9.253545898318153 0.8763971551977019 22.320375807055896 -1.6687487373730165
Cyclist 0 0 0 888.6107134884404 420.7642336617415 928.6761810663352 475.7597830686929 1.6024921933065 0.81878255622576 1.7754247496502 8.697695112205272 0.3550326387817816 34.16594863936869 -1.5022144851024275
Cyclist 0 2 0 1026.8550863170594 420.16529150421735 1100.9930356116874 494.0773396815029 1.6151895881456 0.81923069957302 1.7754247496502 10.187007706156765 0.6614754200149279 25.89058720992526 -1.6687487373730165
