Car 1 0 0 -17.13116862204174 440.605765819949 390.27258924820615 722.4334605256198 1.6788817745914 1.7257429236856 4.3455998273458 -3.3289557163406593 1.5879467593401582 9.52508217824585 -1.5395734259770426
Car 0 1 0 234.64233208547296 429.9820288753939 420.1018936839738 570.2085453409696 1.7142583400647 1.7119589054958 4.3398591551921 -4.332366866472741 1.298585601680387 16.923871743638827 -1.5600310891820164
Car 0 1 0 348.15318947293173 433.6488665144991 464.3123413249896 516.866370512117 1.483527717356 1.6888568833914 4.3717666570287 -4.6303604676061685 0.946122650733201 24.14671468577614 -1.5494758012088377
Car 0 0 0 420.9365781587954 430.0276876909127 501.08924089831226 487.4397976801495 1.4484487190202 1.6929202481594 4.3156875659964 -4.78552919309075 0.5694569612061423 32.97954513563446 -1.5296308348359946
Car 0 0 0 456.9097497717178 426.2636484010637 522.3021478383478 472.69532173225787 1.4442863095553 1.6822885308774 4.6690068006886 -4.831290755664945 0.21774508112260316 40.21958242915491 -1.5145295021422305
Car 0 0 0 490.4228258649962 422.33268089820206 541.784777423066 464.6502766648977 1.6290859228207 1.7114281504578 4.3740639693584 -4.655023199787007 -0.030031125556613816 48.01300456269687 -1.5220567516183925
Truck 0 1 0 512.5613592356041 406.15046947849976 555.4763800607675 447.7707176607532 2.2414808591641 2.0116015837072 6.1834039008625 -5.2557464277104415 -0.9887241867830631 64.91678706759033 -1.5421520499042776
Cyclist 0 0 0 1128.740997231667 413.7348902428629 1222.7198652039738 511.6586614229172 1.6151895881456 0.76222400822671 1.7754247496502 9.659509451922084 0.7804641213557965 19.599912674231028 -1.5196977534153335
Cyclist 0 0 0 959.333879707032 413.46635615566106 1025.4927134185805 485.9287622425893 1.6151895881456 0.76222400822671 1.7754247496502 8.632916635783815 0.4857800344862495 26.214515191908166 -1.6687487373730165
Cyclist 0 1 0 977.4918214833816 416.05355112338026 1037.9649221183008 479.9974258488695 1.5838585631518 0.76222400822671 1.7754247496502 9.993727413993955 0.3974472978622279 29.10991650131173 -1.6687487373730165
Cyclist 0 0 0 833.6214307550406 414.0072774738688 859.0301720481932 453.6993496086861 1.6024921933065 0.76222400822671 1.7754247496502 9.287757707806831 -0.4009298632242856 46.71256377198512 -1.5022144851024275
