Car 1 0 0 -134.8731049118379 453.6235646399222 319.095349666211 707.87875668561 1.523265526377 1.6888568833914 4.3717666570287 -4.264204220384057 1.5647235955210064 9.868063002828475 -1.4843956842248676
Car 0 1 0 269.80758809687904 439.1065550203024 437.7713459167426 552.6056050209282 1.4982404910249 1.6929202481594 4.3156875659964 -4.356021796442837 1.203837801566971 18.56760682267065 -1.5296308348359946
Car 0 1 0 377.7491352731394 434.0684980734112 489.94455799227046 511.4431480888159 1.4640779393304 1.6822885308774 4.6656470640114 -4.3138217741252936 0.8995609159599152 25.798020917348957 -1.5145295021422305
Car 0 1 0 452.52825812394434 423.1241810279262 529.5729907330948 485.1644318079205 1.6435810822001 1.7312065686545 4.3740639693584 -3.9890250626025647 0.5203585141557152 33.755708816535446 -1.5220567516183925
Car 0 1 0 488.4221807252206 424.328296913591 548.1784953093407 470.0410412774589 1.4926527284425 1.7150616248846 4.4741077502134 -3.9330475953948785 0.14319828434452797 41.58884753472073 -1.5190036257188666
Car 0 1 0 541.614258763587 422.5437570481833 573.3115153149936 450.259192010736 1.45868316094 1.7177717997856 4.3586335531837 -3.949446647931695 -0.8099802554995881 65.40173015602889 -1.5667538006430655
Truck 0 1 0 498.95049497155065 408.8239016521919 554.7800280958551 463.1837738677828 2.2414808591641 2.0116015837072 6.1834039008625 -4.398447179326766 -0.14470810436644027 50.725315982465894 -1.5421520499042776
Cyclist 0 0 0 1413.6692401141709 427.7902992061683 1606.22178353621 582.809984697991 1.6151895881456 0.76222400822671 1.7754247496502 10.128924399050216 1.2467191736603809 12.855802366951673 -1.5196977534153335
Cyclist 0 0 0 1138.3724685189743 423.9424842217663 1247.5170111468815 525.6271434069964 1.6151895881456 0.76222400822671 1.7754247496502 9.718690699764235 0.9842864726197753 19.129238015753756 -1.6687487373730165
Cyclist 0 0 0 996.0632960239706 423.3934566896274 1067.568258022865 505.7183139129008 1.6024921933065 0.86591467955831 1.7754247496502 8.441932010176224 0.8210022094699809 23.169208233844525 -1.5022144851024275
Cyclist 0 2 0 1107.7604866260824 421.5953685417615 1199.5137579570214 506.70939611242864 1.6151895881456 0.81923069957302 1.7754247496502 10.71887552244118 0.8145619968536547 22.63551771570642 -1.6687487373730165
