Car 1 0 0 -134.01722615824156 444.8943035167717 365.7826220647489 780.4443757554241 1.6788817745914 1.7257429236856 4.3455998273458 -3.3245696744166517 1.6501121147606201 8.402055260238516 -1.5395734259770426
Car 0 1 0 203.76872506307188 432.49229432758887 408.75063813207134 585.3315304367932 1.7142583400647 1.7119589054958 4.3398591551921 -4.30431502262513 1.372091014116694 15.7777719296953 -1.5600310891820164
Car 0 1 0 334.2873736895537 435.43107870197167 458.3628244154716 523.7462027312107 1.483527717356 1.6888568833914 4.3717666570287 -4.594129156856903 1.016582965593381 22.966255296154635 -1.5494758012088377
Car 0 0 0 412.4634454121757 432.5486932204776 496.51758253092606 492.62102404792336 1.4484487190202 1.6929202481594 4.3156875659964 -4.792411902209634 0.6806245007534905 31.79092701847773 -1.5296308348359946
Car 0 0 0 453.3620227535631 428.1946076642421 520.8963574584852 476.2945437050628 1.4442863095553 1.6822885308774 4.6432416862978 -4.7744135416448605 0.3266667684227862 39.056552758383745 -1.5145295021422305
Car 0 0 0 486.6169625421825 421.1961621884413 539.4742463148073 464.3152332820136 1.6234507732623 1.7110762597166 4.3740639693584 -4.67364142913233 -0.04610396721857954 46.90382009455943 -1.5220567516183925
Truck 0 1 0 511.57028966711374 406.3218974205464 555.3009063748991 448.7307604676779 2.2414808591641 2.0116015837072 6.1834039008625 -5.195666911919901 -0.9217472439448099 63.79158420059945 -1.5421520499042776
Cyclist 0 0 0 1149.0951623625926 421.34722157960175 1248.522095318306 523.4075754325105 1.6151895881456 0.76222400822671 1.7754247496502 9.735677680481395 0.9434902540348544 18.965205685633286 -1.5196977534153335
Cyclist 0 0 0 969.8969850426656 413.8344330128017 1038.354248789663 488.0202156567676 1.6151895881456 0.76222400822671 1.7754247496502 8.71053238402794 0.5198862155043726 25.635846845531212 -1.6687487373730165
Cyclist 0 1 0 986.6353155062636 417.8163782014564 1048.8575580001766 483.1103118480471 1.5838585631518 0.76222400822671 1.7754247496502 10.066068842009123 0.4663169070005363 28.57481028353217 -1.6687487373730165
Cyclist 0 0 0 839.8745066881893 414.69294112638215 866.5197862233719 455.9182861095719 1.6024921933065 0.76222400822671 1.7754247496502 9.231565138998311 -0.30002357072843033 45.03510384463663 -1.5022144851024275
