Car 1 0 0 139.7539381862647 450.8514090573421 389.0882199925901 609.8143016036997 1.4982404910249 1.7128369569613 4.3156875659964 -4.341999544839518 1.4663969275296878 14.183452283994338 -1.5296308348359946
Car 0 1 0 329.9799492767481 439.67327909571424 472.09006334312505 535.8839959425609 1.4640779393304 1.6822885308774 4.6656470640114 -4.168133215131056 1.1284446835693374 21.46359724150211 -1.5145295021422305
Car 0 1 0 431.6235822450817 424.7758501004452 522.3605225923037 497.1111916075724 1.6435810822001 1.7312065686545 4.3740639693584 -3.815037654855583 0.7214000240627345 29.357290652701966 -1.5220567516183925
Car 0 1 0 482.9088160946676 426.4141270361949 549.5185132398775 477.74528878772736 1.4926527284425 1.7150616248846 4.4741077502134 -3.598529560018974 0.35804582995494894 37.45618824587837 -1.5190036257188655
Car 0 1 0 541.7100437510729 424.4141952303492 575.6450384738416 454.3766938281606 1.45868316094 1.7177717997856 4.3586335531837 -3.6078876346111346 -0.5446222717614706 60.93122820972974 -1.5667538006430655
Truck 0 1 0 494.8467562969914 409.9310372587409 556.0711911499302 469.86557950733726 2.2414808591641 2.0116015837072 6.1834039008625 -4.067021306041104 0.11162960528296545 46.40660037436032 -1.5421520499042776
Cyclist 0 0 0 1572.6863529136383 433.87850507000616 1833.3707026357952 620.1341236505718 1.6151895881456 0.76222400822671 1.7754247496502 10.430346553978628 1.3711240575272707 10.9017245243432 -1.5196977534153335
Cyclist 0 1 0 1228.7915980984294 429.4295111679487 1362.0087408737843 544.9773455169263 1.6151895881456 0.76222400822671 1.7754247496502 10.20223405904737 1.1446719437956785 17.02918469820125 -1.6687487373730165
Cyclist 0 0 0 1148.810818733676 431.5545175308108 1281.0163419139838 555.240808781155 1.6024921933065 0.94132607689037 1.7754247496502 8.327593813510067 1.1991134390642202 15.824052862586656 -1.5022144851024275
Cyclist 0 2 0 1153.586310981602 423.4287684959207 1256.6286879550682 515.4916639929704 1.6151895881456 0.81923069957302 1.7754247496502 10.924288002317248 0.9091064620581095 21.032591791919376 -1.6687487373730165
Car 1 0 0 -1117.048996248467 493.5625641799581 144.1212960445232 1097.9593251076017 1.4437899083351 1.6888568833914 4.3717666570287 -4.29589525969036 1.7922787031370877 5.575340467827926 -1.4843956842248676
