Car 1 0 0 -538.5038951837379 457.25497366553634 249.01939919311928 890.6487772815202 1.6585905802707 1.8256549934501 4.3303957739863 -4.060258499484416 1.751567660649066 7.036337847747333 -1.5184346574635836
Car 0 1 0 348.0706612715771 440.5439079522124 490.34845055109326 538.3421824643177 1.5173476175521 1.7714975223644 4.3779758775912 -3.834845488546084 1.1935511412789395 21.506542965098312 -1.5006682060175245
Car 0 1 0 498.6872500924584 433.6666540470446 560.70878732278 486.626329321947 1.4593079584775 1.7009670387926 4.3648641021831 -3.0402762056979737 0.6144004199202241 36.182266592963835 -1.5533786971283645
Car 0 1 0 518.184701421823 432.39375986713054 569.2170340302608 472.4846164805554 1.4424532822643 1.7092517629887 4.3590594386754 -3.3481764699614303 0.27936514500684134 46.423540369767885 -1.5151623225795365
Pedestrian 0 0 0 828.6883522637476 426.3354364768025 843.7529848974092 464.46936283768025 1.6110367452497 0.60371546448238 0.5610930968104 9.058475274416498 0.08500047920491197 47.696917526808 -1.3935380917089966
Pedestrian 0 1 0 873.7316473474173 426.5756329990608 891.617768172991 471.9663272944112 1.6349480968858 0.58810483234884 0.54776927265057 9.428026321245857 0.34277654225301296 40.69611498900715 -1.3827287107421966
Pedestrian 0 0 0 879.7831248186585 425.5003436407822 895.838539377716 471.2596651082253 1.6172998230617 0.5251644031505 0.54872476350919 9.436687884238482 0.3103243247252364 39.93630449737266 -1.3508801384644566
Car 0 2 0 -299.2277677297585 448.3550818937001 -90.78671606631735 523.314381711151 1.4475046820956 1.685201959001 4.2172101116216 -19.412440665889314 1.2224291960904803 26.599935446423125 1.64649681775939
Car 0 2 0 100.78394953689462 442.9377648706756 216.25934943819996 498.5562384764066 1.4475046820956 1.685201959001 4.2420172299253 -14.486970533330231 0.9426268808031215 34.79052058504012 1.6352810109684892
Pedestrian 0 0 0 841.2706469113616 436.8026456635715 856.7412259492794 465.76877667600826 1.1967701536141 0.60371546448238 0.60012157402427 9.479747822971705 0.1370882317128237 47.06069404175614 -1.3935380917089966
