Car 0 0 0 180.46987800517263 449.2527543041487 424.05874600443633 601.33146223229 1.4965064702302 1.7714975223644 4.3779758775912 -4.012130261356639 1.43631632660583 14.687930030542121 -1.5006682060175245
Car 0 1 0 444.1298629980143 435.0278875132866 539.7055192397589 505.12040387426 1.4898505088588 1.7307445216081 4.3648641021831 -3.299767295578707 0.8814720733997348 28.36564105351139 -1.4960937753708736
Car 0 2 0 473.9569015033109 431.3422193634751 541.4584870186904 481.4947342789529 1.4424532822643 1.7092517629887 4.3590594386754 -3.886215905022706 0.48167947733372596 37.4541408617244 -1.5151623225795365
Pedestrian 0 0 0 966.1091724753444 427.5293523141011 991.3098809947234 491.0269978548213 1.6172998230617 0.54419145989241 0.52969770676728 9.175927554234251 0.7276920153541134 28.86530080145606 -1.3508801384644566
Pedestrian 0 1 0 945.459412934806 425.42956909056505 972.5321164363914 487.1890861858 1.6137333724452 0.6047804377091 0.53815193090418 8.883537169131401 0.6456511440744969 29.595529814397885 -1.3827287107421966
Pedestrian 0 0 0 874.0692729137054 425.4054989879731 893.9865387111357 475.1003220583092 1.6110367452497 0.58476209100885 0.53266303660012 8.530503207121296 0.409855123619283 36.633765877500444 -1.3935380917089966
Car 0 2 0 398.5402637485556 427.6940381906625 490.4324413804725 466.67664422070527 1.4599108587071 1.887054779636 4.4142854118973 -7.746523305016366 0.053982739208635194 47.405464714689955 -2.2214155590326765
Cyclist 0 2 0 -411.1580416912151 449.39843533387193 -331.2951720737102 508.6092878442852 1.6694485641301 0.73008969432338 1.7566181600265 -30.265857166002785 1.3263959692104026 33.821882981084656 1.6282612098997902
Car 0 2 0 -32.644937778055805 442.141597406462 51.5760129014493 467.64948780881934 1.4516262975779 1.6631576948595 4.3988587671385 -39.24615098110188 0.2505081779825007 70.9301234585665 2.8878516866164894
Car 0 2 0 -1397.003063739054 485.4871042511032 -560.2341886599025 718.9250580234389 1.4475046820956 1.685201959001 4.2420172299253 -14.495630766687915 1.8433793081178313 10.639953080684853 1.6352810109684892
Car 0 2 0 56.72077630274134 425.4683345841121 211.7378673400444 477.925326690631 1.4382557884361 1.6866594571742 4.5919428775136 -15.636579675509244 0.3279960527055262 35.70656449974876 2.01195348036339
Pedestrian 0 0 0 885.619031022738 438.33512383897823 906.7381677153016 476.139476490161 1.1967701536141 0.60371546448238 0.60012157402427 8.816076919941905 0.4353562919147551 36.15890467962951 -1.3935380917089966
