Car 1 0 0 -671.5226217394605 457.960043231732 226.98717469866156 940.013200246642 1.6585905802707 1.8256549934501 4.3303957739863 -4.068740934827665 1.75912856543939 6.552009455215654 -1.5184346574635836
Car 0 1 0 340.28326349469904 440.949613611423 486.87699522964 541.235597451361 1.5173476175521 1.7714975223644 4.3779758775912 -3.851128842855109 1.2109718446654698 21.04348913939692 -1.5006682060175245
Car 0 1 0 494.7148982299932 432.9141941284054 558.377596646632 486.9068230492501 1.4593079584775 1.7009670387926 4.3648641021831 -3.0781057817587407 0.6071024141702521 35.47209731302978 -1.5533786971283645
Car 0 1 0 515.6080058156574 429.7699068388562 567.7898671819519 470.392822073068 1.4424532822643 1.7092517629887 4.3590594386754 -3.3665218465481868 0.1895778907879908 45.57065138374901 -1.5151623225795365
Pedestrian 0 0 0 828.8196590828248 426.0281185458245 843.4725920888071 464.85876851919454 1.6110367452497 0.57528540427209 0.5610930968104 8.892797478188038 0.09949236066911524 46.84121066025629 -1.3935380917089966
Pedestrian 0 1 0 876.5950084490297 421.5093108642539 895.0164218656246 468.0635578020561 1.6349480968858 0.58810483234884 0.54776927265057 9.294377610200293 0.19513103533257892 39.63868460331844 -1.3827287107421966
Pedestrian 0 0 0 884.586417966658 424.41138000050495 901.1654197519318 471.3871710105119 1.6172998230617 0.5251644031505 0.54872476350919 9.368760975899518 0.3061807480991086 38.90010958636711 -1.3508801384644566
Car 0 3 0 181.24166661650548 437.1220840489934 252.9196683022442 459.3357479863668 1.4381928607646 1.7675351981226 4.3072409309598 -28.427340845252807 -0.2558355605490122 77.48245324220706 -3.0949688617211963
Car 0 2 0 -392.0059879671768 448.056786896685 -152.0299604385449 530.1053990337014 1.4475046820956 1.685201959001 4.2172101116216 -19.499703402270445 1.241691373931264 24.465608778457838 1.64649681775939
Car 0 2 0 66.48001570009285 442.99069336066447 192.38137948802404 502.030091722422 1.4475046820956 1.685201959001 4.2420172299253 -14.542982292683766 0.9768789337418027 32.89949570733122 1.6352810109684892
Pedestrian 0 0 0 842.1673129000172 437.4729342214159 857.9002400522891 466.9097182654944 1.1967701536141 0.60371546448238 0.60012157402427 9.374381352679793 0.18189513966156157 46.325556655110375 -1.3935380917089966
