Car 0 0 0 256.991587372285 445.6047262988706 453.05497288488806 572.4964181688805 1.4965064702302 1.7714975223644 4.3779758775912 -3.93932653424812 1.3461748678820977 17.054948559626236 -1.5006682060175245
Car 0 1 0 467.27722904086943 432.78307984994245 545.996928807207 496.1141971442058 1.4898505088588 1.7307445216081 4.3648641021831 -3.2291606078515804 0.7490563073647959 31.07801448063658 -1.5394880969393137
Car 0 2 0 493.7083913163452 433.6254750773992 554.343374627119 480.0380646465297 1.4424532822643 1.7092517629887 4.3590594386754 -3.621336380034 0.48476035711304666 40.50637170592642 -1.5151623225795365
Pedestrian 0 0 0 927.7094953390337 429.775868994575 947.7471876706546 486.010352716016 1.6172998230617 0.5061373464086 0.51067065002538 9.149212937502039 0.6789439576911367 32.54568257772028 -1.3508801384644566
Pedestrian 0 1 0 915.7170046224268 428.49193314673016 936.8865726576104 484.1695875488966 1.6349480968858 0.54001812361691 0.53815193090418 9.00173335569215 0.6386351507275198 33.23633420206367 -1.3827287107421966
Pedestrian 0 0 0 855.5115718761168 425.75660455470137 871.8994508978077 470.8261043357098 1.6110367452497 0.53737865732503 0.53266303660012 8.662326981557683 0.29945772189425013 40.36208788095801 -1.3935380917089966
Car 0 3 0 101.40804169566138 441.6942971686471 182.59142212265715 466.3911171406321 1.4381928607646 1.7675351981226 4.3072409309598 -30.43807420984348 0.20227467625747647 70.07928112553616 -3.0949688617211963
Car 1 2 0 -2449.602692665208 490.2643588481724 -1160.3364822403769 757.1417607778651 1.4475046820956 1.685201959001 4.2420172299253 -19.805064136723296 1.872163510926121 9.658722830005832 1.64649681775939
Car 0 2 0 -425.4102829839238 460.6247044375567 -108.59927078232693 576.2817900238958 1.4475046820956 1.685201959001 4.2420172299253 -14.473621761150872 1.5500689169203017 18.442410612822048 1.6352810109684892
Car 0 2 0 149.22560683038722 426.6170914048219 279.97361453330944 471.9755612552309 1.4382557884361 1.6866594571742 4.5919428775136 -15.05810874581477 0.19721225711844842 41.05509177399273 2.06362663200769
Pedestrian 0 0 0 870.0705073747134 437.1006258538357 888.8825142626864 471.2937568581698 1.1967701536141 0.60371546448238 0.60012157402427 9.135103489209165 0.31029368569296345 39.92307880314786 -1.3935380917089966
