Car 1 0 0 -24.976161975924697 456.2050117916336 359.27270278114275 687.6788706018732 1.569450485857 1.7714975223644 4.3779758775912 -4.083133962515383 1.6341485499104689 10.881679354464742 -1.5006682060175245
Car 0 1 0 391.5634570920091 436.6270875194552 521.9589676811378 522.7788801887002 1.4898505088588 1.7716475841776 4.4162154445617 -3.437226475297613 1.0352188678612109 23.582787147923547 -1.4617296458067965
Car 0 2 0 438.29088459829984 432.5134459931657 519.6404990258003 490.74785180180186 1.4424532822643 1.7092517629887 4.3590594386754 -4.2069445095826214 0.6515168006991832 32.64061651621302 -1.5151623225795365
Pedestrian 0 0 0 1056.0931194504703 421.4117798568662 1091.9696744014009 502.5904485816925 1.6172998230617 0.55370498826336 0.54872476350918 9.127631845567114 0.7965942247450541 22.630444488229582 -1.3508801384644566
Pedestrian 0 1 0 1017.0393542864948 423.3233204111841 1066.3863882767337 501.3627827076074 1.6137333724452 0.8610792674504 0.53815193090418 8.791989522270775 0.8026280462721255 23.494364111830315 -1.3827287107421966
Pedestrian 0 0 0 918.5503869144758 424.43509430148174 946.107525962154 484.8021346460182 1.6110367452497 0.64162221142943 0.56109309681041 8.350991377549713 0.5950636544713619 30.23632205946042 -1.3935380917089966
Cyclist 0 2 0 -944.3290987760151 470.0232971330453 -785.275131175793 560.9212140741236 1.6694485641301 0.73008969432338 1.7566181600265 -30.32832056691459 1.8893241356135566 22.7055679773128 1.6282612098997902
Car 0 2 0 309.4686593934538 426.6523916549464 419.98330366413137 470.0187366638575 1.4599108587071 1.887054779636 4.4142854118973 -9.944841256178314 0.16412800340183953 42.30627794739224 -2.3718119305776266
Car 0 2 0 200.96814633482316 421.7933407657477 290.70069658800946 456.0795335727746 1.4818471992964 1.7484673222512 4.4322288147545 -17.936982417547807 -0.3837289996397025 52.496725358118475 -2.4748839443056365
Pedestrian 0 0 0 940.3497761158668 438.5411546353725 967.539008853982 484.6843386519088 1.1967701536141 0.60371546448238 0.60012157402427 8.77848967417627 0.5792357914609478 29.688039893264666 -1.3935380917089966
