Car 1 0 0 -837.7034360174913 461.68331992072825 202.44343207970587 1007.6063105372646 1.6585905802707 1.8256549934501 4.3303957739863 -4.077067955602483 1.788128760231478 6.068965518334635 -1.5184346574635836
Car 0 1 0 328.27987968945536 439.732756851103 481.5987565990902 544.6930766762097 1.538188764874 1.7714975223644 4.3779758775912 -3.8747665357142136 1.2199547381928155 20.373664227961278 -1.5006682060175245
Car 0 1 0 491.0954723836825 433.4858063775175 557.0626423538278 488.4934062944083 1.4593079584775 1.7309841041831 4.3648641021831 -3.1031006880594267 0.6410960409728954 34.907723168771895 -1.5533786971283645
Pedestrian 0 0 0 834.6313915250944 425.6018137395296 851.8238708041699 465.34229650853183 1.6110367452497 0.66057558490295 0.53266303660012 8.97485282687781 0.11733574705077432 45.7411217587452 -1.3935380917089966
Pedestrian 0 1 0 880.9931220526303 422.1379008579576 901.506430591299 469.92997638839614 1.6349480968858 0.63619154108078 0.59585598138251 9.258425653693445 0.25276671682442886 38.681019167354215 -1.3827287107421966
Pedestrian 0 0 0 889.9700463766445 424.523633651586 907.0401419455624 472.59267773680335 1.6172998230617 0.5251644031505 0.54872476350919 9.349909909220289 0.33976620406419544 38.0236405170515 -1.3508801384644566
Cyclist 0 2 0 -76.68021654328493 445.2713692391236 -35.97653913453371 483.8400135554612 1.6027877060859 0.69120710608236 1.7223376101145 -30.22201647439705 0.8960267622400424 49.32575675666952 1.598061410706789
Car 0 3 0 165.47498014270724 437.7332446238851 238.45209402368997 460.2555368326754 1.4381928607646 1.7675351981226 4.3072409309598 -29.0976814449153 -0.1907130814678049 76.47658205337578 -3.0949688617211963
Car 0 2 0 -511.4351459243434 450.701304798861 -228.40003485653813 542.4651307461527 1.4475046820956 1.685201959001 4.2172101116216 -19.59156330613999 1.3277713183593494 22.21112939541951 1.64649681775939
Car 0 2 0 28.620022213757693 443.3209197138791 166.41761939897629 506.1741332584492 1.4475046820956 1.685201959001 4.2420172299253 -14.597671340314962 1.0184667506652918 31.051628489579624 1.6352810109684892
Car 0 2 0 249.017575375948 424.2374367695097 360.7801707143624 461.5160654926568 1.4382557884361 1.6866594571742 4.5388324011723 -14.04871918277388 -0.16583400180089186 48.983535477649134 2.2979866564389897
Car 0 1 0 513.4369144360122 430.282015639379 566.5977078604778 471.6205514744415 1.4424532822643 1.7092517629887 4.3590594386754 -3.3808671190309076 0.23156930013668653 44.87149513899972 -1.5151623225795365
Pedestrian 0 0 0 844.1871586344811 438.38889828935686 860.2948822551222 468.4734507914476 1.1967701536141 0.60371546448238 0.60012157402427 9.26712230400414 0.24104331065993656 45.351273679940135 -1.3935380917089966
