Car 1 0 0 -2120.995872038616 470.1888434619246 83.53206757656858 1494.9252406072103 1.6585905802707 1.8256549934501 4.3303957739863 -4.086689343752282 1.8372529767421542 4.285501756347317 -1.5184346574635836
Car 0 1 0 282.7182626491275 444.1880523241777 463.2051108471252 561.0652706674329 1.4756653229082 1.7714975223644 4.3779758775912 -3.913722790735164 1.2844008463757988 18.082940442181545 -1.5006682060175245
Car 0 1 0 475.6517798363098 434.3626228476576 550.4041672235959 495.2585556174869 1.4898505088588 1.7307445216081 4.3648641021831 -3.1824538156590783 0.7646397865399848 32.344423047632866 -1.5394880969393137
Car 0 2 0 501.35504159120194 432.2873226285647 558.7234806237725 476.4312609377856 1.4424532822643 1.7092517629887 4.3590594386754 -3.5633555155172822 0.38401621779007433 42.34903558669334 -1.5151623225795365
Pedestrian 0 0 0 845.6482184278409 425.2317212183213 862.2012806302803 468.38514107370014 1.6110367452497 0.57528540427209 0.53266303660012 8.673061017937433 0.22144578727328584 42.1383096333328 -1.3935380917089966
Pedestrian 0 1 0 901.846537805002 426.844485479478 921.6585673917888 479.6890709848752 1.6349480968858 0.54001812361691 0.53815193090418 9.01921065547072 0.5335494545299598 34.98823829586479 -1.3827287107421966
Pedestrian 0 0 0 913.4894828294752 427.67026111897167 932.175828968743 480.9077191664163 1.6172998230617 0.5061373464086 0.51067065002538 9.195814167097105 0.5612671599625064 34.34514263498723 -1.3508801384644566
Car 0 3 0 136.96146718652955 440.1928992557769 214.87663371770287 464.1100213260957 1.4381928607646 1.7675351981226 4.3072409309598 -29.171766084621698 0.0640147593571096 72.23380260639041 -3.0949688617211963
Car 0 2 0 -1353.498795756609 472.2952895558837 -691.514109131822 638.6506749884182 1.4475046820956 1.685201959001 4.2420172299253 -19.69793289258689 1.721228250077708 13.748362092197777 1.64649681775939
Car 0 2 0 -188.84643026996457 450.1295597498278 27.70467496358788 537.3292235331659 1.4475046820956 1.685201959001 4.2420172299253 -14.559131470864266 1.3047029796104908 23.285602422282444 1.6352810109684892
Car 0 2 0 181.5966998935006 424.8017504806717 308.0636082837435 467.0300766956073 1.4382557884361 1.6866594571742 4.5672205529487 -14.856915032968434 0.03895278354626858 43.67230726952855 2.202979467854389
Pedestrian 0 0 0 853.0533074701161 442.1308173232365 870.7218227324968 474.87262937998776 1.1967701536141 0.60371546448238 0.60012157402427 8.894559889972525 0.45903519675299953 41.75778048784574 -1.3935380917089966
