Car 1 0 0 -118.6987567808385 452.7873679329868 332.91688166076403 709.199651915665 1.5381887648741 1.7714975223644 4.3779758775912 -4.120052137733197 1.5717523854077575 9.846613291334108 -1.5006682060175245
Car 0 1 0 375.3022767942547 436.46524580392185 516.6924766216401 528.7718827992749 1.4898505088588 1.7716475841776 4.4941486582893 -3.4334141044033433 1.0641924743264304 22.22739662181878 -1.4617296458067965
Car 0 2 0 425.003214631209 431.700486718229 511.4067118967188 492.5333492565607 1.4424532822643 1.7092517629887 4.3590594386754 -4.32575018019746 0.6632641506009302 31.28202465797643 -1.5151623225795365
Pedestrian 0 0 0 1086.846422013164 414.459172310483 1126.7639948863584 502.10422968718814 1.6172998230617 0.55370498826336 0.54872476350918 9.064354490079683 0.7262135869231309 20.94936637351632 -1.3508801384644566
Pedestrian 0 1 0 1048.0815423570134 424.6142390366838 1093.2235581357902 508.96912121599365 1.6137333724452 0.69021338095621 0.53815193090418 8.705785099478982 0.8885120685072989 21.7538141646329 -1.3827287107421966
Pedestrian 0 0 0 934.1860406268368 426.1585282532071 963.8207243054868 490.1886624121846 1.6110367452497 0.64162221142943 0.56109309681041 8.30851997586054 0.6971607694739279 28.537325522457007 -1.3935380917089966
Cyclist 0 2 0 -1224.4076461757872 473.2275566913144 -1014.639669600327 580.2866169212014 1.6694485641301 0.73008969432338 1.7566181600265 -30.40185343593996 1.9244393959810644 19.45808636326348 1.6282612098997902
Car 0 2 0 -384.32279832050585 436.20465109388994 -80.67335047526262 526.9305197344177 1.4382557884361 1.6866594571742 4.8068756030706 -16.903371907477823 1.0077008870798578 22.324387577015948 1.8210711403424895
Car 0 2 0 279.3785102548139 426.297939943979 392.3557731448568 471.0735675460845 1.4599108587071 1.887054779636 4.4142854118973 -10.706124180928565 0.19173892755369465 41.0094472868954 -2.3718119305776266
Car 0 2 0 174.15152148074304 422.82003806042286 266.69286001445863 458.52918873200383 1.4818471992964 1.7484673222512 4.4322288147545 -18.44595402860486 -0.26628584175549697 50.598028002108784 -2.4748839443056365
Pedestrian 0 0 0 958.6597638946296 441.2629627047072 988.1000478519652 490.4226949548688 1.1967701536141 0.60371546448238 0.60012157402427 8.741469779115395 0.6856692201323795 27.91600495246153 -1.3935380917089966
