Car 0 0 0 184.31431350266183 447.730578692454 437.6747994665996 611.7117663878772 1.4898505088588 1.8135786204259 4.4941486582893 -3.63444721424388 1.4214803620291805 13.827792468507706 -1.5290451221039985
Car 0 2 0 300.2594198427075 433.6144586114239 415.2638032296717 521.7411299745143 1.4826709708052 1.7598787356226 4.3590594386754 -5.624171713916417 0.9721111640504434 23.056938955481762 -1.8958308858010766
Pedestrian 0 0 0 1595.1935745887452 435.422491736583 1737.5240461626909 629.6220136919223 1.6172998230617 0.62981321523097 0.58677887699298 9.041190612339916 1.394481125804154 9.711667525299834 -1.3508801384644566
Pedestrian 0 1 0 1478.7316400334068 434.7000372224172 1608.1746718670108 613.1780437553632 1.6137333724452 0.70919847945557 0.53815193090418 8.607025199016006 1.3652311407581486 10.475334262626799 -1.3827287107421966
Pedestrian 0 0 0 1141.3187488159883 422.5836396081775 1201.6508295612289 530.5405264795133 1.6110367452497 0.64162221142943 0.60847653049422 8.372948155995177 1.0130049327761679 17.07749384398211 -1.3935380917089966
Pedestrian 0 0 0 1179.9114149746297 457.5467379838778 1234.2419466744252 535.8769518509275 1.1087723482013 0.53737865732504 0.54213972333688 8.590801989275226 1.0554768672782153 16.4354371309376 -1.3935380917089966
Pedestrian 0 3 0 -239.07374173312667 438.3748117089148 -207.9894065970801 481.1816060569549 1.6042762871025 0.59802999020689 0.74779393257802 -32.75320357995969 0.7051081626463571 42.91609469738178 -1.6782890985831567
Cyclist 0 2 0 -42900.30066532528 -3404.911192321096 40021.56445380237 4187.935491187534 1.6694485641301 0.73008969432338 1.7566181600265 -30.415142925706952 2.968636463363724 0.00010846590452654598 1.6282612098997902
Car 1 2 0 -3863.5203692281466 -35295.27836324855 316471.5929187995 919.0170965881696 1.4382557884361 1.6866594571742 4.7462148484623 -17.82229282013719 1.9935993590195444 2.213613871133999 1.69894138175159
Car 0 2 0 -59.30210985666543 436.3111361748357 99.04306058843838 494.14844432614007 1.4599108587071 1.887054779636 4.4142854118973 -17.50984336844697 0.7719321256398108 32.14848384815938 -2.6041810953774966
Car 0 2 0 -40.94899332609816 430.9680311336896 87.65345681188671 477.2455178093825 1.4818471992964 1.7484673222512 4.4322288147545 -21.383911470605405 0.42053004098734603 39.48964800621947 -2.639739607666897
Car 0 2 0 127.17984962108191 431.02427705989527 255.77847206621607 482.0814496656623 1.4818471992964 1.7484673222512 4.4322288147545 -14.29046786631761 0.5132684051840992 36.56748833841617 -2.4902982507903664
