Car 1 0 0 -240.9942477569076 457.15205938102366 301.9065901220288 756.266670853597 1.5381887648741 1.7714975223644 4.3779758775912 -4.1561057448309775 1.623110439825509 8.819492473701263 -1.5006682060175245
Car 0 1 0 356.67965303103983 438.7981841113985 501.6084372040471 538.288440532546 1.4898505088588 1.7716475841776 4.4941486582893 -3.531134640641922 1.14386198548537 20.909431303779293 -1.5034651738834075
Car 0 2 0 415.68307128287336 431.7793526447199 506.8996855692806 497.0843584109814 1.4826709708052 1.7092517629887 4.3590594386754 -4.322371872710493 0.7414672314684367 29.97630339425356 -1.5151623225795365
Pedestrian 0 0 0 1130.781922058003 429.4788964760752 1176.3677828429384 526.0747821190089 1.6172998230617 0.55370498826336 0.54872476350918 9.066827289806154 1.0653458744403976 19.106475698176375 -1.3508801384644566
Pedestrian 0 1 0 1080.8903752460224 430.3326087341047 1133.026990646611 522.3800560269605 1.6137333724452 0.71869102870524 0.53815193090418 8.649693509547498 1.0515574292092282 19.991547581564713 -1.3827287107421966
Pedestrian 0 0 0 953.8591381707922 426.6227701292421 986.0522306038469 494.9758611963081 1.6110367452497 0.64162221142943 0.56109309681041 8.292595532576764 0.7660211865463702 26.756016509892362 -1.3935380917089966
Cyclist 0 2 0 -1609.7153786738922 479.6914083530013 -1320.2449173613932 609.2975727857805 1.6694485641301 0.73008969432338 1.7566181600265 -30.47303498059448 1.9921655710580812 16.305699494607385 1.6282612098997902
Car 0 2 0 247.13608797790448 427.44918766850486 362.8685944402485 473.99009388949526 1.4599108587071 1.887054779636 4.4142854118973 -11.45140095777778 0.27906609675173394 39.64201756228348 -2.3718119305776266
Car 0 2 0 145.86316332166678 423.8835643643063 241.25556411079535 461.0761453711908 1.4818471992964 1.7484673222512 4.4322288147545 -18.960072867630736 -0.15319496301717164 48.77259871812 -2.4748839443056365
Pedestrian 0 0 0 982.98679817907 444.2207984705244 1015.0966734929398 496.70711706435 1.1967701536141 0.60371546448238 0.60012157402427 8.806787897529615 0.7881492900876008 26.197574244319906 -1.3935380917089966
