Car 0 0 0 247.3434968851436 445.6324006166756 458.4843777123229 586.3563209506996 1.4898505088588 1.8135786204259 4.4941486582893 -3.611188056869962 1.3638959777152522 15.678081312646126 -1.5290451221039985
Car 0 2 0 329.37603119632865 431.1640721196424 455.8808019914927 511.92291744285245 1.4826709708052 1.7598787356226 4.3590594386754 -5.259888609951776 0.8672734835797369 24.762741072220017 -1.9771794450910964
Pedestrian 0 0 0 1408.735193125718 422.6015265600237 1501.074190373142 574.5424951870798 1.6172998230617 0.58224557337621 0.54872476350918 9.10458770719478 1.1901623065180271 12.24608927352319 -1.3508801384644566
Pedestrian 0 1 0 1316.4782408776534 432.0509693082239 1410.593667168425 575.0928528192159 1.6137333724452 0.70919847945557 0.53815193090418 8.590952680056716 1.2721557950692004 12.983217701341431 -1.3827287107421966
Pedestrian 0 0 0 1068.5837005356825 424.5521869349938 1118.0254290556402 518.5068833862623 1.6110367452497 0.64162221142943 0.60847653049422 8.231532313628177 0.9589465023480666 19.581572832772988 -1.3935380917089966
Pedestrian 0 0 0 1110.1273491156485 453.8341053285399 1154.1997178029012 520.9496388457509 1.1087723482013 0.53737865732504 0.54213972333688 8.702515395898795 0.9799470697682469 19.100418242968292 -1.3935380917089966
Cyclist 0 2 0 -9088.957474749724 669.1024968808553 -5590.613044200368 1311.7038903919356 1.6694485641301 0.73008969432338 1.7566181600265 -30.315033261956614 2.6995925166940493 4.4786936544921305 1.6282612098997902
Car 1 2 0 -4110.554824488802 481.1443963895621 -1371.0917861667208 950.0276068317528 1.4382557884361 1.6866594571742 4.9482542972785 -17.681171276482928 1.7442938099732357 6.855490806455938 1.7175196358526899
Car 0 2 0 93.72277532317344 432.13388371625246 218.41853221582585 485.8010147110468 1.4599108587071 1.887054779636 4.4142854118973 -14.820877941547295 0.5792411647722462 35.0393947305476 -2.3718119305776266
Car 0 2 0 -17.55303116501966 428.7958943106859 102.415271043311 471.5903571535772 1.4818471992964 1.7484673222512 4.4322288147545 -22.22422610531147 0.25324862473605386 42.383470419305965 -2.639739607666897
Car 0 2 0 173.23222874248302 428.6085884392812 294.0870056915389 475.7086575288173 1.4818471992964 1.7484673222512 4.4322288147545 -13.855144551370959 0.34803887168311487 39.27271447317723 -2.4902982507903664
