Car 0 0 0 205.98411135446315 448.1220305665541 444.92066806786335 604.7388643746161 1.4898505088588 1.8135786204259 4.4941486582893 -3.6198863590867885 1.4201271597513097 14.383783691875955 -1.5290451221039985
Car 0 2 0 302.6978589487617 432.8726086313711 429.1441715942197 518.5158309194879 1.4826709708052 1.7598787356226 4.3590594386754 -5.58102633574291 0.9401156967504631 23.585765041350374 -1.9620170998128366
Pedestrian 0 0 0 1540.275479452687 432.072405951317 1666.2850579680355 609.8342507036492 1.6172998230617 0.62981321523097 0.58677887699298 9.250055252457724 1.3416204536855638 10.568709941657191 -1.3508801384644566
Pedestrian 0 1 0 1414.0534114310233 431.7292932071152 1528.8216960672548 595.9817385156637 1.6137333724452 0.70919847945557 0.53815193090418 8.597541690581874 1.3130740285657494 11.347052685090253 -1.3827287107421966
Pedestrian 0 0 0 1117.587577374672 421.3499876838947 1173.9936042244665 524.1919294835683 1.6110367452497 0.64162221142943 0.60847653049422 8.36689578104429 0.963556269422901 17.903589530329526 -1.3935380917089966
Pedestrian 0 0 0 1162.3300093937733 454.7292851419065 1213.4405058757472 529.3610560197762 1.1087723482013 0.53737865732504 0.54213972333688 8.702414419331314 1.0080138758197554 17.214152313495674 -1.3935380917089966
Cyclist 0 2 0 -58187.938318872 1012.4999369357928 -10000.0 5331.656534463768 1.6694485641301 0.73008969432338 1.7566181600265 -30.38045490488229 2.8754126758169343 1.5519392329565 1.6282612098997902
Car 1 2 0 -13816.1112058082 519.1617347022074 -2405.34873967814 2071.33024598609 1.4382557884361 1.6866594571742 4.7462148484623 -17.769747987916876 1.895623500766996 3.842602351445547 1.69894138175159
Car 0 2 0 36.588860728987584 433.5758726737464 163.0690961511183 489.3788326778155 1.4599108587071 1.887054779636 4.4142854118973 -16.05100460736679 0.6569133712005852 33.89178417142511 -2.3718119305776266
Car 0 2 0 -20.978140696979157 429.8207902957675 103.3585786016638 474.33710898225377 1.4818471992964 1.7484673222512 4.4322288147545 -21.48772340448892 0.33723643205469606 40.89248900451297 -2.639739607666897
Car 0 2 0 142.4228030367591 430.14750505149067 268.13621677019853 479.7390508028646 1.4818471992964 1.7484673222512 4.4322288147545 -14.19627523164051 0.45548831091361475 37.520517299288755 -2.4902982507903664
