Car 1 0 0 -1065.9895734119077 461.4188797310911 173.13684046558637 1089.4113879704284 1.6585905802707 1.8256549934501 4.3303957739863 -4.086066362481286 1.7864963460626144 5.558571532878532 -1.5184346574635836
Car 0 1 0 315.4168509420787 439.5003062545815 475.94585527287774 543.1600821477639 1.4548241755863 1.7714975223644 4.3779758775912 -3.8989522786228017 1.145629731604163 19.700427878819223 -1.5006682060175245
Car 0 1 0 491.2067717568149 433.214253831164 553.4289747252193 489.35149744146486 1.4593079584775 1.7106195853103 4.3648641021831 -3.101855281500001 0.6490259119985128 34.264418870724775 -1.5861976812452545
Pedestrian 0 0 0 836.3033858026689 424.794399015901 853.1344288423609 465.2962230173579 1.6110367452497 0.63214552469266 0.53266303660012 8.865368537906066 0.11296451246357625 44.87653360535398 -1.3935380917089966
Pedestrian 0 1 0 887.4483481446177 422.685343807372 906.8967325260876 471.3620236372725 1.6349480968858 0.58810483234884 0.53815193090418 9.279653168654574 0.29793774353373725 37.924486737105795 -1.3827287107421966
Pedestrian 0 0 0 898.042159573286 425.2292413959383 915.107443105136 474.5038573723858 1.6172998230617 0.5061373464086 0.54872476350919 9.393291770423856 0.394447885734139 37.1056821223221 -1.3508801384644566
Car 0 3 0 174.48311058073358 438.2210946659204 248.28280924350963 461.0808389180971 1.4381928607646 1.7675351981226 4.3072409309598 -28.045918771476227 -0.133539123015247 75.39501378561489 -3.0949688617211963
Car 0 2 0 -635.4333624272914 457.6013643578604 -303.7712372600833 560.9115140161296 1.4475046820956 1.685201959001 4.2172101116216 -19.582577352338227 1.4860942686193266 20.23046849357738 1.64649681775939
Car 0 2 0 1.5443880956826206 443.6815348480919 150.28136644614997 510.4118220604811 1.4475046820956 1.685201959001 4.2420172299253 -14.369120505745538 1.0567058659525292 29.391145772393 1.6352810109684892
Car 0 2 0 233.84961182203023 422.3322361855919 347.68211011771814 460.55461372783896 1.4382557884361 1.6866594571742 4.5903889335098 -14.281106261677575 -0.2079056724407236 47.723029477024234 2.2155289488543897
Car 0 1 0 510.6591273953541 430.9350185561053 565.0776483749278 473.1912442277273 1.4424532822643 1.7092517629887 4.3590594386754 -3.3985596217596212 0.2833587050001096 44.009202437141724 -1.5151623225795365
Pedestrian 0 0 0 845.5741122186514 439.4122061592692 862.0852843573848 470.2170027123141 1.1967701536141 0.60371546448238 0.60012157402427 9.118762444115779 0.3041330826425874 44.31617324068492 -1.3935380917089966
