Car 1 0 0 -1288.3584953439522 464.9038268373418 148.59574291059096 1177.6255534398088 1.6585905802707 1.8256549934501 4.3303957739863 -4.092640326250844 1.8093912366879428 5.177221056393586 -1.5184346574635836
Car 0 1 0 307.5466125369081 440.55703119080295 473.57215822288 547.6144605516213 1.4548241755863 1.7714975223644 4.3779758775912 -3.875305402335703 1.1763297344685126 19.185143176948543 -1.5006682060175245
Car 0 1 0 482.0613808606684 433.8916585405445 551.6358525440551 491.1482939773703 1.4593079584775 1.7307445216081 4.3648641021831 -3.203930294753743 0.686494362431913 33.65137175837689 -1.5520432610372457
Car 0 2 0 508.8707487193581 431.3541237523129 564.1021107259384 474.2024091849906 1.4424532822643 1.7092517629887 4.3590594386754 -3.4095764159864883 0.3156070095652921 43.47226871976877 -1.5151623225795365
Pedestrian 0 0 0 835.8221148756395 423.9341364798608 852.9595530249353 465.1820389527393 1.6110367452497 0.63214552469266 0.53266303660012 8.69117464213238 0.10609798779910892 44.0614247644917 -1.3935380917089966
Pedestrian 0 1 0 889.2003732908116 423.4912928799139 909.2396392403476 473.5663280998737 1.6349480968858 0.58810483234884 0.53815193090418 9.091907619772837 0.36181107099868004 36.88107325218676 -1.3827287107421966
Pedestrian 0 0 0 902.0115586042572 425.9915993025168 919.7714329545382 476.6944486980735 1.6172998230617 0.5061373464086 0.6248329904768 9.293726494860037 0.4518037528050557 36.16038414301221 -1.3508801384644566
Car 0 2 0 -794.3100615244213 460.955926329485 -397.3891097419725 577.7148948002915 1.4475046820956 1.685201959001 4.2172101116216 -19.64326128629176 1.5551897933919987 18.254882006959203 1.64649681775939
Car 0 2 0 -64.90728319870334 449.4436316260356 105.29941819294788 523.2703123413513 1.4475046820956 1.685201959001 4.2420172299253 -14.565498887398709 1.2458470180235819 27.086698087468797 1.6352810109684892
Car 0 2 0 218.7276601867503 422.9650221502582 334.56347568117513 462.1963703436812 1.4382557884361 1.6866594571742 4.5929794121992 -14.545183406871343 -0.1417051713024467 46.6500082474195 2.1760709919706898
Pedestrian 0 0 0 850.4819843838785 440.337825139478 867.4327915055851 471.8131576279264 1.1967701536141 0.60371546448238 0.60012157402427 9.129169721873073 0.3592677744151038 43.39464331742947 -1.3935380917089966
