Car 0 0 0 202.52375651249707 450.7452836912605 432.2547378531137 596.4229081625384 1.4965064702302 1.7714975223644 4.3779758775912 -3.9910430896168645 1.4527737923287036 15.281929519769246 -1.5006682060175245
Car 0 1 0 451.0127223522093 435.1925950567117 541.1069363522369 503.5004887353286 1.4898505088588 1.7307445216081 4.3648641021831 -3.2825632753022673 0.8688541658364785 29.08489184771166 -1.5120152482978746
Car 0 2 0 483.775860752611 433.0185347704053 547.7806811101378 481.3337533112966 1.4424532822643 1.7092517629887 4.3590594386754 -3.7644939450217527 0.5023920793029734 38.943088000665156 -1.5151623225795365
Pedestrian 0 0 0 954.7328035347 426.4077675809567 978.760588585874 487.637344615954 1.6172998230617 0.54419145989241 0.52969770676728 9.188631049231928 0.6646927717727779 29.915304139577405 -1.3508801384644566
Pedestrian 0 1 0 936.69524379868 424.4175738553211 960.4685708583688 484.0395340419257 1.6137333724452 0.54782514221104 0.53815193090418 8.909358400449722 0.5832657867727963 30.63369938194247 -1.3827287107421966
Pedestrian 0 0 0 866.6368293795634 428.0770351356896 887.1012931661548 476.6347507087893 1.6110367452497 0.6226688379559 0.53266303660012 8.493313385711406 0.4715043556264328 37.51085282965688 -1.3935380917089966
Car 1 2 0 -23775.86703853494 588.207492528992 -3427.923946211306 3031.853304511193 1.4475046820956 1.685201959001 4.2420172299253 -19.953052865373714 2.1597457815965817 3.127447193537053 1.6352810109684892
Car 0 2 0 -869.0769915000343 474.2696924709095 -329.6256513769325 645.2460906134704 1.4475046820956 1.685201959001 4.2420172299253 -14.29277943708477 1.7468200375795875 13.478881053718261 1.6352810109684892
Car 0 2 0 81.0376212982244 425.9012495567605 230.52858922825945 476.3307243222456 1.4382557884361 1.6866594571742 4.5919428775136 -15.54259220450503 0.2979363943371976 37.10028088121371 2.0515543455010903
Pedestrian 0 0 0 886.7942166783539 440.206034009184 907.3716456934864 477.0262154087906 1.1967701536141 0.60371546448238 0.60012157402427 9.086499849639324 0.477214861990364 37.142825216342956 -1.3935380917089966
