Car 0 0 0 228.94784519462095 446.0250268413868 452.3583572667165 593.5523921457244 1.4898505088588 1.8135786204259 4.4941486582893 -3.6153528528037793 1.3789895060429749 15.069876818417189 -1.5290451221039985
Car 0 2 0 312.1750901856367 432.071003065152 440.7939838806817 515.2985402408118 1.4826709708052 1.7598787356226 4.3590594386754 -5.481648611325368 0.9059454761290013 24.144086713028635 -1.9823431074724764
Pedestrian 0 0 0 1470.9624801508005 429.9440812255117 1583.805454419885 596.2603697755131 1.6172998230617 0.62981321523097 0.58677887699298 9.099949320726436 1.3009266849208347 11.266104864875873 -1.3508801384644566
Pedestrian 0 1 0 1363.5755468482948 429.4451907493465 1467.5664183029778 582.8171662020997 1.6137333724452 0.70919847945557 0.53815193090418 8.58309963804955 1.2666968457404841 12.122896433972297 -1.3827287107421966
Pedestrian 0 0 0 1089.1487271123735 425.6768024753308 1141.4934199215256 523.4827794943733 1.6110367452497 0.64162221142943 0.60847653049422 8.28655263666624 1.0035785311562195 18.829948178483598 -1.3935380917089966
Pedestrian 0 0 0 1132.1981792953527 456.8195485805541 1179.4326618705825 527.547384462945 1.1087723482013 0.53737865732504 0.54213972333688 8.660478986828203 1.0363807770446418 18.163551538102894 -1.3935380917089966
Cyclist 0 2 0 -15567.465797714232 768.8700544108099 -7809.388905456055 1898.1019409747803 1.6694485641301 0.73008969432338 1.7566181600265 -30.346381427187566 2.78384046817715 3.07627731191476 1.6282612098997902
Car 1 2 0 -6868.0590808994575 499.89526013522345 -1826.222098484572 1281.0077731030228 1.4382557884361 1.6866594571742 4.89003954084 -17.77516669863341 1.8431133008739808 5.217436359055098 1.7175196358526899
Car 0 2 0 66.37919152211055 432.761249589812 191.68950104925744 487.3214596675895 1.4599108587071 1.887054779636 4.4142854118973 -15.454705416694356 0.6131256431951513 34.55050898998672 -2.3718119305776266
Car 0 2 0 -15.59931088955409 429.6561546912438 108.22398377325668 473.9499341569628 1.4818471992964 1.7484673222512 4.4322288147545 -21.395007058932393 0.3255608479102465 41.07615154593863 -2.639739607666897
Car 0 2 0 157.48760340520846 429.3724692323561 280.7334213384178 477.6988573945674 1.4818471992964 1.7484673222512 4.4322288147545 -14.046224232582137 0.4024158015184578 38.388211800208396 -2.4902982507903664
