Car 1 0 0 -1660.018967898467 469.8627488290588 117.04005024113178 1327.806408772253 1.6585905802707 1.8256549934501 4.3303957739863 -4.079492796516365 1.838258418220752 4.693798941975463 -1.5184346574635836
Car 0 1 0 295.8211695614028 441.7367380700566 468.629423374236 552.5977570335156 1.4548241755863 1.7714975223644 4.3779758775912 -3.894214679886474 1.208789146942627 18.645640752695154 -1.5006682060175245
Car 0 1 0 480.81033508162375 433.6409552315939 551.8747942253915 493.2012230174125 1.4898505088588 1.7307445216081 4.3648641021831 -3.152264648508564 0.725999158067193 32.985733287989625 -1.5520432610372457
Pedestrian 0 0 0 844.1338978201263 424.5816192989933 861.8208660533511 466.8222382828921 1.6110367452497 0.63214552469266 0.53266303660012 8.821850904052269 0.16636093377215128 43.03974540006419 -1.3935380917089966
Pedestrian 0 1 0 896.5462267916777 424.2579945960488 921.3290768847536 475.7836330897419 1.6349480968858 0.71313027505188 0.53815193090418 9.154363106306764 0.42208467998288224 35.867470379001645 -1.3827287107421966
Pedestrian 0 0 0 904.6679165662176 426.8011754956724 922.5908182196488 478.4917280778105 1.6172998230617 0.5061373464086 0.48213006491253 9.166446746533222 0.5027436272010918 35.32553089101967 -1.3508801384644566
Cyclist 0 2 0 -155.50946592249886 450.5994976903676 -107.29273561542414 493.6505108963893 1.6027877060859 0.69120710608236 1.7223376101145 -30.24972261659671 1.1864601749416506 44.48139261782594 1.598061410706789
Car 0 3 0 149.22549783932925 439.55997102488686 225.80881807252103 463.1379531746006 1.4381928607646 1.7675351981226 4.3072409309598 -28.80574236142478 0.0024687736782957326 73.21679866477187 -3.0949688617211963
Car 0 2 0 -1052.1245675239277 465.2795378554728 -540.2958433338177 604.0479111526807 1.4475046820956 1.685201959001 4.2172101116216 -19.702898669515683 1.626958100677235 15.819739807203108 1.64649681775939
Car 0 2 0 -121.40750944282048 449.6403110971279 69.82436203425107 529.7373086043144 1.4475046820956 1.685201959001 4.2420172299253 -14.524030046281743 1.2727962669368864 25.140010555600234 1.6352810109684892
Car 0 2 0 207.14791668171944 423.7628457644624 323.71664295403605 464.2596425188257 1.4382557884361 1.6866594571742 4.5441967182181 -14.577354591547248 -0.06131315684340982 45.312052158775494 2.1199915513585896
Car 0 2 0 506.3896122746294 431.9338884122933 562.752682072124 475.6051755542912 1.4424532822643 1.7092517629887 4.3590594386754 -3.424399864218655 0.35899813255894 42.74980726686124 -1.5151623225795365
Pedestrian 0 0 0 851.9412410576799 441.35530797203614 869.2988081432773 473.5489841791443 1.1967701536141 0.60371546448238 0.60012157402427 8.993835162126576 0.4168185602018333 42.45041984387328 -1.3935380917089966
