Car 1 0 0 -964.388651471394 480.18721948509767 175.54156483306684 1048.6773600717647 1.5381887648741 1.7714975223644 4.3779758775912 -4.20758691040409 1.8005972111519895 5.8632333495654025 -1.5006682060175245
Car 0 0 0 295.10915342850944 440.8689738536144 473.1753637619971 563.0426676019209 1.4898505088588 1.7924904969326 4.4941486582893 -3.611952687532574 1.2516485709403111 17.551731004602882 -1.5329150506723246
Car 0 2 0 368.094514924612 428.7274332063553 453.8055712059864 503.03479087058105 1.4826709708052 1.7598787356226 4.3590594386754 -5.0259978006209804 0.756378465667062 26.58542513859882 -1.6738137254799466
Pedestrian 0 0 0 1276.300912458059 405.9094152413943 1342.9080791539611 530.3615295355635 1.6172998230617 0.55370498826336 0.54872476350918 9.097981778984298 0.8741079129408456 14.817855154159497 -1.3508801384644566
Pedestrian 0 1 0 1203.4950307547208 436.5630509833603 1275.6602130653 554.8179007166495 1.6137333724452 0.70919847945557 0.53815193090418 8.628447260975559 1.264019297831649 15.654192567169162 -1.3827287107421966
Pedestrian 0 0 0 1018.797938737109 422.99395735457415 1060.31671671444 505.5094894206703 1.6110367452497 0.64162221142943 0.59899984375746 8.276109709206265 0.8378842170256398 22.230732929413037 -1.3935380917089966
Pedestrian 0 0 0 1061.7341263659791 449.8666611964685 1099.1395628126 509.11743187466783 1.1087723482013 0.53737865732504 0.54213972333688 8.824096015432513 0.8839204167932633 21.561014931219017 -1.3935380917089966
Cyclist 0 2 0 -3592.8745504618546 542.0119247784297 -2722.388564511361 799.8704332264838 1.6694485641301 0.73008969432338 1.7566181600265 -30.213382226169767 2.426406144605468 9.02623488299651 1.6282612098997902
Car 0 2 0 -1575.345011295297 454.77076861265385 -667.3054339388572 657.6654528916582 1.4382557884361 1.6866594571742 4.8068756030706 -17.50116929865229 1.4882644750985266 11.770796833230666 1.7480904500911896
Car 0 2 0 151.33056557827638 430.5293521173817 273.45283166858445 481.78054036054687 1.4599108587071 1.887054779636 4.4142854118973 -13.571290420727324 0.4853710141939547 36.455015634156005 -2.3718119305776266
Car 0 2 0 61.02942571522283 427.0365283541981 176.31991103809582 467.7305714658346 1.4818471992964 1.7484673222512 4.4322288147545 -20.20458870946638 0.12200241412212182 44.32977373747783 -2.639739607666897
Car 0 2 0 208.7155620076793 426.6124599374538 322.9544295473703 470.4840517721865 1.4818471992964 1.7484673222512 4.4322288147545 -13.54745500995949 0.19205397193114804 41.839078717369546 -2.4902982507903664
