Car 0 0 0 120.74158756782948 450.7124668418962 405.2302214887994 628.1223723870904 1.5381887648741 1.7714975223644 4.3779758775912 -4.001947719116301 1.5152438973717746 13.195043235723102 -1.5006682060175245
Car 0 1 0 423.4345670667107 434.719363561737 534.8168100580714 510.5603837734969 1.4898505088588 1.7409253717352 4.3648641021831 -3.3429957226571463 0.9227882238238354 26.31932276839393 -1.4617296458067965
Car 0 2 0 460.6366177292996 431.2127244301676 533.3328800313401 484.3998093083042 1.4424532822643 1.7092517629887 4.3590594386754 -4.008620974665581 0.5333269851139404 35.429998289859824 -1.5151623225795365
Pedestrian 0 0 0 1000.7017279542642 430.6130711166381 1029.9194704346207 500.4926819317938 1.6172998230617 0.55370498826336 0.54872476350918 9.222357203347824 0.8812837781429506 26.296034006235683 -1.3508801384644566
Pedestrian 0 1 0 970.3975305703992 428.2137413022171 1003.5701499216536 495.83967499598265 1.6137333724452 0.67122828245685 0.53815193090418 8.807021630611104 0.7970254443591686 27.078151321263892 -1.3827287107421966
Pedestrian 0 0 0 887.975316634785 425.0304771917386 908.926508209081 478.7726329567997 1.6110367452497 0.55633203079856 0.56109309681041 8.338321897343414 0.48821751581027273 33.92285197080959 -1.3935380917089966
Car 0 2 0 371.1426848720888 429.2868525855977 466.2442607913765 470.41356074960765 1.4599108587071 1.887054779636 4.4142854118973 -8.443421235733535 0.18943280192491813 45.22894679746842 -2.2214155590326765
Cyclist 0 2 0 -594.6325921999534 454.329563053366 -490.5251478831552 524.0271989356366 1.6694485641301 0.73008969432338 1.7566181600265 -30.374709923772713 1.5137846733180347 28.979429555273963 1.6282612098997902
Car 1 2 0 -4991.418672627679 542.1486087130863 -1409.678735106433 1265.0661718979245 1.4475046820956 1.734766722501 4.2420172299253 -14.26924057124853 2.0981484049084793 5.194092244553654 1.6145380216298895
Pedestrian 0 0 0 909.9950961594398 438.00448088975065 933.4344187993632 478.9578278040892 1.1967701536141 0.60371546448238 0.60012157402427 8.909805661775332 0.48432720256099004 33.400444897658495 -1.3935380917089966
