Car 0 0 0 224.1998903156017 448.8373382611514 440.81142805196873 587.3993001545069 1.4965064702302 1.7714975223644 4.3779758775912 -3.9590185586892774 1.4156238901043843 15.898135501603253 -1.5006682060175245
Car 0 1 0 457.3913200299203 434.3484811920061 540.7599795237412 500.9699766850584 1.4898505088588 1.7307445216081 4.3648641021831 -3.2851313544719516 0.8289497123409325 29.75126050375633 -1.5394880969393137
Car 0 2 0 483.775860752611 433.0185347704053 547.7806811101378 481.3337533112966 1.4424532822643 1.7092517629887 4.3590594386754 -3.7644939450217527 0.5023920793029734 38.943088000665156 -1.5151623225795365
Pedestrian 0 0 0 943.7678390219992 431.7395410988992 966.9041474496088 491.36127218877823 1.6172998230617 0.54419145989241 0.53921123513824 9.133568396062168 0.7859153329722941 30.762082257232603 -1.3508801384644566
Pedestrian 0 1 0 926.74042794309 427.3121159706481 951.492526179602 486.1355676250847 1.6349480968858 0.59772217409523 0.53815193090418 8.885044148845454 0.6585304962694232 31.471010195658298 -1.3827287107421966
Pedestrian 0 0 0 862.955533313974 427.2514992683352 882.8353126454738 474.5788128755477 1.6110367452497 0.6226688379559 0.53266303660012 8.573426057065193 0.41342623156608627 38.47055992599765 -1.3935380917089966
Cyclist 0 2 0 -320.48472186781305 448.0477564517692 -251.52221558693407 502.1529803991858 1.6694485641301 0.73008969432338 1.7566181600265 -30.196650617201765 1.2455561449198094 36.89069220892862 1.6282612098997902
Car 1 2 0 -6720.64590781313 534.9183297255934 -2219.102144217358 1222.6552789538289 1.4475046820956 1.685201959001 4.2420172299253 -19.898250633831744 2.0575437609822456 5.323986577990891 1.6352810109684892
Car 0 2 0 -658.3337324034504 465.2482588709708 -232.1489207996441 607.6343917119824 1.4475046820956 1.685201959001 4.2420172299253 -14.491048383953153 1.6268136679743772 15.505935381678324 1.6352810109684892
Car 0 2 0 105.71453354008656 426.356707918694 248.1227961415335 474.9911275251506 1.4382557884361 1.6866594571742 4.5919428775136 -15.377462893121681 0.2715171967053099 38.42462526501286 2.0515543455010903
Pedestrian 0 0 0 876.6417388592965 439.0959016762479 896.4855708100829 474.9513150851647 1.1967701536141 0.60371546448238 0.60012157402427 8.96438841378967 0.4197382207234468 38.11696116908419 -1.3935380917089966
