Car 1 0 0 -590.5897423659327 469.8155207793839 230.96396868641705 896.7459566963684 1.5381887648741 1.7714975223644 4.3779758775912 -4.200109697551678 1.734292992371608 6.969033441639028 -1.5006682060175245
Car 0 0 0 325.4418508145467 437.909039608743 484.3216428360387 549.2460226612408 1.4898505088588 1.7716475841776 4.4941486582893 -3.5769419588471605 1.1691894825101756 18.923845707755035 -1.5329150506723246
Car 0 2 0 386.9635302655949 430.90522280003233 488.5052443669166 501.1858492653556 1.4826709708052 1.7092517629887 4.3590594386754 -4.605762559887563 0.7729980170992279 27.95425570965837 -1.5151623225795365
Pedestrian 0 0 0 1216.8249602668325 416.93181388935136 1273.7763114574163 528.8156595559062 1.6172998230617 0.55370498826336 0.54872476350918 9.17805388620715 0.9544359959214179 16.489947417916973 -1.3508801384644566
Pedestrian 0 1 0 1144.0864204820375 432.6161876010854 1213.132184992759 539.1370149278783 1.6137333724452 0.80412397195235 0.53815193090418 8.609347194764318 1.1634847162526858 17.3345582901494 -1.3827287107421966
Pedestrian 0 0 0 983.9952258581076 422.7310574671737 1020.720626736064 498.7500143189993 1.6110367452497 0.64162221142943 0.55161641007364 8.155135755437993 0.7672137295319483 24.058818621875243 -1.3935380917089966
Pedestrian 0 0 0 1022.215044717316 445.3480430748525 1055.2634367939806 499.45255865348855 1.1087723482013 0.53737865732504 0.54213972333688 8.754692495248321 0.7656481969840667 23.543531755405926 -1.3935380917089966
Cyclist 0 2 0 -2499.5721439924573 508.6653169112426 -1983.487381156456 693.813304566665 1.6694485641301 0.73008969432338 1.7566181600265 -30.45295648801906 2.2541271986097633 11.930785208387245 1.6282612098997902
Car 0 2 0 193.2067172110345 429.2230641318192 312.7673146092512 478.4735114273988 1.4599108587071 1.887054779636 4.4142854118973 -12.66815291190949 0.40217266165080057 37.734429379952104 -2.3718119305776266
Car 0 2 0 96.07264999840686 425.84443020143857 207.47925266868424 464.9292152930614 1.4818471992964 1.7484673222512 4.4322288147545 -19.586134242322586 0.018873947221982074 45.9762929966914 -2.639739607666897
Car 0 2 0 234.77778094675935 427.0508955636597 344.8345897587154 469.0513044739195 1.4818471992964 1.7484673222512 4.4322288147545 -13.19270940102547 0.15204921266888205 43.655011159747744 -2.4902982507903664
