Car 0 0 0 271.9057990684926 445.2719939427368 458.7731761124052 565.7387427981071 1.4756653229082 1.7714975223644 4.3779758775912 -3.9290303011334684 1.3106775136166777 17.646200384453802 -1.5006682060175245
Car 0 1 0 472.8761728759532 435.0081633151795 549.2334765306997 497.1573473714973 1.4898505088588 1.7307445216081 4.3648641021831 -3.1802808255924635 0.7984050933438538 31.78057264636522 -1.5394880969393137
Car 0 2 0 497.6529545232295 432.0486639652371 556.1963200237129 476.8529801124199 1.4424532822643 1.7092517629887 4.3590594386754 -3.6264353600764863 0.39109577054650746 41.73412031305314 -1.5151623225795365
Pedestrian 0 0 0 850.5712116745586 425.87910993796856 868.6297646962472 470.0023303467858 1.6110367452497 0.61319215121914 0.53266303660012 8.695736864052968 0.275830523530555 41.22781300306159 -1.3935380917089966
Pedestrian 0 1 0 907.6895702018804 427.66189347168967 928.1446106970992 481.8992312696906 1.6349480968858 0.54001812361691 0.53815193090418 8.980026810199881 0.5867985684163527 34.10418150228291 -1.3827287107421966
Pedestrian 0 0 0 921.3961000000784 428.5419672937642 940.7631004075524 483.25399828105776 1.6172998230617 0.5061373464086 0.51067065002538 9.199419876463178 0.615832675912341 33.43393597201464 -1.3508801384644566
Car 0 3 0 121.64253401936712 440.9183832056249 201.108793789593 465.2196842311832 1.4381928607646 1.7675351981226 4.3072409309598 -29.665591537725334 0.13228854110618887 71.15397431790991 -3.0949688617211963
Car 0 2 0 -1731.1614011822958 476.52204671399465 -866.8815620542645 676.2150927825234 1.4475046820956 1.685201959001 4.2420172299253 -19.71389260034817 1.757099707333723 11.899780495623059 1.64649681775939
Car 0 2 0 -271.06620484498967 454.7957076452466 -20.986896829070474 552.0705907704887 1.4475046820956 1.685201959001 4.2420172299253 -14.508786136068672 1.4240843272268384 21.286878765617498 1.6352810109684892
Car 0 2 0 165.97089045466078 425.63229242566143 295.2125510098264 469.3121675028672 1.4382557884361 1.6866594571742 4.5870528628071 -14.96608459826092 0.11418280899872019 42.42982811145174 2.1459853715829897
Pedestrian 0 0 0 861.5378449811626 436.1607690938712 879.7502265461815 469.5408702085826 1.1967701536141 0.60371546448238 0.60012157402427 9.027800649276848 0.2541886241887452 40.87252949435911 -1.3935380917089966
