Car 1 0 0 -322.38190677403543 460.5313135889464 284.4330537720933 790.0712823437945 1.5381887648741 1.7714975223644 4.3779758775912 -4.155087608144982 1.6570086769571637 8.253563023192791 -1.5006682060175245
Car 0 1 0 344.39372481095705 438.2598220516078 496.963419027593 542.0346189944768 1.4898505088588 1.7716475841776 4.4941486582893 -3.536117843161197 1.149730997698355 20.1150154554435 -1.5034651813339885
Car 0 2 0 406.251692060992 431.4691744609273 500.71656081684415 498.3260028890416 1.4826709708052 1.7092517629887 4.3590594386754 -4.426717343053893 0.7508527371382588 29.310987074616087 -1.5151623225795365
Pedestrian 0 0 0 1153.9496136550738 426.9833900825357 1202.6164212874064 527.9963646878213 1.6172998230617 0.55370498826336 0.54872476350918 9.075773318842437 1.0484354997080132 18.274074123952758 -1.3508801384644566
Pedestrian 0 1 0 1098.0874854111898 429.2548206666231 1157.043646637842 525.790524218631 1.6137333724452 0.77564632420331 0.53815193090418 8.604550212726682 1.059159921423642 19.076457045955088 -1.3827287107421966
Pedestrian 0 0 0 964.9600361080392 427.7775984541289 998.5347965825576 498.64536552098 1.6110367452497 0.64162221142943 0.54213972333688 8.271504226227812 0.8230109280696971 25.807334577662928 -1.3935380917089966
Pedestrian 0 0 0 993.977210282769 452.126351552834 1023.9030109491058 502.5139983662728 1.1087723482013 0.53737865732504 0.54213972333688 8.738646211499384 0.8944765268879902 25.32139110171022 -1.3935380917089966
Cyclist 0 2 0 -1813.626948285476 486.7112387170786 -1476.381799035434 629.27574007425 1.6694485641301 0.73008969432338 1.7566181600265 -30.384728128398166 2.070764010087711 14.983103130467502 1.6282612098997902
Car 0 2 0 229.07665769163123 428.0523948061893 346.1482885498901 475.5124279453331 1.4599108587071 1.887054779636 4.4142854118973 -11.867873193472365 0.3223077301566803 38.97064936105785 -2.3718119305776266
Car 0 2 0 131.90296661600848 424.46999351156506 228.9383356036313 462.5059967180935 1.4818471992964 1.7484673222512 4.4322288147545 -19.146007828033255 -0.09335768873033182 47.79633320597645 -2.4748839443056365
Car 0 2 0 266.87859967990295 425.57234260199954 372.6063080303824 465.442434501294 1.4818471992964 1.7484673222512 4.4322288147545 -12.588624491933954 0.022948556394449288 45.736779159389364 -2.4902982507903664
