Car 1 0 0 -1635.32125904065 486.4910928088439 101.39047265863792 1296.904095101793 1.5381887648741 1.7714975223644 4.3779758775912 -4.244806632207788 1.8223637491410565 4.807426387321456 -1.5006682060175245
Car 0 0 0 266.1687166852922 443.77428700677007 464.90423204330034 577.0874338228563 1.4898505088588 1.8135786204259 4.4941486582893 -3.606654550587053 1.3227583240069183 16.36417443918736 -1.5290451221039985
Car 0 2 0 341.83654082156085 430.30738463323473 464.2717626357105 508.7101152346001 1.4826709708052 1.7598787356226 4.3590594386754 -5.152735095455262 0.8285964170303799 25.395347100070772 -1.9643703051422565
Pedestrian 0 0 0 1356.8501674445006 426.5318872804093 1437.2671217565098 568.6156332893075 1.6172998230617 0.55370498826336 0.54872476350918 9.052909433041629 1.2071193457216312 13.082882405742321 -1.3508801384644566
Pedestrian 0 1 0 1276.1443175314405 429.8744466947423 1362.2157728621432 564.0495438655532 1.6137333724452 0.70919847945557 0.53815193090418 8.594209903940271 1.222416614146599 13.813036080540869 -1.3827287107421966
Pedestrian 0 0 0 1051.3852084071902 425.4672073546533 1098.0028440340116 515.6119083745249 1.6110367452497 0.64162221142943 0.59899984375746 8.232725810772084 0.948372819719123 20.391781810737296 -1.3935380917089966
Pedestrian 0 0 0 1094.021204193046 454.38924410987664 1135.7363134514314 518.7917092844194 1.1087723482013 0.53737865732504 0.54213972333688 8.757301031016246 0.9841057403315889 19.896871780637277 -1.3935380917089966
Cyclist 0 2 0 -6096.589305783634 606.4607459205905 -4183.133801361102 1034.7054485396973 1.6694485641301 0.73008969432338 1.7566181600265 -30.280227578501666 2.6060525117385556 6.035788270147763 1.6282612098997902
Car 1 2 0 -2780.685502767604 471.85406715934425 -1077.66205948088 798.230031639851 1.4382557884361 1.6866594571742 4.8068756030706 -17.63745109002679 1.675855925746638 8.490233228533818 1.7175196358526899
Car 0 2 0 103.00223205316036 431.878885128443 227.3086376939061 485.1609643002664 1.4599108587071 1.887054779636 4.4142854118973 -14.624370253712613 0.5648111180432256 35.2564745003002 -2.3718119305776266
Car 0 2 0 19.18959167586013 428.3125401742228 138.46381655297006 470.69861324969503 1.4818471992964 1.7484673222512 4.4322288147545 -21.00953516406562 0.22336771283062634 42.73524894601108 -2.639739607666897
Car 0 2 0 183.456469555172 427.966913125907 302.12383221895624 474.007607992295 1.4818471992964 1.7484673222512 4.4322288147545 -13.808802189462817 0.299560256495484 40.07627920036936 -2.4902982507903664
