Car 1 0 0 -744.4049816501146 474.5333099990274 207.72251686339416 961.0285790332588 1.5381887648741 1.7714975223644 4.3779758775912 -4.18777719106512 1.7665921123696342 6.428426365449051 -1.5006682060175245
Car 0 0 0 311.85825757551754 439.3919337033191 479.3081666369924 556.1035650813226 1.4898505088588 1.7716475841776 4.4941486582893 -3.5788876707828745 1.2118901721723117 18.21135033697609 -1.5329150506723246
Car 0 2 0 382.616141100685 431.2294763966102 479.4332220786598 503.36881847013296 1.4826709708052 1.7092517629887 4.3590594386754 -4.674507261349649 0.798645586740003 27.36635494895669 -1.5634838910191506
Pedestrian 0 0 0 1241.484523588505 410.053789862006 1302.727428777646 527.790375269284 1.6172998230617 0.55370498826336 0.54872476350918 9.090922704641653 0.8904008309935685 15.66033457944693 -1.3508801384644566
Pedestrian 0 1 0 1169.177247727419 434.5848028221525 1244.572990156394 546.9533627497214 1.6137333724452 0.8231090704517 0.53815193090418 8.589348402586708 1.2161144716291241 16.45851808336115 -1.3827287107421966
Pedestrian 0 0 0 1000.4287118227531 421.9135411859485 1039.6097890163203 501.0255370324223 1.6110367452497 0.64162221142943 0.59899984375746 8.218644520316907 0.782286688102263 23.16568205450964 -1.3935380917089966
Pedestrian 0 0 0 1037.1547969971032 447.8510257453089 1072.341230078951 504.74845391228615 1.1087723482013 0.53737865732504 0.54213972333688 8.660050909813238 0.8334356502900058 22.423521102797846 -1.3935380917089966
Car 0 2 0 -1281.2525470208193 443.58101296233536 -543.8496799816138 614.7134299563025 1.4382557884361 1.6866594571742 4.8068756030706 -17.428856255823636 1.323598253132041 13.183306407728885 1.7480904500911896
Car 0 2 0 172.83699953506238 429.8212469263156 293.4990719314257 479.9693037958142 1.4599108587071 1.887054779636 4.4142854118973 -13.134489803532452 0.4406366173342331 37.148840363287874 -2.3718119305776266
Car 0 2 0 78.69939983448762 426.496671589794 192.30083276380964 466.4800605800088 1.4818471992964 1.7484673222512 4.4322288147545 -19.84636646527265 0.07689220265493121 45.0393790111681 -2.639739607666897
Car 0 2 0 221.77824108798256 427.6768880683504 333.6861590739612 470.595120748282 1.4818471992964 1.7484673222512 4.4322288147545 -13.406305446217624 0.20357608673480032 42.820804074162375 -2.4902982507903664
