Car 0 0 0 54.82829392341898 452.0837939693303 383.61616526949217 655.0403159599318 1.569450485857 1.7714975223644 4.3779758775912 -4.04344344349294 1.5759438173903666 12.0126528443512 -1.5006682060175245
Car 0 1 0 407.9994935218735 435.1490523722296 529.1871675069584 516.019635653592 1.4898505088588 1.7716475841776 4.3648641021831 -3.374892474018909 0.9695666132537091 24.845331934532197 -1.4617296458067965
Car 0 2 0 455.0290872295309 430.8596281726447 531.5180079876741 486.5828000892578 1.4424532822643 1.7092517629887 4.3590594386754 -3.940040336117433 0.5647234879669724 33.88888997368688 -1.5151623225795365
Pedestrian 0 0 0 1025.170436854016 428.1319033210473 1057.382449810519 501.6246977540718 1.5792457095779 0.55370498826336 0.54872476350918 9.136396170300701 0.8412627378815737 24.429123286573958 -1.3508801384644566
Pedestrian 0 1 0 989.653409065359 426.02327004027546 1036.956525014448 498.7320713901113 1.6137333724452 0.90854201369879 0.53815193090418 8.792894259138826 0.8043035994861074 25.212333065278425 -1.3827287107421966
Pedestrian 0 0 0 900.9168221445312 426.70481930041313 926.4477753900838 483.5813806127858 1.6110367452497 0.64162221142943 0.56109309681041 8.326078937217208 0.5980920668210558 32.0903822414379 -1.3935380917089966
Car 0 2 0 345.5154380129656 425.34176325509287 442.4523555470844 467.424834918776 1.4599108587071 1.887054779636 4.4142854118973 -9.158498219461476 0.0671386804686529 43.83001288245281 -2.2214155590326765
Car 0 2 0 220.7139097527992 420.8826621408328 308.4668876192957 453.821306519162 1.4818471992964 1.7484673222512 4.4322288147545 -17.665308704755507 -0.49935500220421397 54.39380419752048 -2.4889474786440564
Cyclist 0 2 0 -757.3106407087056 461.5307607160213 -629.3090735178301 540.7752598115546 1.6694485641301 0.73008969432338 1.7566181600265 -30.447087305261626 1.7082983260069018 25.741497705500656 1.6282612098997902
Pedestrian 0 0 0 922.1955792683418 435.8108075590145 947.1979432424164 478.9425817285638 1.1967701536141 0.60371546448238 0.60012157402427 8.826807957270834 0.45809882884936703 31.70412913178791 -1.3935380917089966
