Car 1 0 0 -478.7319581151802 466.18372573755687 251.8639972258461 852.2908974259144 1.5381887648741 1.7714975223644 4.3779758775912 -4.1839017453653105 1.7064706388224116 7.43146409099833 -1.5006682060175245
Car 0 1 0 336.60352177231874 437.73814774351575 488.5184147944996 544.9521675550727 1.4898505088588 1.7716475841776 4.4941486582893 -3.575061620106889 1.1520383764740878 19.558421384487932 -1.5329150506723246
Car 0 2 0 398.7498563675508 431.5627828371823 493.2510157824428 500.25533685098 1.4826709708052 1.7092517629887 4.3590594386754 -4.511418415930969 0.7727908156119939 28.618806394147576 -1.5367470415252855
Pedestrian 0 0 0 1185.7829452580058 420.22064448722944 1238.6523218425896 526.8632254351859 1.6172998230617 0.55370498826336 0.54872476350918 9.116208107140848 0.973171602704378 17.2982841447731 -1.3508801384644566
Pedestrian 0 1 0 1120.9487420771218 430.9300416436871 1183.8789695905543 532.4143430325407 1.6137333724452 0.77564632420331 0.53815193090418 8.598948473253525 1.1135528959413659 18.16924439544509 -1.3827287107421966
Pedestrian 0 0 0 981.3649078478086 426.4955750313655 1016.8729961940516 500.2364162021502 1.6110367452497 0.64162221142943 0.55161641007364 8.33999071310306 0.8249932939764343 24.81516262693823 -1.3935380917089966
Pedestrian 0 0 0 1005.4471119990964 446.0850162149116 1036.8976343733152 498.3692015093789 1.1087723482013 0.53737865732504 0.54213972333688 8.673865096200013 0.7696393777792473 24.35918961242446 -1.3935380917089966
Cyclist 0 2 0 -2126.149016026064 496.8785214812255 -1711.4212005951804 658.7110617584436 1.6694485641301 0.73008969432338 1.7566181600265 -30.419994814283108 2.1655429555062065 13.405384745067858 1.6282612098997902
Car 0 2 0 207.1625649173148 428.690133871384 325.43574042350303 477.0928984667154 1.4599108587071 1.887054779636 4.4142854118973 -12.401971356763665 0.3657475640226226 38.31020525137414 -2.3718119305776266
Car 0 2 0 111.80377274722866 425.26095948706745 221.2534609333187 463.5483422509781 1.4818471992964 1.7484673222512 4.4322288147545 -19.33419836601635 -0.03494359941056162 46.84409544371593 -2.639739607666897
Car 0 2 0 248.74025168746263 426.3698566618327 356.7653988114294 467.37601652475695 1.4818471992964 1.7484673222512 4.4322288147545 -12.95832717412209 0.09370217617914559 44.60054069197587 -2.4902982507903664
