Car 1 0 0 -1298.8337257163794 487.3526505412985 134.82791388431178 1181.5664808856816 1.5381887648741 1.7714975223644 4.3779758775912 -4.2291975133193125 1.8376936825509205 5.246659150419632 -1.5006682060175245
Car 0 0 0 279.10058727373 442.3149721424696 468.74381783055344 569.9298465466113 1.4898505088588 1.8135786204259 4.4941486582893 -3.624153701231276 1.2880952308306035 16.94486448926756 -1.5290451221039985
Car 0 2 0 364.8598902675992 429.369086799148 459.3087644389418 505.53714059215247 1.4826709708052 1.7598787356226 4.3590594386754 -5.06608977372401 0.7875985381677888 26.069171962848053 -1.8155403485959967
Pedestrian 0 0 0 1315.7162049407923 406.6143494407348 1389.0481588835917 539.5666841711717 1.6172998230617 0.55370498826336 0.54872476350918 9.06037131689036 0.9297724808850121 13.893290874737486 -1.3508801384644566
Pedestrian 0 1 0 1239.1062247650289 430.7715172728102 1318.1561212727 557.0633981947275 1.6137333724452 0.70919847945557 0.53815193090418 8.59018581654811 1.2098383938019008 14.658395736137368 -1.3827287107421966
Pedestrian 0 0 0 1030.1239392452374 424.0688757258456 1073.694969962044 509.8371304048096 1.6110367452497 0.64162221142943 0.59899984375746 8.205884016360615 0.8877561956781927 21.406800927392386 -1.3935380917089966
Pedestrian 0 0 0 1067.526375757806 451.7540725003127 1106.412226715538 513.0826404522358 1.1087723482013 0.53737865732504 0.54213972333688 8.65706714134693 0.9274078705825499 20.855361905029472 -1.3935380917089966
Cyclist 0 2 0 -4609.103531736892 569.7306049020564 -3352.222709069192 895.5281815599269 1.6694485641301 0.73008969432338 1.7566181600265 -30.248187909625713 2.519946149560977 7.469140267340752 1.6282612098997902
Car 0 2 0 -2016.0089044239903 462.1389947577095 -833.3653103882879 709.7095790732062 1.4382557884361 1.6866594571742 4.8068756030706 -17.53352584907759 1.5816063159260332 10.21671350169718 1.7175196358526899
Car 0 2 0 132.31207630477826 431.0528624618217 255.27586531454543 483.0850131441915 1.4599108587071 1.887054779636 4.4142854118973 -13.998186432230833 0.5167190467433103 35.98342854814005 -2.3718119305776266
Car 0 2 0 40.81989452843288 427.65327041165136 158.03736484126972 469.1629644432522 1.4818471992964 1.7484673222512 4.4322288147545 -20.6007403677503 0.17188900092107467 43.545033787750626 -2.639739607666897
Car 0 2 0 197.5579005393514 427.2754448956434 314.0358535641765 472.21965152938776 1.4818471992964 1.7484673222512 4.4322288147545 -13.628548144673932 0.24617585332374814 40.94552515852314 -2.4902982507903664
