Car 1 0 0 -175.44204533292066 455.381330441722 318.10004728314385 731.8613140643356 1.5381887648741 1.7714975223644 4.3779758775912 -4.138060973495814 1.602666111573536 9.332801458712584 -1.5006682060175245
Car 0 1 0 364.1005326737365 437.6652920884351 511.6682256826039 533.5317565606877 1.4898505088588 1.7716475841776 4.4941486582893 -3.4737761018887907 1.1055236121454373 21.542409110320627 -1.4617296458067965
Car 0 2 0 417.9692709283615 432.1913546118563 507.2851174966419 495.0797732586648 1.4525077043995 1.7092517629887 4.3590594386754 -4.371132945672996 0.7080163075650958 30.540543322692365 -1.5151623225795365
Pedestrian 0 0 0 1109.131477321011 415.3785628656953 1151.8839670198354 507.40343997775466 1.6172998230617 0.55370498826336 0.54872476350918 9.065242231055908 0.7847654532223013 19.971951133233425 -1.3508801384644566
Pedestrian 0 1 0 1065.9820155536895 425.88215738366455 1113.7826933326864 514.0145614286329 1.6137333724452 0.69021338095621 0.53815193090418 8.699362716810576 0.9432294277620896 20.8412864001891 -1.3827287107421966
Pedestrian 0 0 0 944.0339017387844 427.16868343154266 974.9331898686598 493.3603826898336 1.6110367452497 0.64162221142943 0.56109309681041 8.301917186440336 0.7519910194313777 27.622935291957308 -1.3935380917089966
Cyclist 0 2 0 -1383.6974550012624 474.9466236041745 -1142.3459912536205 591.2131859118738 1.6694485641301 0.73008969432338 1.7566181600265 -30.434646987606488 1.9389652442661096 18.01009688657399 1.6282612098997902
Car 0 2 0 264.45256222868846 426.86131042379344 378.8431232968503 472.5086147307169 1.4599108587071 1.887054779636 4.4142854118973 -11.042847129884368 0.23545389538578426 40.32052913038464 -2.3718119305776266
Car 0 2 0 159.49526212588535 423.3621083338396 253.48175560106267 459.822703051091 1.4818471992964 1.7484673222512 4.4322288147545 -18.72513344927208 -0.2077721393412107 49.65513689688072 -2.4748839443056365
Pedestrian 0 0 0 970.6664587610212 442.7940264040973 1001.4576298226998 493.6692957760273 1.1967701536141 0.60371546448238 0.60012157402427 8.76256248023327 0.7402877861637911 27.001796949953388 -1.3935380917089966
