Car 1 0 0 -78.28277264568453 454.61982576688246 344.03302713725526 703.076284242805 1.569450485857 1.7714975223644 4.3779758775912 -4.105117254265156 1.6198329556140951 10.26202499182858 -1.5006682060175245
Car 0 1 0 384.40801331519305 436.1780384752757 520.0204101620933 525.1098545305449 1.4898505088588 1.7716475841776 4.4941486582893 -3.430568002535374 1.0406010267040167 22.969353234855465 -1.4617296458067965
Car 0 2 0 433.3807267295504 431.6270505258536 517.0192401334198 491.0921982606883 1.4424532822643 1.7092517629887 4.3590594386754 -4.221484777606084 0.6428333756729923 31.94667924121623 -1.5151623225795365
Pedestrian 0 0 0 1069.3172942444064 418.976423910217 1106.9596148177322 503.058371031489 1.6172998230617 0.55370498826336 0.54872476350918 9.087726887188548 0.7770872640335298 21.847294152170043 -1.3508801384644566
Pedestrian 0 1 0 1032.933352491409 423.6144188966777 1075.9758038952637 504.9768005409071 1.6137333724452 0.69021338095621 0.53815193090418 8.692218999089347 0.8416957786311707 22.536881201897774 -1.3827287107421966
Pedestrian 0 0 0 921.5631572361578 425.2800026973848 949.982462505734 487.37447065547536 1.6110367452497 0.64162221142943 0.56109309681041 8.213462531870302 0.6455441064889178 29.410377276830058 -1.3935380917089966
Car 0 2 0 297.08910097428463 425.81532091936725 409.1704696724449 469.90897942740327 1.4599108587071 1.887054779636 4.4142854118973 -10.204690770590952 0.15491742900365896 41.563374975231554 -2.3718119305776266
Cyclist 0 2 0 -1068.8104613399555 469.90179000099306 -887.9876519293742 567.84994443847 1.6694485641301 0.73008969432338 1.7566181600265 -30.364138395138465 1.8756566357105822 21.1317014229565 1.6282612098997902
Car 0 2 0 -301.1072180048211 435.75103140263343 -30.383368261082865 519.5037100359382 1.4382557884361 1.6866594571742 4.8068756030706 -16.75178149114 0.9591402385447818 23.9461100957823 1.8210711403424895
Car 0 2 0 185.87919462906973 422.2774947733428 276.8166321163084 457.2052975008371 1.4818471992964 1.7484673222512 4.4322288147545 -18.311979912462128 -0.328715008670897 51.6238426958159 -2.4748839443056365
Pedestrian 0 0 0 944.7532474512844 439.7939758503053 972.8463042317188 487.2935692072223 1.1967701536141 0.60371546448238 0.60012157402427 8.660338248768626 0.6294794793020806 28.863702417953153 -1.3935380917089966
