Car 0 0 0 243.2039448441053 447.0594566546536 448.1871932862002 579.1511457043661 1.4965064702302 1.7714975223644 4.3779758775912 -3.9374079557740567 1.3785274187054473 16.514709700749123 -1.5006682060175245
Car 0 1 0 458.5560511316927 433.62923154154345 540.190362478907 498.688191416409 1.4898505088588 1.7307445216081 4.3648641021831 -3.348584933079296 0.7925700971712079 30.366161890669016 -1.5394880969393137
Car 0 2 0 484.428286119783 432.4091106136484 547.3036922987544 479.762695820038 1.4424532822643 1.7092517629887 4.3590594386754 -3.830733838996515 0.4613770418686739 39.63569782944588 -1.5151623225795365
Pedestrian 0 0 0 935.7965984946536 430.64004580953696 956.5285733221148 488.3294610294505 1.6172998230617 0.5061373464086 0.51067065002538 9.162603231021695 0.7272107577002533 31.738425886398115 -1.3508801384644566
Pedestrian 0 1 0 923.7000934035412 426.36873690803066 945.5962938247144 483.4579618024215 1.6349480968858 0.54001812361691 0.53815193090418 9.019675984771574 0.6015370292811999 32.40601631093621 -1.3827287107421966
Pedestrian 0 0 0 854.7182489279705 426.4184319022831 872.5340115306927 472.4441835716668 1.6110367452497 0.57528540427208 0.53266303660012 8.4823874823526 0.35009623887172403 39.53863632389183 -1.3935380917089966
Car 0 3 0 83.10867158970905 442.4376074225036 165.9383999981098 467.51874359952046 1.4381928607646 1.7675351981226 4.3072409309598 -31.083152837415973 0.2676096333757673 69.06680678950535 -3.0949688617211963
Car 1 2 0 -3746.035106631154 503.6178238132511 -1575.992825203874 892.2857726834851 1.4475046820956 1.685201959001 4.2420172299253 -19.79641951135119 1.9300872139628291 7.439083147178605 1.6352810109684892
Car 0 2 0 -541.992560698283 462.90291381162746 -170.53329359314546 592.4490179738979 1.4475046820956 1.685201959001 4.2420172299253 -14.414265091200248 1.5907652628926576 16.761385368162557 1.6352810109684892
Car 0 2 0 127.86070978318946 425.3682580484655 264.5779047054773 472.1800452642301 1.4382557884361 1.6866594571742 4.5919428775136 -15.219884145042027 0.19225034330685792 39.728627063743694 2.06362663200769
Pedestrian 0 0 0 869.9245196112431 437.9517607386703 889.1084618944101 472.8362461593312 1.1967701536141 0.60371546448238 0.60012157402427 8.959719328879846 0.35780259958602123 39.151313266959015 -1.3935380917089966
