Truck 1 2 0 -1938.9061503770768 -18.292807971657226 121.83618413405397 925.5906329073993 4.1140008032077 3.0333005464061 10.292261789073 -10.024077281752145 1.7458924306843802 10.247664130360551 2.0463319744236896
Car 0 0 0 364.4336652542677 426.5462360881975 497.3296831968876 490.8099414116427 2.0057145513279 1.8784557942317 4.8276017764378 -6.821286408971571 0.8185249074882447 38.814084127494006 -2.4036479401317665
Car 0 0 0 798.3195394692813 427.1479565306318 1037.2240891035278 515.6392994747613 1.637598730691 1.7164279881437 4.5463756225109 6.084080248682259 0.9595981425616547 23.258749992942583 2.9379633317102893
Car 0 0 0 328.1686881351474 425.50706873543055 580.9420448087892 521.2228127035261 1.7879732589116 1.7828937446844 5.0858038028121 -3.634892899055193 1.0660839885034838 23.721710960971052 2.8727054836717896
Cyclist 0 0 0 805.8291896287845 447.8119523582907 963.3059387320218 590.5132530967585 1.5352941176471 0.67284495076225 1.6257681094679 2.9816008946517574 1.3966902970797166 12.854221097163759 -0.15640242633179668
Car 0 1 0 937.252544430843 423.6497354080032 1110.0250222676832 489.9571898434167 1.7423644191011 1.6828665107293 4.301181531232 11.292595645931414 0.6894227427163466 31.648397662745065 3.0689129725512894
Car 0 0 0 49.16574916945285 445.1039974615647 131.56276091772912 495.63223703816 1.5176470588235 1.7003029178346 4.4438771198974 -19.336439111385875 1.006422402513454 40.38767024496249 1.3827569940850033
Car 1 2 0 1164.330529061792 416.6975139655003 1399.45558109848 498.6401045273952 1.7160734797554 1.8732938928609 4.7059269644495 15.252207258485816 0.7015794021340667 25.90192034807595 2.9341626802082894
Car 0 3 0 262.61579044085505 435.4578450920549 305.45183091475246 468.6881237084002 1.5073082676216 2.0440693727131 4.3059685471032 -17.9430199240206 0.1911806411495583 58.51829016347046 -1.8287485815602764
Pedestrian 0 0 0 73.71380854900815 447.33966547556224 101.84544521170312 499.3192296864698 1.425 0.59988289387139 0.49720463004236 -15.187953725961934 1.0229976869494424 31.444442083925058 3.0697176861178894
