Truck 1 2 0 -50034.26612701522 -9386.48509615692 -308.9982906098745 5667.079679289245 4.4167143852392 2.7603945928238 9.9895482070415 -10.989422763208532 2.027814479300772 5.658816899105238 1.807424483098389
Car 0 2 0 230.97782294505765 435.4001914283327 328.96552114160625 492.1013991049299 1.8222566279267 1.6906102148085 4.2028533112518 -12.607589604608645 0.9182505273155741 40.501127661684016 -2.2911817457377066
Car 0 0 0 549.9194290464643 430.0887823260172 837.9507743380071 532.5884100763676 1.6744890754188 1.7565175691817 5.1668462258751 1.3067880140353025 1.1304786819076347 21.165701353529258 2.8750711371060893
Cyclist 0 0 0 1105.5666778633056 431.4602879948516 1258.6102535163473 577.1717630818032 1.707865012686 0.84208585913759 1.9257697978713 7.191375769868922 1.3437560899838394 14.364940290957207 -0.5177310705894966
Cyclist 0 2 0 680.499392780957 429.2606889723168 738.5093185104045 480.2732691646098 1.4470588235294 0.53382555461791 1.6224696757526 2.467483612464494 0.5017515689277593 32.52539489363753 3.0872221809507896
Car 0 1 0 775.1067726677517 428.1614105719997 943.3621249888724 500.0460497030225 1.8378112960721 1.7708308486736 4.2266266841733 6.436465836092316 0.941469015870545 30.83903999993546 3.0978173790844896
Car 0 1 0 1040.3949052938617 425.5719124315007 1262.544631127862 511.3040538129666 1.6710843456898 1.6803520184942 4.6644911736403 11.712608000980246 0.915076337664253 24.749779963577236 2.8090321035358894
Car 0 0 0 185.2055557018075 436.5553430690356 220.27382600232045 468.9894394902719 1.6058823529412 1.6649391685135 4.1887529231651 -23.882970838476034 0.24265643893334254 62.934412923947406 -1.8633015823353967
Cyclist 0 0 0 341.81150747934305 435.48533571657777 355.6474057212944 466.8100074889164 1.7766435986159 0.73372448713187 1.9052988053931 -16.56748753407127 0.21839570885298898 66.60223946432164 -1.7966195450495765
Car 1 1 0 -150.9342915153319 439.76004799923766 186.3054098547324 554.5024299839138 1.7462966969558 1.7828937446844 5.0213369361245 -10.675885785177092 1.4220736029970762 20.039253983887907 2.8662941704960896
Cyclist 0 1 0 1050.3379256089831 428.3888271699268 1111.3541746080057 492.30054370173264 1.8882352941176 0.68976391977804 1.5737567914117 13.916529118462407 0.8772260172206938 33.97085945643627 2.9842223732190893
