Car 0 1 0 269.3031677513285 431.9626696263227 377.6828001065926 492.2820695741519 1.9373278898897 1.8784557942317 4.2028533112518 -10.925590574675748 0.9121088896810543 40.16024390611608 -2.326339771071437
Car 0 0 0 628.0244366865966 426.8900504207839 934.9469289012252 525.7396927841371 1.6653906245963 1.8626849612511 5.6729037752174 3.0500270067138047 1.0389306044182445 21.817284134448133 2.9045532781403898
Cyclist 0 0 0 1030.8052707047173 438.0580187616564 1194.3199243326285 576.9143403279057 1.5719283210716 0.73641000562017 2.0996095698584 6.136277652513161 1.3057287075789594 13.990785267052464 -0.47588020317959656
Cyclist 0 2 0 739.0630761777231 428.1250554654712 808.9618917713217 489.612205250892 1.7909126202704 0.53382555461791 2.0058138143226 4.439970521858471 0.7916740050696388 33.19735830559809 -3.1299921010008966
Car 0 1 0 831.0885713595358 430.1002722366361 999.1121637459448 500.2065304096995 1.8035789231428 1.7708308486736 4.1813413982714 8.05322133385551 0.955028010701507 31.09881865815322 3.0978173790844896
Car 0 1 0 1072.542988718384 424.0356786915812 1300.0270494156457 509.618145874851 1.7090109399601 2.0465017225748 4.3767465882534 12.684785948111266 0.9000915105598133 25.219076033444946 2.8744720044223895
Pedestrian 0 2 0 -14.043647215185842 450.94411266282697 14.291431274790398 507.066073834261 1.4714532871972 0.42084428962577 0.56141527551512 -16.860900452582502 1.1850426722448428 30.013984085509787 2.8038767294934894
Car 0 0 0 36.09932670553178 437.06272508806825 300.1879025547679 541.2778791819891 1.7043462559044 1.7828937446844 4.4229392701615 -8.522029455848616 1.2969593010312108 21.165485585041427 2.8662941704960896
Car 0 3 0 208.20679451632583 437.210509884983 245.9927544087184 468.6268152368975 1.5073082676216 1.706614025326 4.3059685471032 -22.08007426784733 0.21157388686181183 61.76006889902976 -1.8252830962653066
Car 0 0 0 -25.02978885575305 447.38727881239487 71.99139746972708 500.572344212399 1.5176470588235 1.7894874927564 4.4438771198974 -20.85061872496238 1.1168527297783648 38.72765286546022 1.3827569940850033
Cyclist 0 0 0 359.9727316267146 435.4289112848149 374.2635136716817 466.8156377429737 1.7766435986159 0.73372448713187 1.9052988053931 -15.434644527318016 0.21815953603290217 66.46911152912938 -1.7966195450495765
