Car 0 0 0 248.6195722802837 433.9974534163939 355.5850811913417 492.4908569682244 1.8734470904028 1.8118332618346 4.3511893104724 -11.75511461981489 0.9217123470763535 40.34019888846551 -2.320596829819997
Car 0 0 0 593.9986742078701 429.1895406093561 880.1559768377493 528.1011725323758 1.6360766496845 1.8805070446533 5.1668462258751 2.152547190616968 1.065103017439639 21.512253028993005 2.8750711371060893
Cyclist 0 0 0 1063.6454713749008 432.1814129613952 1228.8971893527882 575.3462698033732 1.636654781351 0.97153877969643 1.9257697978713 6.621668688384134 1.289995027767648 14.140460745614739 -0.5177310705894966
Cyclist 0 2 0 680.499392780957 429.2606889723168 738.5093185104045 480.2732691646098 1.4470588235294 0.53382555461791 1.6224696757526 2.467483612464494 0.5017515689277593 32.52539489363753 3.0872221809507896
Car 0 1 0 803.6912427383468 427.79831725855433 972.5700633439944 496.9918450718778 1.7753113837659 1.7708308486736 4.2266266841733 7.27211442273132 0.8640890658077683 30.984399004599787 3.0978173790844896
Car 0 1 0 1063.6053210491564 425.3702230481412 1277.7219271519227 510.636135602498 1.6908531929662 1.6803520184942 4.3767465882534 12.213132535558247 0.9207410143106187 24.925235796211 2.84160012704049
Car 0 0 0 200.0858040616107 439.0276212522299 232.0572316077636 471.9700222114606 1.6058823529412 1.5326900335654 4.1887529231651 -22.86831553777481 0.40111574954452167 62.22021770398301 -1.8633015823353967
Cyclist 0 0 0 354.2257992268726 435.25722256444993 368.2999061915653 466.4574716558775 1.7766435986159 0.73372448713187 1.9052988053931 -15.87525851493926 0.19854828749147757 66.84976184112335 -1.7966195450495765
Car 0 0 0 -48.12064553651999 438.0436813978552 264.30647374400843 546.3389326177772 1.7043462559044 1.7828937446844 5.0213369361245 -9.355756480173955 1.3334696375569164 20.656957945357103 2.8662941704960896
Car 0 1 0 -35.23726140808253 447.85783991017206 63.821882102196696 501.61947185390255 1.5176470588235 1.7894874927564 4.4438771198974 -20.97622294358846 1.1387018501502697 38.37815991003968 1.3827569940850033
