Car 0 2 0 321.1452140547042 431.9118859135168 436.5526266189589 485.22249769769576 1.6896597483338 1.8784557942317 4.2028533112518 -8.851192118518147 0.6688364662873789 39.82835780820334 -2.3875844232707966
Car 0 0 0 723.481154017281 425.7124514880056 971.5170858855116 518.5338438861871 1.6653906245963 1.7164279881437 4.6721481829722 4.508014587730401 0.9773617434294328 22.668538272532697 2.9045532781403898
Car 0 0 0 218.37678583788784 432.7052266531848 488.9663323339378 528.7626662584761 1.7043462559044 1.7828937446844 5.2034579648959 -5.561326911568675 1.1671760926768753 22.973503934350102 2.8662941704960896
Cyclist 0 0 0 905.7461726984932 441.2820884290044 1070.1574753607065 587.1150916061525 1.5719283210716 0.73641000562017 1.9307886959932 4.3496894016353975 1.358812462130424 13.320918251001562 -0.47588020317959656
Cyclist 0 2 0 767.5803884912857 427.898611956908 837.8852319240352 489.345471293696 1.7909126202704 0.53382555461791 2.0058138143226 5.299343974487534 0.7842558033329617 33.21719674227268 -3.1299921010008966
Car 0 1 0 896.5913510813748 423.2779069480894 1066.215371374063 494.5709450500788 1.8682233289902 1.7708308486736 4.1813413982714 10.007544263341236 0.8117664690465929 31.415938727849852 3.0978173790844896
Car 0 0 0 18.321408517611985 445.96560973045007 108.04098745807664 497.5251147186685 1.5176470588235 1.7894874927564 4.4438771198974 -19.991236540605314 1.0495787563107968 39.74656197276822 1.3827569940850033
Car 0 1 0 1127.168025570041 418.11716046309033 1350.195856259076 502.18379470293553 1.7370471612407 2.0141317480525 4.3767465882534 14.178977765713219 0.7634839922589046 25.77066441952321 2.8744720044223895
Car 0 0 0 237.797759450486 438.25289560671285 274.5570172037177 470.8394195820256 1.5073082676216 1.706614025326 4.3059685471032 -19.803512122260724 0.31433867485726347 59.76933321630997 -1.8252830962653066
Pedestrian 0 0 0 37.98640777034245 445.6426460408026 78.63690067557434 501.4907559133309 1.5013392857143 0.59988289387139 0.79356464279745 -15.726424908712284 1.0610539870465752 30.874385368761295 3.0697176861178894
