Cyclist 0 0 0 1010.2618343280684 429.5891893084216 1132.949721641027 545.2950407630128 1.6991145083922 0.53930853386639 1.6936961959742 6.84227688148364 1.2179025119458915 17.07754735645918 -0.14835577792639665
Car 0 0 0 621.5949681095713 431.56122825439655 831.8627733486542 521.1898615493383 1.6013738137907 1.7791935430529 3.8889877237422 1.9531667891134277 1.0423007266702708 22.070151146019587 -0.0529550625699966
Car 0 0 0 -98.12299889471058 446.99103137983633 105.15436976332512 518.4735318243952 1.4647058823529 1.733979338353 3.9948516305395 -14.80253989233103 1.1809443086379843 26.745597791519156 2.8230587496030894
Truck 0 1 0 19.231596265114035 399.0582655624644 251.3000324207468 499.90929065849264 3.1652714887032 2.698199614348 9.3653843598469 -17.227953520150265 0.9178534438056831 40.21381375604632 1.8011103571693896
Truck 0 1 0 562.0516269290025 307.55364334158986 1057.110487777397 514.5347026907804 4.2823217215948 2.7815584729418 10.707593496257 4.082254009783378 0.9224863680702577 25.34647538349218 3.0156960909888895
Car 0 1 0 312.3939346070375 435.9525640493709 373.0732092456501 475.6908257766179 1.4647058823529 1.7645789737357 3.9948516305395 -11.987753345911567 0.4285659363088816 47.41510888308584 1.5445163391828034
Car 1 2 0 -195.41127101384848 444.1134012061899 171.12725259383558 558.4941416891199 1.5705882352941 2.0019626890891 4.700808526699 -10.10109773131937 1.352481704444361 18.06196279863027 -0.1278064088992965
Pedestrian 0 1 0 1193.516119698043 420.53536338574696 1237.9579968289534 472.02106047920927 1.6999307958478 1.0079094814964 0.82122178749553 20.08802759368088 0.30020600204270964 37.82390077786359 -1.7857192522368466
Pedestrian 0 0 0 474.2359073018559 432.1073412161311 494.1721756951802 479.3868931268508 1.6058823529412 0.5483293106432 0.64027823445915 -4.893372566771345 0.5758897176256692 38.62069358477307 3.0072783907748897
Car 1 2 0 1213.5551913628217 406.298563125169 1415.8827307309018 481.8927646504421 2.1929846938776 1.9816967540387 4.8157717227258 20.88631168071891 0.5206300090995942 33.86329646003275 -3.0493532531937966
