Truck 1 2 0 -1577.9258395947882 34.558347002770574 169.7578726460227 859.777933020178 4.1140008032077 3.0333005464061 10.292261789073 -9.695029254006622 1.7017562060309572 10.94454225662894 2.0463319744236896
Car 0 0 0 381.6880301673308 426.5360199025379 515.8429973798911 491.0720689412653 2.0057145513279 1.8784557942317 4.8276017764378 -6.172964788383385 0.8231056842741588 38.65918031688673 -2.4036479401317665
Car 0 0 0 807.9735516517525 428.8445306900419 1071.080036900455 515.2778780258792 1.5888875633069 1.7164279881437 5.1226767577588 6.577355925054059 0.948853820966612 23.37840228187836 2.9379633317102893
Car 0 0 0 374.67565858795314 424.7456885429868 634.2013876112172 518.6445904372781 1.7879732589116 1.7828937446844 5.3434336389771 -2.6184863739831354 1.0366402410402837 24.090184345359944 2.90665329031489
Cyclist 0 0 0 758.6608745894072 447.9338387941802 955.9166601099564 592.6253352683592 1.5352941176471 0.67284495076225 2.112366917174 2.6538862100037974 1.4028584106097342 12.79091946221668 -0.15640242633179668
Car 0 1 0 968.511739437942 418.161163299505 1142.1571751177785 489.39980776044746 1.8946098537799 1.6828665107293 4.301181531232 12.231807291282118 0.6765579867882539 31.749486130980902 3.0689129725512894
Car 1 2 0 1176.1430996672734 416.5432309366454 1410.9119771468186 498.20567575518015 1.7160734797554 1.8732938928609 4.7059269644495 15.570337112282417 0.6945733651545305 25.980367760287983 2.9341626802082894
Car 0 3 0 268.64261990027273 436.3298815481855 312.52924051177297 470.51546588373 1.5073082676216 2.0440693727131 4.3059685471032 -17.17247910536527 0.27257721416574016 57.066441373656275 -1.8287485815602764
Car 0 1 0 60.85796051031775 442.8601102592432 134.93405702735947 494.76938435531696 1.5968014957685 1.6968106847545 4.0786198861659 -19.07602582323766 0.9919220589446647 40.388252473841895 1.3381541512370032
Pedestrian 0 0 0 87.811086297104 446.86340051363646 115.39898634778922 498.41795255784166 1.425 0.59988289387139 0.49720463004236 -14.915590878788326 1.0059644120203926 31.695794959463914 3.0697176861178894
