Car 0 2 0 321.1452140547042 431.9118859135168 436.5526266189589 485.22249769769576 1.6896597483338 1.8784557942317 4.2028533112518 -8.851192118518147 0.6688364662873789 39.82835780820334 -2.3875844232707966
Car 0 0 0 686.1319910513771 426.13928007950057 964.160522231978 521.3789212295071 1.6653906245963 1.7164279881437 5.2509522547467 3.9973856667655534 1.0021344820838598 22.316832892587676 2.9045532781403898
Car 0 0 0 154.7152199143514 434.8115036532365 399.5424720713271 533.9003179318522 1.7043462559044 1.7828937446844 4.4229392701615 -6.836774904394586 1.227855862278326 22.115003263122862 2.8662941704960896
Cyclist 0 0 0 944.374545296523 440.1880537123996 1115.5435563180931 584.6125220374 1.5719283210716 0.73641000562017 2.0996095698584 4.92303879601343 1.3435275930985768 13.506669626820447 -0.47588020317959656
Cyclist 0 2 0 739.0630761777231 428.1250554654712 808.9618917713217 489.612205250892 1.7909126202704 0.53382555461791 2.0058138143226 4.439970521858471 0.7916740050696388 33.19735830559809 -3.1299921010008966
Car 0 1 0 871.5709236523425 423.511262453707 1040.2488588792091 494.9556093423314 1.8682233289902 1.7708308486736 4.1813413982714 9.270663624812354 0.8205747441316587 31.358076940282213 3.0978173790844896
Car 0 1 0 1108.1871388148238 418.40314862749005 1332.112323828028 504.5587160553366 1.769417135763 2.0141317480525 4.3767465882534 13.664397887360206 0.8091146886114073 25.612570805491387 2.8744720044223895
Car 0 1 0 226.0448295833044 438.11649687829856 263.49031090286456 470.5027692401392 1.5073082676216 1.706614025326 4.3059685471032 -20.53168708698892 0.29946839679663234 60.105644336326854 -1.8252830962653066
Pedestrian 0 2 0 28.578746572569003 449.6887717491396 51.91790094047087 504.5557371596949 1.4714532871972 0.42084428962577 0.47470463537671 -16.09992607795803 1.1430139996758013 30.623422839186123 2.8038767294934894
Car 0 0 0 4.45742997418472 446.4929159760584 96.62889975399436 498.6708978983915 1.5176470588235 1.7894874927564 4.4438771198974 -20.235314980239973 1.0750941606204838 39.35020886480267 1.3827569940850033
