Car 0 2 0 341.45626373414126 432.01551301858336 458.40601336893866 485.76285555798944 1.6896597483338 1.8784557942317 4.2028533112518 -8.035793482996736 0.6808280258236661 39.52954254120046 -2.3875844232707966
Car 0 0 0 774.3470064717964 424.9792013502091 1020.0404084030348 516.403317113079 1.6653906245963 1.7164279881437 4.6721481829722 5.5928399703273 0.9514167917324239 22.970333705571807 2.9045532781403898
Car 0 0 0 267.37600338180704 432.0221311387489 531.2322850801573 526.7713583212616 1.7043462559044 1.7828937446844 5.2034579648959 -4.711970894087036 1.144744194044361 23.245152836026488 2.8662941704960896
Cyclist 0 0 0 853.8053279916564 443.0448329127282 1013.0087147667742 587.4686697775326 1.5719283210716 0.60167329238546 1.7696263007466 3.6322447370406525 1.3760091411594706 13.120691261051672 -0.31054683954869655
Cyclist 0 2 0 779.662141395279 427.8024549024724 850.1670811268489 489.2322066628493 1.7909126202704 0.53382555461791 2.0058138143226 5.664577691854824 0.7811030675948908 33.22562807785911 -3.1299921010008966
Car 0 1 0 917.7660520874692 419.350727772698 1087.5357247720876 493.817290605943 1.9739718193104 1.7708308486736 4.1813413982714 10.667430270676407 0.7962658076591107 31.594821340429057 3.0978173790844896
Car 0 0 0 34.01873662181049 445.45741136786336 121.16833339710324 496.4425365827561 1.5176470588235 1.7894874927564 4.4438771198974 -19.66367609277599 1.0247359097822792 40.121588179062556 1.3827569940850033
Car 0 2 0 1152.5707674491928 418.1616721856522 1363.415920123531 501.5381755300396 1.7370471612407 1.6512129661504 4.3767465882534 14.61351043647823 0.7636089701090772 25.71600146825469 2.8744720044223895
Car 0 0 0 253.8849803201258 438.5185913906966 292.6319688644867 471.4276757576845 1.5073082676216 1.6116422498863 4.3059685471032 -18.699352880674155 0.3410802901070061 59.189381071802096 -1.7669674990479765
Pedestrian 0 0 0 55.95733309240859 444.97729216838417 102.26653053224982 500.3133348905616 1.5013392857143 0.59988289387139 0.97050820147093 -15.308683055951219 1.038420527704219 31.201622361737897 3.0697176861178894
