Cyclist 0 0 0 976.424466065354 434.9798425619618 1098.53996419529 544.4517782129236 1.5993074111294 0.53930853386639 1.6936961959742 6.309944222212877 1.2032424796629186 17.05048445073673 -0.14835577792639665
Car 0 0 0 571.0934180949822 427.985317761224 778.5882219026364 517.543012156621 1.6013738137907 1.7791935430529 3.8889877237422 0.9243833991312718 0.9700903462613915 22.006407529691224 -0.0529550625699966
Car 0 0 0 -26.54808301735079 446.0201331700061 166.75910382346308 516.5181439913396 1.4647058823529 1.733979338353 3.9948516305395 -13.364370717724778 1.1518046562533395 27.057963649107503 2.8230587496030894
Truck 0 1 0 32.67891794014815 398.9872228582472 260.12153727880127 498.738879683185 3.1652714887032 2.698199614348 9.3653843598469 -17.00018241333516 0.893233235389687 40.59719799378919 1.8011103571693896
Truck 0 1 0 574.1695859986486 299.8395395162434 1063.517611992246 512.2629881561592 4.4544080456418 2.7815584729418 10.707593496257 4.348584582001127 0.8897641214439487 25.66910242404406 3.0156960909888895
Car 0 1 0 315.9593833710359 435.66389905378816 376.1051301053336 475.2100418264259 1.4647058823529 1.7645789737357 3.9948516305395 -11.895604130204749 0.41118218298369436 47.60632856177226 1.5445163391828034
Car 1 2 0 -234.7979580847488 444.20981319312233 134.75514933092836 556.7642035663633 1.5705882352941 2.0019626890891 4.700808526699 -10.813684241390305 1.348984547751217 18.20655538439291 -0.0945506814147965
Pedestrian 0 0 0 480.0723576913841 433.8380188565857 499.95288033427033 480.8889847336646 1.6058823529412 0.5483293106432 0.64027823445915 -4.7167142287671355 0.6311965506684455 38.827019998169135 3.0072783907748897
Pedestrian 0 1 0 1194.3081324196385 420.26120612144337 1238.3450485532303 471.2533007697765 1.6999307958478 1.0079094814964 0.82122178749553 20.29767051923466 0.27735625523612073 38.179927123064424 -1.7857192522368466
Car 1 2 0 1230.415412943053 406.1877761657448 1434.1598388549896 481.8445698304433 2.1929846938776 1.9816967540387 4.8157717227258 21.401433238908922 0.5186697308110563 33.83368821385271 -3.0493532531937966
