Car 0 1 0 276.77347193384577 432.2420794471505 390.9701993740246 492.8874556517385 1.9373278898897 1.8784557942317 4.2028533112518 -10.456465665058143 0.9291284428516915 39.819402685958245 -2.3875844232707966
Car 0 0 0 658.4939751085305 426.2847307691403 959.7730819741612 523.2113380521281 1.6653906245963 1.7991843375721 5.6729037752174 3.650160424902238 1.0147207650986199 22.14876425700228 2.9045532781403898
Car 0 0 0 94.12556563143892 435.9177623252749 348.3590738716995 537.4647065618998 1.7043462559044 1.7828937446844 4.4229392701615 -7.731818546946369 1.2622922241867893 21.648512086059444 2.8662941704960896
Cyclist 0 0 0 986.3233194558176 439.0574081637421 1153.3909917841106 580.4256643613644 1.5719283210716 0.73641000562017 2.0996095698584 5.511072320031914 1.3236025760738714 13.768094461490826 -0.47588020317959656
Cyclist 0 2 0 739.0630761777231 428.1250554654712 808.9618917713217 489.612205250892 1.7909126202704 0.53382555461791 2.0058138143226 4.439970521858471 0.7916740050696388 33.19735830559809 -3.1299921010008966
Car 0 1 0 848.5655572387445 423.782388909209 1016.7064918317044 495.51445724913424 1.8682233289902 1.7708308486736 4.1813413982714 8.583177156051166 0.8323950445853971 31.243963960410223 3.0978173790844896
Car 0 1 0 1088.9980705998146 423.6612185648343 1314.9149312121458 505.6032731088837 1.6488197128256 2.0465017225748 4.3767465882534 13.154401825597956 0.823323436865016 25.437115776208355 2.8744720044223895
Pedestrian 0 2 0 7.621360504753397 450.2949703949349 31.620048451146545 505.6829674078037 1.4714532871972 0.42084428962577 0.47470463537671 -16.515068011393353 1.1628114399644742 30.343208161439808 2.8038767294934894
Car 0 3 0 217.52786133786972 438.24928444725816 255.68667309753283 470.7125196347062 1.5073082676216 1.706614025326 4.3059685471032 -20.930816335605126 0.3094652334253765 59.98707717415653 -1.8252830962653066
Car 0 0 0 -8.671813696466074 446.8143003796709 85.49141471005169 499.3326202063988 1.5176470588235 1.7894874927564 4.4438771198974 -20.550937079857686 1.090045755954969 39.13883618113738 1.3827569940850033
