Cyclist 0 0 0 48.48503456173785 463.65427424567554 158.9017039011968 572.9939661557196 1.5227374660302 0.80674637575749 1.7024081248879 -8.085433398426163 1.5986292097578205 17.365821025309334 1.6556886672196898
Cyclist 0 0 0 241.3409094638078 453.3433890424835 322.9744931701901 547.2033803695172 1.4696052875573 0.83651863825056 1.7986770146033 -5.951242234909593 1.364602487166887 19.43747984991477 1.6039403321523897
Cyclist 0 0 0 703.0559249518492 432.5878905580341 719.7247221521251 460.3404220834653 1.5451081979003 0.82843617112474 1.7132258289391 5.055927320692948 -0.15468525996063145 65.18711336062258 -1.5433296565164756
Cyclist 0 0 0 718.8658067884777 431.99641792882505 733.8280986638376 459.2499142226079 1.5599157753409 0.6997324858437 1.7849482955636 6.102063264117879 -0.22430502080315812 67.03475119628504 -1.557720596430685
Pedestrian 0 1 0 835.143589869955 427.9158709064856 857.5970160736671 472.397701190396 1.5249127299167 0.69126494243391 0.6926073403094 7.754529648475427 0.33796518318956226 38.97145889775322 0.1203406929790034
Pedestrian 0 1 0 292.55030875868425 440.63048144274126 314.66018030225706 474.2837262282109 1.2744837238724 0.65535800067269 0.64004693787359 -12.541952795083755 0.4516159474586079 43.37247478217013 -1.5547169880664402
Pedestrian 0 2 0 327.3833460651646 435.9713045985985 347.2041832489455 467.9740458142083 1.391271597078 0.73039031701777 0.63630665096056 -12.85201035362072 0.238794440544994 49.643587036644945 -1.6206915185078516
Pedestrian 0 2 0 343.5268057591056 435.9032762578305 361.3046228891956 468.750966746594 1.4276564214437 0.63119600775453 0.60568568391098 -12.135465451340597 0.27464783278450283 49.475621839977705 -1.5774392637166537
Cyclist 0 0 0 419.9762054721821 436.3618276551356 447.81274047055393 480.3647245123809 1.6563435294643 0.79481169062645 1.7297401278937 -7.621627324763657 0.662388123748284 44.390800769691545 1.59988794168099
Pedestrian 0 0 0 280.01515395448774 440.3007449343116 300.8583102116739 472.653929300776 1.3314718748529 0.67518570942773 0.5789616130428 -14.127864358668319 0.42459795457378813 46.92907782686591 -1.5430625388432115
Car 0 0 0 594.7776829160659 425.6799188870556 622.8638323011721 451.5057115758533 1.6294513428238 1.8233836221706 4.1799318904676 -1.1103828638031086 -0.8493270610380549 77.55838651820395 -1.5205667281436035
