Cyclist 0 0 0 692.6437295864337 430.114036362058 709.7267682616673 458.94351367397 1.5451081979003 0.82843617112474 1.7132258289391 4.283132841217728 -0.22845496107956592 62.64472477065811 -1.5433296565164756
Cyclist 0 0 0 715.6800990839689 429.58894434864834 731.1201557035668 457.8008488969981 1.5599157753409 0.6997324858437 1.7849482955636 5.71255726856486 -0.3014170800292406 64.64263617326692 -1.557720596430685
Pedestrian 0 1 0 861.3744812673906 432.6013611742344 885.0628832038491 481.5690009919151 1.430588231159 0.69126494243391 0.55249573406015 7.448043005293802 0.5576313770290611 33.38392074382019 0.0424348794959033
Pedestrian 0 1 0 229.07663322857692 446.987631813274 256.0137460003494 484.61490351833567 1.2155469048633 0.65535800067269 0.64004693787359 -12.792938936925314 0.7265453244183635 37.185764215004056 -1.5547169880664402
Pedestrian 0 2 0 283.875735275312 440.1070199484944 304.7407158042494 477.9709681477229 1.4486446247598 0.62281589011432 0.60762013711964 -12.983508389661342 0.5992361414265284 43.64325073856641 -1.5821570750660976
Pedestrian 0 2 0 292.75656080212656 439.852388159571 314.70738884464816 477.47156086245496 1.4276564214437 0.66799191965614 0.58360813677002 -12.50597302091788 0.5753276464393395 43.27113021042556 -1.5774392637166537
Cyclist 0 0 0 336.3208304169492 439.6479282512312 376.258124367098 497.9592745144428 1.6563435294643 0.76919768307946 1.7297401278937 -8.150531733256447 1.0098559495641133 33.79882015765589 1.59988794168099
Pedestrian 0 2 0 272.6389723755134 438.9841742351312 291.68593937775745 477.0207117836025 1.4450138365678 0.51206350666118 0.657499541922 -13.37153679976912 0.5574926959129383 43.35489640589187 -1.5533632725328435
Pedestrian 0 0 0 216.5007962852569 443.1943625767901 244.063416944264 480.071297452823 1.3040183665321 0.74381948022953 0.64073200676442 -14.397506135845354 0.6300965089397998 40.54771378776174 -1.5430625388432115
Car 0 0 0 579.8793311816025 425.02987234588727 610.9849654870446 452.9267713497033 1.6294513428238 1.8233836221706 4.1799318904676 -1.8893040180608722 -0.705778280529363 71.85987187823108 -1.5205667281436035
