Cyclist 0 0 0 684.2091654300826 430.1745387132829 701.8957691321473 460.413806296641 1.5451081979003 0.82843617112474 1.7132258289391 3.648611563557863 -0.1423395773548478 59.76740624407829 -1.5433296565164756
Cyclist 0 0 0 715.1003707345567 428.7541296585902 732.2399948324338 458.21840088605177 1.5599157753409 0.75601909066942 1.7849482955636 5.484615876332183 -0.26817243373101113 61.90230053045683 -1.557720596430685
Pedestrian 0 1 0 903.2308843774048 431.96487421799264 935.3744535061884 486.8785995579493 1.2978509199755 0.68510691827417 0.59528202812528 7.170456384415658 0.575679529187947 27.114654274588315 0.0424348794959033
Pedestrian 0 0 0 133.34514094539963 445.3355353758928 167.3248838255255 494.6566245548639 1.303952133377 0.65535800067269 0.54427460698369 -12.919066212430948 0.8612513155909619 30.271370699964606 -1.5547169880664402
Pedestrian 0 1 0 212.86070552662687 441.39094910226027 238.9888378502405 484.59376085246623 1.3848991530925 0.62281589011432 0.60762013711964 -13.160661633629315 0.7161857562146978 36.66832851448919 -1.5821570750660976
Pedestrian 0 2 0 225.76326429952047 439.5232272009136 249.26811718495435 484.18719886282616 1.4276564214437 0.57294134860293 0.47958104334546 -12.65516367537925 0.7012606207877827 36.314062340441595 -1.5774392637166537
Cyclist 0 0 0 167.4957298649461 443.9390311888741 235.3090055874237 534.2332527981118 1.6355715654882 0.63811580726179 1.7297401278937 -8.322293698723303 1.3158091956680025 21.943479835278147 1.59988794168099
Pedestrian 0 2 0 199.34713113407167 440.2841581561553 221.99913322829892 482.9441181587448 1.3679833629541 0.51206350666118 0.53049757740717 -13.60607049495382 0.6633258970414028 36.510360986572785 -1.5533632725328435
Pedestrian 0 0 0 115.1031198311486 444.4635814786117 146.84367038725054 488.7927333213632 1.296093383934 0.65405416551447 0.5872839224717 -14.883634751124145 0.7790559606585783 33.50052268877339 -1.5430625388432115
Car 0 0 0 573.4776889568412 416.2999473589948 607.9547107043642 446.4762177395424 1.6294513428238 1.8233836221706 4.1799318904676 -1.9910282385963933 -1.0207350334576644 65.41783997055182 -1.5205667281436035
Car 0 0 0 520.0379665729644 424.516204604089 555.052303947453 453.8545969994688 1.7641308130892 1.8860133527681 4.0669640303576 -5.742535391998857 -0.6550957741401335 73.29490029751005 1.62702266703179
