Cyclist 0 0 0 683.7110866648406 428.9421255555853 701.5623045909455 460.2544012796224 1.5875562253151 0.82843617112474 1.7132258289391 3.591205508986184 -0.14985168019637138 59.18993652210725 -1.5433296565164756
Cyclist 0 0 0 714.9897215249111 429.1428968102972 732.2485161394831 458.8282751670149 1.5599157753409 0.75601909066942 1.7849482955636 5.443431378085049 -0.23340235858266334 61.47024631412168 -1.557720596430685
Pedestrian 0 1 0 913.2840769926316 429.6221048196082 944.9599316458882 490.7990185150159 1.4048166551383 0.68510691827417 0.55249573406015 7.18273247840476 0.6489303173739758 26.28637632297299 0.0424348794959033
Pedestrian 0 0 0 118.7254322508836 446.6815021565607 152.00968153809896 497.339303884809 1.303952133377 0.60466359929425 0.54427460698369 -12.978969439462784 0.9089099731188681 29.48313296331689 -1.5547169880664402
Pedestrian 0 2 0 204.02947629889968 442.21606243320247 230.7956339487781 486.211976892073 1.3848991530925 0.62281589011432 0.60762013711964 -13.204486184897949 0.755142939352202 36.023384392458 -1.5821570750660976
Pedestrian 0 2 0 215.7817128573621 440.4711423904804 242.6867487494021 486.10388678518086 1.4276564214437 0.66707254122559 0.4560482451898 -12.651031160923674 0.747318535527189 35.544795014150495 -1.5774392637166537
Cyclist 0 0 0 135.6481057646397 450.0790183948322 210.47456828432 544.0087460725111 1.5780388973554 0.63811580726179 1.7297401278937 -8.313859936253285 1.39892941330506 20.55507338544852 1.59988794168099
Pedestrian 0 2 0 186.24207193405616 440.9107703561168 209.70606503743124 485.7533944453348 1.4036832522162 0.51206350666118 0.53049757740717 -13.686111576279725 0.7363746458993533 35.63608474514077 -1.5533632725328435
Pedestrian 0 0 0 101.104318127213 445.9727032480281 136.85745078177283 491.7713067505328 1.296093383934 0.73422629195356 0.5872839224717 -14.773266507322894 0.8401738339307094 32.46703065872448 -1.5430625388432115
Car 0 0 0 571.8214802765365 416.77289998497736 607.1850836421663 447.708685118248 1.6294513428238 1.8233836221706 4.1799318904676 -2.013581401648555 -0.9311018060620571 63.92447211061398 -1.5205667281436035
Car 0 0 0 517.0652924084861 425.15289526941393 553.0100490666862 455.2041812253453 1.7641308130892 1.8860133527681 4.0669640303576 -5.776486736985639 -0.5585012306654455 71.68671803581458 1.62702266703179
