Cyclist 0 0 0 717.9406697934722 428.00372896207807 791.814626522192 506.1707826467437 1.6713383307224 0.84723286733251 1.7968569695021 2.96395891180026 0.9162077262840007 25.553028941146785 -1.9886284191892365
Car 0 0 0 241.84396744749205 443.9236736773885 428.5370484600112 571.3592439155994 1.460268461271 1.8233836221706 4.1799318904676 -4.124261839736998 1.2869653857352108 16.553486688419014 -1.5808689970850935
Cyclist 0 0 0 456.7641456927609 435.6379007643981 560.2426314563714 518.6978435269438 1.5511296066326 0.87063005911403 1.9626844549152 -2.3616447448826907 1.0475362715962715 22.754763198505447 2.4114485021887897
Car 0 1 0 376.0684644569288 430.7060797218349 492.1888504278933 482.6190743939126 1.4784765616439 1.8443513737886 4.5310133129682 -6.311355448724177 0.5002940282536513 37.323197703819474 1.9443221467314897
Car 0 1 0 484.2909072019592 421.4715093057145 602.4226618172166 467.8492146193906 1.6952744772465 1.9995134813979 5.3255415966451 -3.342098993712582 0.058759915661265316 46.66774903758516 2.22059153588469
Pedestrian 0 1 0 441.8275276692932 430.5001208496864 477.5726279452224 506.5134349711136 1.6768491015701 0.73145208043153 0.65071544745576 -3.741486669736907 0.9725471270706161 25.23818671891188 -3.0672753190199966
Pedestrian 0 0 0 457.8796018519341 450.6533143435017 483.7664470217689 505.23855106398463 1.1828394534193 0.46736146137711 0.47897305410475 -3.432865317585829 0.9394858013336427 24.780674716837762 -3.0688044874097966
Cyclist 0 0 0 -24.96707376178199 447.2295010978909 66.53179823840071 520.7562172108245 1.5699931455197 0.69607817723846 1.6278382849234 -13.363605581646441 1.2563493187993366 24.630240789301833 -2.9741118677775966
Cyclist 0 0 0 802.9555218028289 428.2249910867778 889.9299431801603 562.583502097685 1.6930645301589 0.69441248209216 1.6829625622726 3.014840818820532 1.253633122792092 15.318092205012336 -1.6423800649800435
Car 0 1 0 754.2746072785857 416.57665141028593 857.8695259194324 453.949384689888 1.7733217473226 1.8681774015511 4.8575550026474 9.19895625413949 -0.503470593307367 56.62539652136294 2.9770595315708896
Cyclist 0 2 0 283.89312414190925 431.0880999856336 298.0457188402608 455.0822861745441 1.532656412591 0.68073502428016 1.9024166953092 -22.537820421763197 -0.5264658198029293 74.96476727958155 1.4196886612287032
Car 0 2 0 388.0979218339683 422.86472895791866 491.2607278758574 457.8464892538903 1.7148062612891 2.0515827773642 5.289390981835 -9.797715140304794 -0.31889159805403033 59.06277405151793 3.0469999920134896
