Cyclist 0 0 0 234.804035307642 448.2739734943648 300.7869659473294 521.6530503989521 1.4919745660126 0.80674637575749 1.7024081248879 -7.893919411172299 1.2263895517561592 24.667794565931487 1.6556886672196898
Cyclist 0 0 0 353.36566560276736 441.73712420812745 412.4303669801548 508.972056297266 1.4696052875573 0.83651863825056 1.9714346145744 -5.769405028225813 1.0239873623295281 26.63015734678295 1.67388585047879
Pedestrian 0 1 0 1153.4069904617145 420.0176435171797 1225.7301552871522 561.4812206828033 1.654615653729 0.57536899025917 0.53859518022027 6.768009326244365 1.156429574100884 13.375615067002515 1.6751688855710896
Cyclist 0 0 0 707.864652047081 428.9712573683264 724.262480874884 455.9875312087342 1.5451081979003 0.82843617112474 1.7132258289391 5.455845654228226 -0.415296274348993 66.7228688121231 -1.5433296565164756
Cyclist 0 0 0 725.4825605314718 428.80173531992807 740.2128609315452 455.2556560516549 1.5599157753409 0.6997324858437 1.7849482955636 6.668174789188736 -0.47323341014076986 68.8280607917294 -1.557720596430685
Pedestrian 0 1 0 822.731316219861 428.2305946256531 839.3366020881318 470.4043975926469 1.595656103985 0.69126494243391 0.5598700291259 7.954057565328481 0.2984655902959819 42.94274282479782 0.1203406929790034
Pedestrian 0 1 0 327.62861464956654 436.7359692932231 347.19642964200347 468.56557197398894 1.3334205428816 0.65535800067269 0.64004693787359 -12.375896733211013 0.2559547848820008 47.82345841406083 -1.5547169880664402
Pedestrian 0 2 0 353.40945785228223 432.7988316079693 371.495380311528 462.1998605267779 1.391271597078 0.74473357393823 0.60044850865941 -12.731923731388672 -0.016110044566773035 53.883748833498636 -1.6206915185078516
Pedestrian 0 2 0 370.503353486147 432.5133327834949 387.3583249589522 462.572557160827 1.4276564214437 0.67535110203646 0.60568568391098 -11.956315849594244 0.0029125159009064927 53.98956599386537 -1.5774392637166537
Cyclist 0 0 0 462.8275010376289 432.4952580674763 486.55545484187553 470.3145069839841 1.6563435294643 0.79481169062645 2.25840788847 -7.038901647249019 0.30803030972817325 52.11923150004904 1.59988794168099
Pedestrian 0 0 0 315.53070895272 438.74631536018535 334.5531957431978 468.2029607457719 1.3314718748529 0.67518570942772 0.5789616130428 -13.881878118088414 0.26356905057289237 51.423374716796076 -1.4884672517111315
