Cyclist 0 0 0 278.2409291854017 448.6994536728389 335.4148633138873 511.28515833163664 1.4036839371636 0.80674637575749 1.7024081248879 -7.766203243916609 1.1171318952838478 27.225100797498968 1.6556886672196898
Cyclist 0 0 0 386.4138145772589 440.65277981428886 437.3794128183442 500.59661233130646 1.4696052875573 0.83651863825056 1.9714346145744 -5.672350157857331 0.9375209066785137 29.720416859605933 1.67388585047879
Pedestrian 0 1 0 1102.332288569072 407.9012978252743 1163.6628102040577 541.26611010778 1.7818937809389 0.57536899025917 0.53859518022027 6.919775880965826 1.0476668683803076 15.191446604566497 1.6751688855710896
Cyclist 0 0 0 707.9880443197242 428.1773126306455 724.2605020084309 454.9626574044861 1.5451081979003 0.82843617112474 1.7132258289391 5.502094134781155 -0.4794201397769614 67.24259188058345 -1.5433296565164756
Cyclist 0 0 0 725.0401925540339 428.9178131368869 739.6289604642785 455.1397775945458 1.5599157753409 0.6997324858437 1.7849482955636 6.695148109107544 -0.4841216538086008 69.43649922866622 -1.557720596430685
Pedestrian 0 1 0 815.964695746732 430.0512387341312 831.6315755690176 466.5057084023971 1.430588231159 0.60277340164489 0.5598700291259 7.954032749345658 0.15786449751567766 44.500931110995495 0.1203406929790034
Pedestrian 0 1 0 339.54439374113866 435.18742533925285 358.6809835910482 464.4378976755924 1.2670405418571 0.65535800067269 0.7358192687635 -12.324303390175697 0.08028931313274684 49.63931859898525 -1.5547169880664402
Pedestrian 0 1 0 361.7156166554551 431.6299583061099 376.5670195444716 460.165945051911 1.391271597078 0.60130100473363 0.71519456402308 -12.808277327305756 -0.11960820053553059 55.62050799265461 -1.6206915185078516
Pedestrian 0 2 0 378.5255665764879 431.3644152244076 394.7547944538668 460.4688335462232 1.4276564214437 0.67535110203646 0.60568568391098 -11.955530085425815 -0.1012941066321715 55.7288168058702 -1.5774392637166537
Cyclist 0 0 0 475.07460302546593 431.26990032433713 497.0273321645254 466.9635031075334 1.6563435294643 0.79481169062645 2.2521849935466 -6.877260142537608 0.16734987923432443 55.072350510516515 1.59988794168099
Pedestrian 0 1 0 324.21199621920573 437.45916816235126 340.1438089157525 465.8220755698508 1.3314718748529 0.59968856154574 0.44855744851936 -13.99539781770792 0.16384988837642778 53.101554454969445 -1.4884672517111315
