Cyclist 0 0 0 684.8027879424064 421.44423367797407 703.5142430898194 459.0260686929756 1.8422443898042 0.82843617112474 1.7132258289391 3.5155063232243884 -0.2074504085443049 56.662653448559425 -1.5433296565164756
Cyclist 0 0 0 724.14548975405 424.8328369543593 742.432693002535 458.32356984468015 1.6970512281181 0.75601909066942 1.7849482955636 5.729422304798069 -0.2523119915797619 58.91585126496052 -1.557720596430685
Pedestrian 0 1 0 986.6990802390138 429.7982051235691 1031.100585496493 508.6091752451941 1.4235646771118 0.76332475767591 0.55249573406015 7.175974329363214 0.8320059814936492 20.819260218962935 0.0424348794959033
Pedestrian 0 1 0 4.650424593219441 453.0698326196603 49.00521133565098 516.4143936309547 1.303952133377 0.60466359929425 0.54427460698369 -12.72929484712569 1.1267261411110725 23.681776513330707 -1.5547169880664402
Pedestrian 0 1 0 131.2015302987273 441.177770038986 166.0365558570649 493.7542737767407 1.3848991530925 0.62281589011432 0.70756306043106 -12.984098260295395 0.8305807265012645 30.320782029848743 1.5594355785237033
Pedestrian 0 1 0 140.72593514644765 439.7060151730687 172.0157483060774 493.2515677958775 1.390033942006 0.59597957488276 0.56336215911953 -12.519055401299005 0.8049666410264956 29.71686088357818 3.1157258703557895
Pedestrian 0 1 0 108.49717316333351 440.0600245269165 138.7379205504476 493.8181308092566 1.4036832522162 0.51206350666118 0.53049757740717 -13.402373359276174 0.8255318347099637 29.7330021272943 0.03242775185510349
Pedestrian 0 1 0 -7.29004538298409 442.0018517704599 26.20911158235629 497.6476927628247 1.296093383934 0.49370991263629 0.46012333362482 -14.681372338735953 0.8270239991771215 26.53092336973142 -1.5430625388432115
Car 0 0 0 565.1119700969284 422.6829521135388 604.1037847382229 457.0083302382054 1.6294513428238 1.8233836221706 4.1799318904676 -2.093924729681295 -0.3883683081882412 58.51327284718023 -1.5205667281436035
Car 0 0 0 496.1628903651104 421.4395209088736 539.784109721099 456.87251432636543 1.7641308130892 1.8860133527681 4.0669640303576 -5.8086864710420105 -0.40232713125630126 60.69374492863227 1.62702266703179
