Cyclist 0 0 0 110.4901443883349 459.4577171629667 205.60063386117093 557.7342919087204 1.5227374660302 0.80674637575749 1.7024081248879 -7.9960964410301365 1.525995493154884 19.154325491216223 1.6556886672196898
Cyclist 0 0 0 264.8227892315649 450.1561661666715 345.3200107285944 537.8610295286583 1.4696052875573 0.83651863825056 1.7986770146033 -5.897489900756407 1.2925540416306935 20.633559533173305 1.67388585047879
Cyclist 0 0 0 703.2321705568809 429.7860487953813 719.7964407013275 457.2869707915272 1.5451081979003 0.82843617112474 1.7132258289391 5.096129872045926 -0.3334178090887814 65.61024165603673 -1.5433296565164756
Cyclist 0 0 0 719.0199305592357 429.84539745818006 733.8457250985633 456.78830195561216 1.5599157753409 0.6997324858437 1.7849482955636 6.164406452912261 -0.37391266693177594 67.66118382021837 -1.557720596430685
Pedestrian 0 1 0 833.4948298882748 431.3914529552949 855.569548559975 472.6014468769864 1.430588231159 0.69126494243391 0.6926073403094 7.803690559691888 0.3504975318102209 39.54496146866513 0.1203406929790034
Pedestrian 0 1 0 298.6298852257406 440.0952716276844 320.19441646517606 472.1565767744757 1.2376482119917 0.65535800067269 0.64004693787359 -12.558453064625983 0.37689374548279453 44.2254416555349 -1.5547169880664402
Pedestrian 0 2 0 332.3768466085712 435.2741772244069 351.7792564435306 466.7084513122842 1.391271597078 0.73039031701777 0.63630665096056 -12.862214270594333 0.18627023886023353 50.52151983347167 -1.6206915185078516
Pedestrian 0 2 0 346.4191171314067 435.2590092686697 363.8671712421601 467.5592018108807 1.4276564214437 0.63119600775453 0.60568568391098 -12.214113046805148 0.22594562338527197 50.29804198915914 -1.5774392637166537
Cyclist 0 0 0 429.0513261171347 435.7650227610477 455.5461530160204 478.12517731698136 1.6563435294643 0.79481169062645 1.7297401278937 -7.5608135541209105 0.5986682757269426 46.055732860559694 1.59988794168099
Pedestrian 0 0 0 286.1535145307874 439.5598480464499 306.08986280568786 471.35939098582486 1.3314718748529 0.65459557818719 0.5789616130428 -14.123478256480187 0.3769498434554037 47.7238569045008 -1.5430625388432115
Car 0 0 0 595.224995990965 426.26982783789424 623.0385793398735 451.8855796571594 1.6294513428238 1.8233836221706 4.1799318904676 -1.0992356977272768 -0.8300347045313531 78.27053391401704 -1.5205667281436035
