Cyclist 0 0 0 713.9512552187542 429.9940648346951 777.1671687472675 503.4934360243989 1.6733979843948 0.79359637376701 1.721146837317 2.9222255454034745 0.9194234284222951 27.11537600671162 -1.9344504096835666
Car 0 0 0 272.49583497018983 440.4416625557372 439.1033726703127 555.2993407414575 1.460268461271 1.8233836221706 4.1799318904676 -4.19017706119767 1.2003400486908273 18.007353253217417 -1.5808689970850935
Cyclist 0 0 0 510.7494626657533 432.9294172611393 595.1603370598108 507.3119253275048 1.5196345892391 0.72630838051352 2.1229930588456 -1.5846559204765627 0.9039621839916347 24.910136688125032 2.196225039323389
Car 0 1 0 397.9079539617072 427.4012898962428 495.5678573929163 475.3456666336488 1.488610360401 1.8443513737886 4.0457024529263 -6.257105488516856 0.3164810460212721 39.48325761623284 1.8898088369895891
Car 0 1 0 503.2598906105736 420.5890600927197 610.2542109343027 463.1343736044711 1.6623154638169 1.9995134813979 5.0620719359865 -2.960923974211311 -0.11805369480610009 49.38917035557414 2.22059153588469
Pedestrian 0 1 0 455.9107257538828 430.63310810374855 495.9856778115976 500.92731183241887 1.6586224809009 0.75710133011172 0.82171044532374 -3.6108958271338265 0.9079940444197878 27.01469285780016 -3.0672753190199966
Car 0 2 0 439.2163405083334 422.0148890646673 520.8857061072938 455.811404002511 1.7148062612891 2.0515827773642 4.3188145364549 -7.900277659768781 -0.4266281350463597 60.63145568314519 3.0469999920134896
Pedestrian 0 0 0 469.8020045258319 445.3680956213918 504.3335018797483 499.5879568768552 1.2543297500545 0.4734586785602 0.72895895861075 -3.271285196148617 0.8686263982610729 26.40429868047936 -3.0688044874097966
Cyclist 0 0 0 38.14265669138899 447.68307363411776 117.82845283758604 517.1006109917628 1.5699931455197 0.69607817723846 1.4875007340363 -12.801032328169013 1.247922413855685 26.056095106063818 -2.9741118677775966
Cyclist 0 0 0 803.5685323600393 428.6182497839485 907.4843048776 562.8287272648417 1.657524649883 0.89637484439673 1.6829625622726 3.0830265647304915 1.232228188216024 15.072831857563937 -1.6423800649800435
Car 0 1 0 766.8898100653299 408.3735076740149 867.6803282796732 452.63048514351607 2.2103085094352 1.8681774015511 4.8696941270618 10.081882731552415 -0.5822978469720034 58.44736402502462 2.99995506853859
Cyclist 0 3 0 287.10825746404754 430.075885367464 302.860804654962 453.53054961213377 1.532656412591 0.81547404956289 1.9024166953092 -22.77576577024456 -0.6441551041396768 76.67868883173887 1.4196886612287032
