Cyclist 0 0 0 526.0538987149349 422.5380210089912 577.9182708511001 469.6207979240357 1.7305637206954 0.96167222920019 1.7132258289391 -2.789657105714173 0.23587983642545446 42.47047210461775 -2.5768304496789964
Cyclist 0 0 0 721.3862132711107 427.1236201694717 742.8139746564043 468.9140309898671 1.5599157753409 0.78650218833356 1.9965695767987 4.232999219998476 0.2042076451241699 44.05450947603302 -1.4683054083915155
Car 0 0 0 480.6461035941157 425.46125909849127 552.7453369148136 483.4733464984336 1.6294513428238 1.8233836221706 4.1799318904676 -3.4050695621928515 0.5164768519100718 35.66166458773301 -1.5205667281436035
Car 0 0 0 -1004.3366369805166 445.3637239848999 67.01405859327258 934.8953872607544 1.7746451105013 1.9435428632242 4.6034547421048 -5.533333541317584 1.7806799163196576 6.835023912541378 1.590125010149789
Car 0 0 0 316.473288060363 429.615509368501 421.45721256028 503.00291368822354 1.6047471206739 1.8875358957952 4.0167140951606 -6.43933628614726 0.8431467698082364 28.40777417203087 1.5606693691876035
Cyclist 0 2 0 729.326857309608 424.2837068658697 778.3461785018009 464.10548378191794 1.61125022884 0.94903632420713 1.8551889415576 5.415089959866919 0.04110363290839708 46.79776937077037 3.0049416076433895
Car 0 1 0 615.9544150716041 418.3372788680941 699.6398291849914 448.6463885389216 1.6842359891565 2.0303059189719 5.3466114679026 2.070855975814503 -0.9650846204255601 68.85330979640493 2.4029147424476895
Car 0 1 0 948.6805888022096 415.72567398043367 1041.160688021481 442.982374119028 1.5330236352962 1.8982798276641 4.9293942441227 22.2487534120381 -1.2205913619959483 66.9368701820562 -0.08614019826639652
Car 0 1 0 717.1715294572698 417.8899281744808 797.0510144522272 444.9575653577464 1.6623154638169 1.9995134813979 4.9977687385037 8.850959909928598 -1.24751389722347 74.46783352264039 2.75220277067959
Pedestrian 0 0 0 641.2361325079702 422.0974026402694 667.3022067912772 467.5020293424246 1.8391596020957 0.69736039583018 1.0561796173337 1.2111766687807364 0.19932089152106874 45.89087936706599 -3.0672753190199966
Car 0 1 0 482.0172324351646 418.7159971350593 547.6909937202544 444.75126215728494 1.7546962621342 1.8362959101859 4.5189706319488 -7.8094284736600805 -1.2929667923241794 79.01776438877386 3.1403174255637896
