Cyclist 0 0 0 704.6407359247468 427.3525371983781 746.080459278178 475.2965936058589 1.6348583481776 0.84723286733251 1.7225943909863 3.6083788020892826 0.4086403063384453 40.114683563593886 -1.8741678138557065
Car 0 0 0 446.2107657956005 425.4922186532946 526.8171927179155 495.7014223236599 1.7244679088718 1.910983902951 4.1799318904676 -3.831592795267799 0.7533867848820297 31.413744289746795 -1.5808689970850935
Car 0 0 0 102.87998682779984 436.5029481155533 310.50302464856475 561.3079823549052 1.6047471206739 1.8875358957952 4.1304491592162 -6.506662194399161 1.2764090885793382 17.86073902125041 1.5606693691876035
Cyclist 0 2 0 694.7292398232395 424.1787872126378 744.1811853175186 470.9152690118741 1.7608075549045 0.83056864368679 1.8678048277393 3.6433819633346665 0.3101302186716512 43.00386385895896 -3.0654253657329966
Car 0 1 0 562.3665053208185 419.0668853880184 650.9548401695595 452.8641271941229 1.6842359891565 2.0303059189719 5.4545530561405 -0.9706858020715174 -0.6672441058107625 62.41073658671703 2.25336943742159
Car 0 1 0 660.0837785319734 416.7654845790689 745.8486558076485 448.914592964226 1.843765975474 1.9995134813979 4.9853807564305 4.858602229135949 -0.92816223565499 69.20653912396217 2.7298859239677897
Pedestrian 0 1 0 603.55409820453 422.2772937347662 631.4615722492867 473.4643860667585 1.8711150407316 0.93679000902876 0.98962378625194 -0.27510775744397137 0.3924936847320909 41.676742481261115 -3.0672753190199966
Car 0 2 0 375.32959647267137 422.5264337321639 442.9011684611955 450.2550805256362 1.7546962621342 1.8362959101859 4.1748865736786 -14.4284876205976 -0.855467357790611 74.39466165571493 3.1403174255637896
Car 0 2 0 749.3278798135564 416.5393591212144 831.5611857233026 443.41372767892 1.7148062612891 2.0515827773642 5.2018607636408 11.198233369300263 -1.338380605543385 75.47818167614278 3.1076041814204896
Pedestrian 0 0 0 611.0280001522125 437.66088702580095 629.3712195650521 471.4013714037767 1.2141320640177 0.51964238650603 0.64554787454448 -0.1774250353101018 0.32485300355396995 40.95596007853584 -3.0688044874097966
Cyclist 0 2 0 431.3170630591335 428.9955070082046 485.1581771536381 479.6465517634904 1.7305637206954 1.0151957542588 1.7132258289391 -5.889583807764745 0.5793119179044594 39.351801341590594 -3.0902462099718964
Cyclist 1 2 0 1094.7597656824091 442.1368944401773 1318.6879691870884 660.2382841201436 1.5676407045323 0.80592308031059 1.6985503622132 4.745990083104013 1.4395989926372474 9.261575619988934 -1.6423800649800435
