Cyclist 0 0 0 715.6825572514371 428.6384859113014 789.785248366485 504.38649029091215 1.6531652962494 0.84723286733251 1.885712533928 2.9828345296623375 0.8960016568545428 26.157411196265535 -1.9886284191892365
Car 0 0 0 251.5320346371817 442.8390657186028 431.8275730814911 566.2851606292633 1.460268461271 1.8233836221706 4.1799318904676 -4.1437446817063 1.2613611669405211 16.983212203995468 -1.5808689970850935
Cyclist 0 0 0 485.62354870497205 431.14945217293246 571.6072561376761 514.8648553663932 1.6386666704975 0.7854031576507 1.8940428270093 -2.0208900222730337 1.0140640502259162 23.625900284315048 2.196225039323389
Car 0 1 0 384.5046674514658 431.11278598235486 497.5157829791561 480.669734541095 1.4379413666156 1.8443513737886 4.5310133129682 -6.214350295585004 0.4522769928569552 38.1129280385073 1.9443221467314897
Car 0 1 0 488.775329225299 421.13879224635264 598.227970994621 465.707429522408 1.6623154638169 1.9995134813979 4.8206637874033 -3.3842044583665465 -0.010507492793459819 47.09416767263093 2.22059153588469
Pedestrian 0 1 0 448.4292143135115 426.5893336249853 489.98218786149073 504.1070316186653 1.7478027320325 0.75710133011172 0.80461094553694 -3.5994215879204514 0.9374118555450024 25.774796364132396 -3.0672753190199966
Pedestrian 0 0 0 460.4104646819371 447.775777394616 490.8861278550026 502.9304207903236 1.2261907122181 0.3792558227543 0.61197483684401 -3.3901424258347164 0.9102368065165194 25.263709676146505 -3.0688044874097966
Cyclist 0 0 0 -6.587735590896386 451.53074484519743 86.77644511374069 523.7786394778036 1.5699931455197 0.69607817723846 1.7262241153309 -13.183686967574477 1.3478822970715914 25.100121451414818 -2.9741118677775966
Cyclist 0 0 0 801.7039500263558 428.4852696461898 904.9104672360124 564.0924419423391 1.6840588677644 0.89637484439673 1.6829625622726 3.067436301188726 1.2547617507119604 15.142300200368156 -1.6423800649800435
Car 0 1 0 757.7013162418219 408.7270964286736 859.2304030109907 449.7270460142966 1.9991453892683 1.8681774015511 4.8069554713698 9.42246014695619 -0.717925777476506 57.25995753915605 2.99995506853859
Cyclist 0 2 0 283.53875387606286 430.516758983786 306.64631170758173 454.23629902146286 1.532656412591 0.83231642772323 1.9024166953092 -22.46438477695086 -0.5856575470955221 75.66461150634275 1.6929606317413892
Car 0 2 0 399.8254890877769 422.568598548819 501.9377158160741 457.23019079019696 1.7148062612891 2.0515827773642 5.289390981835 -9.292994704003995 -0.3531498568998519 59.57352017209946 3.0469999920134896
