Cyclist 0 0 0 29.74536354825341 467.0151821876528 177.3003882799997 618.0405745158649 1.537784044422 0.83651863825056 1.7986770146033 -6.052733610188636 1.6536346178761956 13.07504937925316 1.6039403321523897
Cyclist 0 0 0 698.3223161081545 431.0383154493916 715.232242137898 459.3541359734859 1.5451081979003 0.82843617112474 1.7132258289391 4.684678033527939 -0.20847812596117973 63.818552835598005 -1.5433296565164756
Cyclist 0 0 0 715.0597740912275 430.0287671226114 730.2246081654924 457.7784720630146 1.5599157753409 0.6997324858437 1.7849482955636 5.764110959348978 -0.3069117650852935 65.73135883534786 -1.557720596430685
Pedestrian 0 1 0 846.137963158812 424.78639426152574 870.8988783611783 478.12027095379335 1.6821202278463 0.69126494243391 0.6926073403094 7.512511586927405 0.4913248979786269 35.79724994961977 0.1203406929790034
Pedestrian 0 1 0 258.9393252618339 444.9825703908919 283.6024105497937 481.9513280552621 1.2835216158579 0.65535800067269 0.64004693787359 -12.680768952771936 0.6858337613334567 39.850705973607916 -1.5547169880664402
Pedestrian 0 2 0 296.08548177972455 439.1728842481015 316.484809762308 473.86066890169445 1.391271597078 0.62281589011432 0.75105270632424 -13.193121228684312 0.4589571825035168 46.010053874465726 -1.5821570750660976
Pedestrian 0 2 0 316.66262153680634 437.5399365524949 336.22605476582095 472.9731405015364 1.4276564214437 0.63119600775453 0.60568568391098 -12.333012142707256 0.42661694437722186 45.913604725259155 -1.5774392637166537
Cyclist 0 0 0 382.3573271891655 434.5145188045421 415.57597154236106 485.6265023030633 1.6563435294643 0.76919768307946 1.7297401278937 -7.767894456368056 0.7389835753157106 38.273739377232054 1.59988794168099
Pedestrian 0 0 0 243.7754493671041 440.7302150237013 265.6629880403286 475.7848839537443 1.3314718748529 0.62714206986646 0.5789616130428 -14.434977106125197 0.5118399954674007 43.32947534046996 -1.5430625388432115
Car 0 0 0 592.6614193555541 425.2130998263892 622.0481337298477 452.1630208466218 1.6294513428238 1.8233836221706 4.1799318904676 -1.1597505110849715 -0.775913403830341 74.3396230609115 -1.5205667281436035
