Cyclist 0 0 0 700.6904948464626 431.780473357163 738.5688931678342 480.8083212899111 1.5599157753409 0.70249588349494 2.0099208631906 3.216707935549986 0.5588824005984133 37.97591411709644 -1.7631265309951665
Car 0 0 0 419.7348998597628 429.7139171750439 506.8135638140403 501.1234843636906 1.5918551469232 1.8233836221706 4.1799318904676 -4.14425042685818 0.8152254567465812 29.09133456651445 -1.5808689970850935
Car 0 0 0 -210.9355176748087 460.6382685735118 187.60631196987072 664.2763035154048 1.5171794914592 1.8875358957952 4.2835019751762 -6.391694101987836 1.6329879932442029 11.89505635953126 1.5606693691876035
Cyclist 0 2 0 681.4151723266368 427.1603151518294 733.0319012857337 474.00787950267886 1.61125022884 0.83887420244468 1.6715068681361 2.938399616776743 0.3815510885257257 39.80713936547253 2.9692658286926896
Car 0 1 0 527.2513364870119 423.00687036042007 611.055243586168 459.0555542491759 1.6842359891565 2.0303059189719 4.3539211324891 -2.8759872417772714 -0.2953816380099138 58.03032675714663 2.25336943742159
Car 0 1 0 625.8369631850456 416.74420367284 721.3988652000087 452.1068221769698 1.925987571254 1.9995134813979 5.3828952559044 2.9018279020947517 -0.7146961238838134 66.04763684063384 2.7001627860513895
Pedestrian 0 1 0 575.5399990733566 427.6754877734024 606.166907566987 476.0850523156375 1.6586224809009 0.86077560899897 1.0056685415942 -1.197569508771504 0.4608810998695968 39.16895286994817 -3.0672753190199966
Car 0 1 0 296.7221618460919 424.3794781755329 367.6992001820636 451.1322681985274 1.6127121372672 1.8362959101859 4.1533661635495 -18.85130940551256 -0.7762394846097301 71.6579930005386 3.0775328176959897
Car 0 2 0 703.8117313340887 416.69030293116384 792.3306027005557 449.7731787394963 2.0529792465689 2.0515827773642 5.4967165651728 8.045981789987525 -0.8870604663790846 73.00058124072335 3.1076041814204896
Pedestrian 0 0 0 583.3065164094539 440.15761815286027 603.1794356133614 476.0219566170938 1.2141320640177 0.51964238650603 0.64554787454448 -1.1020691025537288 0.4643432313466833 38.57452885118278 -3.0688044874097966
Cyclist 0 3 0 372.3526767131368 434.1685382137284 432.7927813516454 486.1249843895413 1.6562565051636 0.89030752912213 1.7132258289391 -7.356322129034084 0.7486211252356778 36.80508615449603 -2.8324150028681965
Cyclist 1 1 0 1020.420294247428 437.19524134479497 1201.6290487207557 640.379597029662 1.6703950519042 0.72596904743165 1.812421220909 4.48936206032454 1.4721803360658814 10.467026970906687 -1.6423800649800435
