Cyclist 0 0 0 104.64344618409176 459.2949868278269 225.65957278760624 590.1408618837548 1.5342033221752 0.82036912959608 1.7986770146033 -6.06432599698962 1.5491140886531598 14.82103741987841 1.6039403321523897
Cyclist 0 0 0 699.8942306954624 429.77345399949655 716.7272657143034 457.8611979564788 1.5451081979003 0.82843617112474 1.7132258289391 4.805567803475055 -0.2947964769028705 64.2566813839005 -1.5433296565164756
Cyclist 0 0 0 714.6734418579698 429.2944731115194 729.7545476931247 456.8898873198305 1.5599157753409 0.6997324858437 1.7849482955636 5.766524688527315 -0.36027778532301735 66.04853203808493 -1.557720596430685
Pedestrian 0 1 0 846.3756888195707 431.7383634825688 870.6495538080536 476.4887484893592 1.430588231159 0.69126494243391 0.6926073403094 7.649368379611032 0.4476020469308447 36.44545818978486 0.1203406929790034
Pedestrian 0 1 0 268.2610398474671 440.8875494545358 292.19539386313164 476.1190131053801 1.252382416744 0.65535800067269 0.64004693787359 -12.640241250656473 0.4896210833945924 40.752295116717946 -1.5547169880664402
Pedestrian 0 2 0 303.8649933819755 438.29880736265983 321.66868988267805 472.2406443829474 1.391271597078 0.53675634859156 0.75105270632424 -13.194691313346421 0.40160936725155616 46.967454476846505 -1.5821570750660976
Pedestrian 0 2 0 321.5892300320785 438.254237237321 340.7166324559037 473.0327661567003 1.4276564214437 0.63119600775453 0.60568568391098 -12.368830844127821 0.4376495073432889 46.783145417937035 -1.5774392637166537
Cyclist 0 0 0 389.7032977864395 435.49945134236657 421.9987070675461 484.5815129762481 1.6563435294643 0.79481169062645 1.7297401278937 -7.844237340450633 0.7357954193649012 39.85799633680538 1.59988794168099
Pedestrian 0 0 0 249.19399711360848 439.6976029701467 272.72174241475363 473.94062840030574 1.3314718748529 0.71636597190881 0.5789616130428 -14.528404887860486 0.45098585356125875 44.356515610790076 -1.5430625388432115
Car 0 0 0 593.0932006313558 424.9663224177625 622.2129654882872 451.6668545059512 1.6294513428238 1.8233836221706 4.1799318904676 -1.1501213438950446 -0.814182684745328 74.97722270784975 -1.5205667281436035
