Cyclist 0 0 0 690.0820699591261 430.55655331476345 707.3857129016733 459.8848594635598 1.5451081979003 0.82843617112474 1.7132258289391 4.0768881688481295 -0.17404948183089516 61.6183289321673 -1.5433296565164756
Cyclist 0 0 0 714.8407263673057 429.2440724867196 730.5036370673254 457.8948010163158 1.5599157753409 0.6997324858437 1.7849482955636 5.582622726311132 -0.29227297239466427 63.645804633242676 -1.557720596430685
Pedestrian 0 1 0 872.6476825932983 432.5957480728126 900.9988037157348 480.4536898114493 1.2978509199755 0.62489628684215 0.63806832219041 7.2950074923407975 0.48722832948139283 31.000205024744208 0.0424348794959033
Pedestrian 0 1 0 197.6180606936797 447.13440176149385 226.22944442499005 490.825894212665 1.321496390292 0.65535800067269 0.54427460698369 -12.854163587334348 0.8698957779790408 34.601072232095724 -1.5547169880664402
Pedestrian 0 1 0 259.7358695326956 440.4134249323751 282.2183915032038 478.2085945127528 1.3604574846244 0.62281589011432 0.60762013711964 -13.10119395885527 0.5720920836723202 41.1375184914572 -1.5821570750660976
Pedestrian 0 1 0 265.44770788508134 440.2819348624623 290.5553340228257 480.4894787371777 1.4276564214437 0.6932818246387 0.66455914295354 -12.686215574375192 0.6453777109148597 40.647015841199234 -1.5774392637166537
Cyclist 0 0 0 297.47768350920614 442.8175589856978 338.5573651230417 504.6812725877745 1.5287251818131 0.59185161579673 1.7297401278937 -8.174992177171477 1.0518018613491809 29.678294664964973 1.59988794168099
Pedestrian 0 2 0 245.51431352301935 440.7563563839383 266.2203976912015 479.7053829302292 1.3881863669091 0.51206350666118 0.657499541922 -13.532745532517666 0.6202182982358858 40.75440772171527 -1.5533632725328435
Pedestrian 0 0 0 182.34090647983788 442.6388548840336 208.8090738944462 482.77121607974055 1.3314718748529 0.62027869278628 0.64073200676442 -14.681415035177588 0.6810761536468543 38.00963983043319 -1.5430625388432115
Car 0 0 0 577.0992978626239 426.2777359677072 609.6806514184863 455.4975119456139 1.6294513428238 1.8233836221706 4.1799318904676 -1.9344103441652343 -0.5265118257382069 68.87313615835639 -1.5205667281436035
