Cyclist 0 0 0 536.125728499735 431.18184182431617 587.4654109149907 478.1202633362064 1.7305637206954 0.96167222920019 1.7132258289391 -2.438956892808242 0.5605912753361736 42.89116483566911 -2.5768304496789964
Cyclist 0 0 0 723.2787747152915 437.4627253404007 755.6000284747079 479.3274310062481 1.5599157753409 0.92160816186845 1.9965695767987 4.575944504719836 0.6123931255631672 44.597215334110366 -1.6267569860886655
Car 0 0 0 488.7849964576538 429.42466113584544 558.7040779042208 486.7487861700649 1.6294513428238 1.8233836221706 4.1799318904676 -3.2434752398897717 0.6307436214767346 36.34454543166421 -1.5205667281436035
Car 0 0 0 -541.0707600069564 437.48509737191057 151.89585894520883 782.5341228777069 1.7746451105013 1.9435428632242 4.5258956761711 -5.560963192115133 1.6764808627191128 8.577586553136664 1.590125010149789
Car 0 0 0 334.1987593935356 435.90649661818594 431.8704206194121 506.1938866230233 1.6047471206739 1.8875358957952 4.0167140951606 -6.418429857184598 0.9793212564124691 29.92797890381546 1.5606693691876035
Cyclist 0 2 0 740.6035124788327 427.35736522125904 778.2667539377835 471.8209277901392 1.8041164059326 0.91362423126559 1.6715068681361 5.735951024174345 0.3504158801955709 47.388485149057225 2.21536907385359
Car 0 1 0 627.7870920615256 427.7842782164393 706.7632497692555 457.9615650284312 1.6842359891565 2.0303059189719 4.8742477467249 2.686305351767464 -0.3997606929718989 69.97557608832066 2.4706149795032895
Car 0 1 0 730.7352840930552 424.6982989299124 801.5384798382669 451.3033040722042 1.6623154638169 1.9995134813979 4.3247085223935 9.547364664383663 -0.8199308101895604 75.3298892850072 2.9193169911391896
Pedestrian 0 0 0 650.2254751114457 429.1606837778255 670.1325367170031 474.12932956116913 1.8387005287089 0.92127822809272 0.81699167897232 1.478647956362229 0.4721885858434578 46.65589759399588 -3.0672753190199966
Car 0 1 0 505.3284108369053 419.0404294921959 565.1711296160768 444.8504285116973 1.7546962621342 1.8362959101859 4.1748865736786 -6.408939524535198 -1.2934745341377247 79.59780752239949 3.1403174255637896
Car 0 1 0 933.630461166848 421.3941996032118 1021.4659353865484 449.0635452858494 1.5590096733065 1.8982798276641 4.6952281729446 21.34366244082583 -0.8644309112066121 67.38031949353949 -0.08614019826639652
