Cyclist 0 0 0 684.5777427663686 423.2356594086062 702.9300407061621 457.5269243408479 1.7064107020767 0.82843617112474 1.7132258289391 3.5589115246633454 -0.287052419770092 57.702143046503046 -1.5433296565164756
Cyclist 0 0 0 721.8132918509713 421.9800062999317 739.7182502500854 455.9332609643217 1.7570479887082 0.75601909066942 1.7849482955636 5.6937664262221395 -0.38290527032704474 59.94566195239525 -1.557720596430685
Pedestrian 0 1 0 952.2029210354297 432.487443244578 989.5513895075908 500.8412315678936 1.3781317618848 0.68510691827417 0.55249573406015 7.193556391288271 0.7742178189496081 23.15369116639305 0.0424348794959033
Pedestrian 0 0 0 58.39592286892957 450.2529433492539 97.3045426301628 507.4765648062895 1.303952133377 0.60466359929425 0.54427460698369 -12.86616116549193 1.039740692485839 26.161794953548075 -1.5547169880664402
Pedestrian 0 2 0 167.56045742171398 439.4244631196422 197.82998515056545 487.9155703563591 1.3848991530925 0.62281589011432 0.60762013711964 -12.997205644438118 0.732145505526569 32.681616175551696 1.5594355785237033
Pedestrian 0 1 0 176.9646276202946 441.664146799444 206.39635077981973 492.0495391646253 1.4133931431354 0.56565568956116 0.67535813261605 -12.542788873917162 0.8370300533479053 32.19603545461004 1.5641533898731033
Cyclist 0 0 0 -68.97355677872804 454.9523539551005 57.52472554295127 595.5829833200062 1.6692954238414 0.63811580726179 1.7297401278937 -8.318346498749033 1.6206076638785125 14.792540064540775 1.59988794168099
Pedestrian 0 1 0 141.88433299986008 436.5865335587026 168.7918826152304 489.4200883138629 1.4962337963184 0.51206350666118 0.53049757740717 -13.594245601141148 0.7683850472528457 32.193872572883514 1.5882293810569896
Pedestrian 0 0 0 40.7064529444948 444.955976014498 75.59523649572418 496.0368191014872 1.296093383934 0.56720102853878 0.5872839224717 -14.831456484281986 0.8614864786246919 29.101955935100737 -1.5430625388432115
Car 0 0 0 566.0137296273481 417.8272391402948 604.5027314514783 451.39291672386446 1.6294513428238 1.8233836221706 4.1799318904676 -2.085056361580024 -0.6804759203851425 59.20537881876833 -1.5205667281436035
Car 0 0 0 507.8672632013281 419.558379777159 547.6301138382552 452.1601818253768 1.7641308130892 1.8860133527681 4.0669640303576 -5.705862397653561 -0.6948706057795999 65.5642397783379 1.62702266703179
