Cyclist 0 0 0 693.8702056126097 424.9635309823012 735.5339010370493 482.2700487841785 1.7313350913124 0.75074154477413 2.0333859137854 2.8688419208638187 0.565784073077806 35.76402561892502 -1.7631265309951665
Car 0 0 0 391.1896580970589 428.199402218401 489.1926381089431 499.9253936782869 1.460268461271 1.8233836221706 4.1799318904676 -4.364806227338464 0.7096353263334322 26.847663132988323 -1.5808689970850935
Cyclist 0 2 0 651.3425460303889 428.4109475765005 707.9276817907327 478.1726153903276 1.61125022884 0.67276302728704 1.781716112189 1.8343970223959267 0.49842766151456974 37.39774582117965 2.9692658286926896
Car 0 1 0 498.31541348350993 421.5452989724266 583.0792377632852 459.3214174893802 1.6842359891565 2.0303059189719 4.172059110891 -4.137047999710302 -0.27056472180489155 55.10704876204518 2.19465789848989
Car 0 1 0 594.9866347348425 417.1115819606272 692.1598598674816 451.9520763199996 1.7831651797256 1.9995134813979 5.3859858093378 1.08449951786979 -0.7070948037901063 62.956892923751816 2.5403751942292896
Pedestrian 0 1 0 551.789532578766 420.87393662037016 583.2384164957307 477.33861101206696 1.8226620669241 0.79130032968532 0.94995669372473 -1.8913488395513913 0.47348534821986865 36.70793816964044 -3.0672753190199966
Car 0 0 0 225.8565222674383 429.6952813196443 306.565265591005 457.6692707125699 1.6127121372672 1.8362959101859 4.4500351752316 -22.28132648001367 -0.3527485799985216 69.11969541582478 3.0775328176959897
Car 0 2 0 658.5999442410136 415.7698893664716 741.6113490531285 447.4169539544602 1.8872744837818 2.0515827773642 4.9402933113374 4.733242356798753 -1.0092647963874675 70.47434345452803 3.0469999920134896
Pedestrian 0 0 0 555.7507310485635 438.0947307839671 583.2475437195366 476.3211226145196 1.2141320640177 0.48834977590765 0.84155420167724 -1.8043852307666046 0.44441158099593847 36.16212581744161 -3.0688044874097966
Cyclist 0 1 0 314.8449695822802 433.96855967415786 374.9579345786581 486.1492070314292 1.5699931455197 0.78509996351847 1.6062268474508 -8.72749725187498 0.7078915518649614 34.66623998561346 -2.8294692807234965
Cyclist 0 0 0 961.2608855747012 439.8326279172037 1107.7232617021075 618.3722240506054 1.6390305557921 0.72596904743165 1.6829625622726 4.177629076985523 1.4441218650539205 11.518184119290336 -1.6423800649800435
Car 0 1 0 730.1077646712691 411.1040034097555 794.1166478387067 441.29128206693673 2.077452420789 1.9375363111417 4.3296822599032 9.792254300596506 -1.546957423567109 79.64082253562101 -3.1175823870242967
