Cyclist 0 0 0 684.1156590755006 429.08899001019927 702.0568522392431 459.737662633994 1.5451081979003 0.82843617112474 1.7132258289391 3.598709852740326 -0.17643787250349433 58.92298456809937 -1.5433296565164756
Cyclist 0 0 0 717.8415318591204 428.68373665292927 735.2711574761508 458.5139403196481 1.5599157753409 0.75601909066942 1.7849482955636 5.576603845868472 -0.24952386411162647 61.14993813184874 -1.557720596430685
Pedestrian 0 1 0 919.6679446508248 430.6581148307984 954.659341750304 495.5969665589334 1.4462811347253 0.68510691827417 0.60017533190824 7.153084711382388 0.7373680475549069 25.507177280565113 0.0424348794959033
Pedestrian 0 0 0 104.00396128073383 448.19827582707074 138.59802001200262 500.4141975550001 1.303952133377 0.60466359929425 0.54427460698369 -12.962577990981094 0.9601748492411564 28.625471300782465 -1.5547169880664402
Pedestrian 0 2 0 192.55197196434443 440.2837031549104 220.39347548416924 485.6576260973951 1.3848991530925 0.62281589011432 0.60762013711964 -13.141034831051075 0.7137818378200235 34.915491778882476 -1.5821570750660976
Pedestrian 0 1 0 206.38396083123985 441.4882245906575 232.589185642294 488.5316110402919 1.4276564214437 0.57294134860293 0.6046871438109 -12.649881930589395 0.7984767994533031 34.690757103830734 -1.5774392637166537
Cyclist 0 0 0 102.16429168151105 449.7076453785849 184.7236796736252 549.5869925239842 1.569819944765 0.63811580726179 1.7297401278937 -8.306729927938033 1.3977321624999783 19.284835637067697 1.59988794168099
Pedestrian 0 2 0 177.6011306910865 442.00111511530014 201.7894105407172 487.9661576157005 1.4036832522162 0.51206350666118 0.53049757740717 -13.616901777632481 0.7869681019859535 34.78323913567745 -1.5533632725328435
Pedestrian 0 0 0 88.86614196396681 447.1454081835926 125.70544031178927 494.047071966238 1.296093383934 0.73422629195356 0.5872839224717 -14.76773674905844 0.8846944592259944 31.723253658057555 -1.5430625388432115
Car 0 0 0 571.6671162038318 417.5192071501482 607.1157019701724 448.5739781350265 1.6294513428238 1.8233836221706 4.1799318904676 -2.01542946278169 -0.8812000263144033 63.78472484779504 -1.5205667281436035
Car 0 0 0 514.2071585944793 418.0164602318043 551.0387215307726 448.2990939459621 1.7641308130892 1.8860133527681 4.0669640303576 -5.8101885411864735 -0.9737856191159875 70.23232208570461 1.62702266703179
