Cyclist 0 0 0 713.9433205840664 429.93593409621246 768.7281695158584 502.5403031567812 1.7313350913124 0.75074154477413 1.4857895616312 2.927532409629722 0.9439354186553939 28.101261476874804 -1.9344504096835666
Car 0 0 0 290.04153761826336 438.3802938982963 445.36207024322266 546.0982916010054 1.460268461271 1.8233836221706 4.1799318904676 -4.234293262401665 1.1423628362393128 18.980407253114503 -1.5808689970850935
Cyclist 0 0 0 541.0535580958542 431.03669592977263 622.2413080528822 504.4310765304909 1.61125022884 0.83056864368676 2.1308805939293 -1.0105873312743645 0.904415894042516 26.617676635449342 2.196225039323389
Car 0 1 0 403.0204822695817 428.3260324473366 506.6777138301842 476.26175936563214 1.5432081271103 1.8733207579646 4.0457024529263 -6.206117507677881 0.36252314740991176 40.99847814090542 2.0214005238659896
Car 0 1 0 506.2103729329468 421.9376989243127 613.7773155087262 463.6674835143045 1.6623154638169 1.9995134813979 4.9097484028853 -2.8805488355624282 -0.08797248359994564 50.25614686041928 2.3100930195041895
Pedestrian 0 1 0 473.0298753877714 425.5358944972873 507.31319810944143 499.7903252388284 1.8389373051226 0.75710133011172 0.72611108147938 -3.4141579832321174 0.9224968845448014 28.24008541603119 -3.0672753190199966
Car 0 0 0 -86.53859482133771 437.33519242965815 19.00538953467958 469.6708722667033 1.6127121372672 1.8362959101859 4.5335516774277 -35.8098172025195 0.3225544767615196 60.495971857920885 3.0775321355259897
Car 0 2 0 479.8192539951493 421.3161988714437 555.4275370630139 454.40202382045584 1.7148062612891 2.0515827773642 4.0938762793479 -5.995777254951703 -0.5081847019274119 61.762304516639176 3.0469999920134896
Pedestrian 0 0 0 477.5264655310709 436.876344733927 513.8886233331729 497.4700453167953 1.4688006399602 0.54662528475707 0.80212556480762 -3.205442418433479 0.8539342527674739 27.619649037253783 -3.0688044874097966
Cyclist 0 0 0 74.81018270262098 447.10092720924825 153.3726038378835 514.0126542075948 1.5699931455197 0.78509996351847 1.5047534059651 -12.445767783605989 1.2218705819272702 27.124582538436833 -2.9741118677775966
Cyclist 0 0 0 813.0826110477491 429.0794468041771 913.9218420658044 572.416688481622 1.7470985045256 0.82033601498906 1.6829625622726 3.1455060170643345 1.334362920280012 14.85833455498044 -1.6423800649800435
Car 0 2 0 781.1842125309727 415.9581095440059 873.0070819069205 449.48303024644224 1.6912040593423 1.8681774015511 4.4989052341383 10.815000802349894 -0.748742253235005 59.66555185947835 3.0684715205275896
