Cyclist 0 0 0 686.8145294591627 425.6257717153071 704.4428588157185 455.5199521360727 1.5451081979003 0.82843617112474 1.7132258289391 3.814650475736938 -0.40454375201371007 60.20036578328627 -1.5433296565164756
Cyclist 0 0 0 714.6491810358029 422.8948664065217 731.5918877635551 454.9527667203406 1.7313350913124 0.75601909066942 1.7849482955636 5.515291368841343 -0.4520297849238052 62.594157494109496 -1.557720596430685
Pedestrian 0 1 0 892.1656352707247 424.0069818079159 920.0229641355572 480.3735114775596 1.41907875316 0.62489628684215 0.55249573406015 7.24038535430892 0.4467546240472391 28.661903942446678 0.0424348794959033
Pedestrian 0 0 0 158.6970044073301 442.62042913809074 190.32103282942887 489.1554435002846 1.303952133377 0.65535800067269 0.54427460698369 -12.978771456186616 0.7557679320213296 32.03925153319993 -1.5547169880664402
Pedestrian 0 1 0 225.55623367629948 439.0268449747119 250.06780651998275 479.870542062986 1.3848991530925 0.62281589011432 0.60762013711964 -13.490165812624214 0.594696281035028 38.73601682528077 -1.5821570750660976
Pedestrian 0 1 0 242.74276874819748 437.3076298340401 268.03611931658725 479.9561393585896 1.4276564214437 0.63119600775454 0.66455914295354 -12.725624137853321 0.5882576781807939 38.28262865039294 -1.5774392637166537
Cyclist 0 0 0 223.6730460988304 440.1631655496473 277.734822871272 516.5499769478417 1.5780388973554 0.59185161579673 1.7297401278937 -8.34014262263053 1.1233678616055713 24.859546486898203 1.59988794168099
Pedestrian 0 2 0 218.92395518144355 440.281738811319 241.4362224140482 479.1605860736879 1.2967342294669 0.51206350666118 0.657499541922 -13.570518172760346 0.5612277235487161 38.210212375158385 -1.5533632725328435
Pedestrian 0 0 0 139.03410564672197 442.3107735879728 167.40654131568044 489.764874153299 1.4618760393763 0.58260081654939 0.64073200676442 -14.946998553505722 0.8493561052322586 35.23296028592081 -1.5430625388432115
Car 0 0 0 574.5236693720005 421.61249392966926 608.459759300679 451.6795436682642 1.6294513428238 1.8233836221706 4.1799318904676 -1.9745766929865978 -0.732720378172583 66.3628854321173 -1.5205667281436035
