Cyclist 0 0 0 711.4190297481766 427.3258855771009 745.8567762229255 475.2087235568669 1.6970512281181 0.84723286733251 1.9965695767987 3.889348578520458 0.4184506844929352 41.882119787785406 -1.6779725624834465
Car 0 0 0 464.6251170865914 425.8807220830234 543.6704713163355 487.1996447740884 1.5918551469232 1.8233836221706 4.1799318904676 -3.5324938565326045 0.5734292996304502 33.19704114281377 -1.5205667281436035
Car 0 0 0 215.85749971279895 433.3766563314613 365.78561162868425 530.102056853506 1.6047471206739 1.8875358957952 4.1304491592162 -6.550578553357194 1.1056682644247073 22.30287407509306 1.5606693691876035
Cyclist 0 2 0 709.5206676214472 430.74586131575217 756.1984586554444 472.7517009255105 1.61125022884 0.83056864368679 1.6715068681361 4.314351697551815 0.37989191241617215 44.513812268940256 2.90670137331799
Car 0 1 0 587.1602357031204 420.8736771599754 672.3017381968398 452.91948282217743 1.6842359891565 2.0303059189719 5.0060226326828 0.3135489922248228 -0.6737277118669003 65.29647841266525 2.4029147424476895
Car 0 1 0 684.5625921311085 419.4749901245464 766.6272361217024 447.8969700621208 1.6623154638169 1.9995134813979 4.9853807564305 6.4783516833377455 -1.022571936755286 71.48858365500588 2.6763284931077895
Pedestrian 0 1 0 621.4548371066437 428.74114854353655 646.7138228959967 472.113016819242 1.6586224809009 0.72935919118322 0.95523214196793 0.35836568413069375 0.3661779558623001 43.51497186833451 -3.0672753190199966
Car 0 1 0 421.7883911115404 423.4227965134219 490.69449146163487 450.489769943996 1.7546962621342 1.8362959101859 4.4730927575128 -11.571084916420752 -0.861759078949768 76.3562323098622 3.1403174255637896
Car 0 2 0 786.6183655077808 415.8747575755088 863.959637205369 445.616757122716 1.9740722166703 2.0515827773642 4.9762583382485 13.99682497566583 -1.225304453610564 77.8713115619373 3.1076041814204896
Pedestrian 0 0 0 627.673078552513 438.9944768332552 646.6555959293231 471.3662443034801 1.2141320640177 0.61352021830114 0.70813309574123 0.4689331317883807 0.33630774341108793 42.879077028918736 -3.0688044874097966
Cyclist 1 2 0 1156.0715911342909 446.9183668908805 1425.6792424104135 706.3363757502689 1.6448277807016 0.80592308031059 1.7203416841101 4.849869514052812 1.5735701417419674 8.30354949351998 -1.6423800649800435
