Cyclist 0 0 0 696.8758536934669 423.21503440753867 750.0868213144133 489.2452389408765 1.7827608861039 0.75074154477413 1.5683079609193 2.7848406874084435 0.6997907863010331 31.5653396267057 -2.0424537306280666
Car 0 0 0 336.9137171350867 434.4994706460989 461.99724845150087 523.0040073332356 1.460268461271 1.8233836221706 4.1799318904676 -4.429082639052186 0.9825647436783782 22.457056558800126 -1.5808689970850935
Cyclist 0 2 0 607.963561224541 429.052950667162 666.6409226647276 487.7588643326341 1.61125022884 0.63123523349763 1.6715068681361 0.3654535274062535 0.6787959112515353 32.24382739056612 2.4970732942423894
Car 0 1 0 441.07787587499206 422.779129719707 535.8678429212537 467.66091770066754 1.6842359891565 1.8733207579646 4.6111090993597 -5.72353305705488 0.07579808619266434 47.20044414366151 2.0214005238659896
Car 0 1 0 536.6364237524681 418.9205707633833 640.4120533755798 455.6790982745348 1.6623154638169 1.9995134813979 5.3321144227343 -1.8056792341769758 -0.4744404191599711 56.62219270788656 2.3959591227918895
Pedestrian 0 1 0 508.4010588051077 425.3308245201293 541.6983392460751 484.5745794147026 1.6586224809009 0.80839982947212 0.83589579962935 -2.8675214148177677 0.6140560716875512 31.983349315924542 -3.0672753190199966
Car 0 0 0 61.2497279228212 431.363004293197 155.35085309672127 461.5585400046904 1.6127121372672 1.8362959101859 4.5335516774277 -29.840561152344684 -0.11290005939788911 64.27326796178271 3.0775321355259897
Pedestrian 0 0 0 516.1232089180866 440.12748979485 542.7714738683993 485.4525433154572 1.2541583957985 0.40698898835187 0.68935752938221 -2.6963679672169265 0.6431061755640318 31.39185986142952 -3.0688044874097966
Cyclist 0 0 0 184.74170489565583 438.0741183199152 257.3502978031707 497.3304113269188 1.5699931455197 0.78509996351847 1.6752375351659 -11.112385724400847 0.9288821894085204 30.635669746634804 -3.1337639311941965
Cyclist 0 0 0 870.0335734018712 431.9513955977701 985.4979210201152 581.3114508182564 1.6390305557921 0.77809222087368 1.6829625622726 3.6320401104409465 1.3028965318692043 13.517602950270852 -1.6423800649800435
Car 0 1 0 623.0712981692895 410.645134012482 691.1269667691399 443.9398866550742 2.1942146496731 1.9375363111417 4.2594711962291 2.19391658518474 -1.2929952833979124 75.78147177168188 -2.801360689202797
Car 0 3 0 561.8836610232604 417.5908652892909 634.4622860211745 450.7377019522081 1.850075455401 2.0515827773642 4.0938762793479 -1.6187316845910884 -0.7501221754240065 65.90877523881824 3.0469999920134896
Car 0 2 0 821.4189407454579 411.3887714800509 901.4484074049822 445.2520113485287 1.8451747243053 1.8681774015511 4.0980265910894 13.51851226469611 -1.0303006399369201 63.69603535630204 3.0684715205275896
