Cyclist 0 0 0 716.7686703010797 426.85414845605953 791.1624303580426 508.3446670302763 1.7504683932992 0.84723286733251 1.6949715456254 2.941347239833796 0.9676565171991229 25.510475966415516 -2.0591913098088863
Car 0 0 0 237.6465696218521 445.0171652223719 429.69817463002687 576.6581770066687 1.460268461271 1.8233836221706 4.1799318904676 -4.029665471709553 1.3118237367818295 16.127122219452662 -1.5808689970850935
Cyclist 0 0 0 445.2066477128273 437.76468488689216 546.8478904653372 521.1824117692639 1.5078064624018 0.91143648543563 1.8842821446628 -2.543776929989547 1.062521330630989 22.149771946898483 2.2934173153772894
Car 0 1 0 370.9194050432288 431.4385705010285 489.74810864347535 483.9113814251252 1.4582089641298 1.8443513737886 4.5310133129682 -6.307862869197875 0.5264566795498602 36.589093287565944 1.9443221467314897
Car 0 1 0 481.90077412428576 420.3421792931495 601.9693308408798 468.4672385678143 1.739219828486 1.9995134813979 5.3255415966451 -3.347015082537169 0.07913541956119069 45.960829686435225 2.22059153588469
Pedestrian 0 1 0 434.95548191934233 427.8359048565218 474.4744087792018 504.22635290697457 1.6586224809009 0.73145208043153 0.71911344660295 -3.792020111547627 0.9058266827337378 24.83405418853691 -3.0672753190199966
Car 0 2 0 366.5178007727652 424.1430935244068 462.2726750509336 460.7469855047961 1.7824408583451 2.0515827773642 4.806753608286 -11.022762813150683 -0.16387002753536684 58.4637941983226 3.0469999920134896
Pedestrian 0 0 0 446.91696563911256 448.1637051296352 483.4749739488452 503.8280059807199 1.1828394534193 0.46736146137711 0.69994306188638 -3.4889139211498112 0.8901056526023479 24.307561737228887 -3.0688044874097966
Cyclist 0 0 0 -36.10986216162371 448.231938540293 57.44003915987776 523.2654668184507 1.5699931455197 0.69607817723846 1.6278382849234 -13.323012966291014 1.2846686745594948 24.152641851473277 -2.9741118677775966
Cyclist 0 0 0 808.8076882580704 428.12316944213967 888.5591878624776 561.9222656183506 1.6945128380648 0.59302737621526 1.6829625622726 3.0597088119862876 1.2513366429267305 15.37521276231683 -1.6423800649800435
Car 0 1 0 747.8256491414033 414.0850431380312 847.6760825219535 455.248585955168 1.9442017157302 1.8681774015511 4.6045573462595 8.687894159292465 -0.43725941558704 56.0364766981593 2.9339834938585896
Cyclist 0 2 0 282.66571415816304 431.3973683969748 302.2866400788041 455.6478381055991 1.532656412591 0.79021048232237 1.9024166953092 -22.211409576547464 -0.4843574589867951 74.22242868354506 1.5547903502868032
