Cyclist 0 0 0 695.2161549435872 431.2530732362424 712.272215495412 459.9541658165968 1.5451081979003 0.82843617112474 1.7132258289391 4.451507898794459 -0.17286465646979055 62.98554570282079 -1.5433296565164756
Cyclist 0 0 0 715.5488058047799 429.0685301819273 730.88132153497 458.2572134905837 1.6284835017295 0.6997324858437 1.7849482955636 5.74116288719636 -0.2767445000621964 65.08728306186796 -1.557720596430685
Pedestrian 0 1 0 856.5884112659542 435.3339599866559 879.6297471710526 483.2443123253301 1.430588231159 0.69126494243391 0.55249573406015 7.461732685938616 0.6220422120368151 34.1473045992563 0.0424348794959033
Pedestrian 0 1 0 238.19499755815517 439.5318324103075 264.41585635266205 479.4500725127123 1.3281583724444 0.65535800067269 0.64004693787359 -12.803764919310806 0.5692782554293104 38.09267166226239 -1.5547169880664402
Pedestrian 0 2 0 289.56622530715066 440.5369704708489 310.74097982666484 476.3720129172918 1.391271597078 0.62281589011432 0.75105270632424 -13.026999640198557 0.543673845198992 44.57592098673562 -1.5821570750660976
Pedestrian 0 2 0 301.0026159226301 439.3486536019765 322.9907228972506 476.32520229780346 1.4276564214437 0.66799191965614 0.68663669009451 -12.440874621191124 0.5389485915737526 44.18286179004712 -1.5774392637166537
Cyclist 0 0 0 350.6750771174688 437.709407342934 388.1434589182009 493.2547032430972 1.6563435294643 0.76919768307946 1.7297401278937 -8.117458374775005 0.9147725302063245 35.38188599924235 1.59988794168099
Pedestrian 0 2 0 277.9101823537187 440.457283575366 296.49629641852056 476.1610641880608 1.3784781062547 0.51206350666118 0.657499541922 -13.409329897990753 0.5339161132742123 44.121911294700844 -1.5533632725328435
Pedestrian 0 0 0 226.1775026613808 439.6828789170644 252.4737892108667 476.3961087097453 1.3314718748529 0.74381948022953 0.5789616130428 -14.363173192412377 0.5101594554116873 41.397794834311 -1.5430625388432115
Car 0 0 0 580.4542147086629 423.7039969963154 611.2521579487798 451.2635992971601 1.6294513428238 1.8233836221706 4.1799318904676 -1.8797959387845542 -0.8167347234350466 72.51933006848985 -1.5205667281436035
