Cyclist 0 0 0 702.3279865526409 430.7185863253925 755.6573860579142 491.3799966606426 1.5599157753409 0.75074154477413 1.6806216139016 2.8417527042105477 0.7266411353372325 30.53700179285692 -1.9344504096835666
Car 0 0 0 324.5495881234175 436.1417371802457 457.21143614293817 529.5780950052067 1.460268461271 1.8233836221706 4.1799318904676 -4.383743578618228 1.0421490294372502 21.457030425478045 -1.5808689970850935
Cyclist 0 1 0 595.3113047562523 428.5009077374186 659.0128334266227 494.4242110674844 1.7250927446749 0.64784635101339 1.7266114901626 0.0703669348755355 0.8221191655042704 30.754654222179408 2.4970732942423894
Car 0 1 0 430.6356359776101 425.82773011022925 526.660397020291 472.6732247256225 1.6842359891565 1.8733207579646 4.3450835743966 -5.900186348451409 0.268781865971154 45.34566094021309 2.0214005238659896
Car 0 1 0 532.2498120386169 421.6679550428724 627.6835288202034 459.37153574691 1.6623154638169 1.9995134813979 4.6656001198925 -2.1865903395927475 -0.2773696786882422 55.032301908155674 2.34686066359409
Pedestrian 0 1 0 497.7888790902946 419.51570326684737 539.9639479685154 485.4390847227892 1.7862088255856 0.80839982947212 1.0440039425521 -2.9378581096851804 0.615238861956085 30.890573556330214 -3.0672753190199966
Car 0 0 0 22.948003306937835 434.90016726191897 118.62678356521307 465.7490703127951 1.6127121372672 1.8362959101859 4.4516536921533 -31.44861871177939 0.12222278754973864 63.14971670138589 3.0775321355259897
Pedestrian 0 0 0 503.6951367895553 441.6892642528679 537.0878578523034 491.7122032826604 1.3342110593601 0.45079864318959 0.83776809478314 -2.849842096262985 0.7883396008933727 30.324907814402597 -3.0688044874097966
Cyclist 0 0 0 153.37399131382853 441.7390474143811 228.3338552481653 502.7904236894753 1.5699931455197 0.78509996351847 1.6407321913083 -11.554939724739894 1.044165656299064 29.630465428090428 -2.9741118677775966
Cyclist 0 0 0 850.9094512088702 430.7545912940584 959.4173047532892 583.8783030652077 1.7561041669201 0.77809222087368 1.6829625622726 3.49230771245608 1.38973285368212 14.042765462763109 -1.6423800649800435
Car 0 1 0 598.1857546228449 416.0888767988291 667.1889574373755 445.5564631654539 1.9177653621784 1.9375363111417 4.2594711962291 0.5207575339867347 -1.1866767515422882 75.4611444523782 -2.726838055683497
Car 0 1 0 808.6535689390307 409.02427926986815 898.0024614101864 447.326831089124 2.0640632686538 1.8681774015511 4.583883598767 12.868851059028094 -0.9046114869633395 62.80946264891905 3.0684715205275896
Car 0 3 0 542.7299206821357 418.291043507436 618.4118759288352 452.4012524555973 1.850075455401 2.0515827773642 4.1816021996196 -2.5934192865948944 -0.6387266289271593 64.16737046526931 3.0469999920134896
