Cyclist 0 0 0 547.9989515977807 429.6600630808836 598.9715639011723 476.2164008300552 1.7305637206954 0.96167222920019 1.7132258289391 -2.001630284013119 0.4922311663234038 43.184271802828825 -2.5768304496789964
Cyclist 0 0 0 726.002290040073 432.6190686397946 750.502183562496 473.5900144317472 1.5599157753409 0.92160816186846 1.9965695767987 4.589706706866332 0.3971397901565179 45.177011593749384 -1.4683054083915155
Car 0 0 0 491.194593107362 429.41161646343375 559.8725898383975 485.8362486383122 1.6294513428238 1.8233836221706 4.1799318904676 -3.2351354758986037 0.6142496743842827 36.88996771931622 -1.5205667281436035
Car 0 0 0 -315.91525384691056 440.51676272241775 207.63463385839844 720.603841211318 1.7746451105013 1.9435428632242 4.5258956761711 -5.584170510074971 1.6765013492447565 10.087778999649341 1.590125010149789
Car 0 0 0 350.1002069543012 434.50655750385744 441.3175078672403 500.94170628771326 1.6047471206739 1.8875358957952 4.0167140951606 -6.40021002252389 0.9010793573429541 31.460611443607743 1.5606693691876035
Cyclist 0 2 0 744.4825427315815 428.5045122675959 778.4354828534186 467.4952993653184 1.61125022884 0.77242973238162 1.6715068681361 5.944091125014331 0.17653279851020404 48.38296404806995 2.21536907385359
Car 0 1 0 916.4258205582726 415.35123385714695 1003.3245651459588 448.7724723397905 1.9293677751382 1.8982798276641 4.6952281729446 20.42098090274352 -0.887779534550629 67.88167997472078 -0.08614019826639652
Car 0 1 0 739.2876570010495 417.0245764358294 815.2108128117077 450.9861018098429 2.1924548685338 1.9995134813979 4.7524269476852 10.425545828038024 -0.8543368323046681 76.2422720297448 2.9193169911391896
Pedestrian 0 0 0 655.4075213858404 430.47114419230417 673.5369898403103 469.0320117805399 1.6088629626203 0.73053340801723 0.75954097183439 1.6846858609633246 0.2715709080355405 47.46663299223443 -3.0672753190199966
Car 0 1 0 634.6661093539852 423.9459707215742 711.5383922128752 453.2811164728572 1.6842359891565 1.9498964136309 4.9031388452162 3.109812736142307 -0.6942768794986591 71.2735346740089 2.4706149795032895
