Cyclist 0 0 0 700.9493512500261 421.7016319241518 736.7762336483687 469.3195948021867 1.5599157753409 0.70249588349494 1.838027992028 3.2345578367460712 0.18552374692187534 38.47276275221802 -1.7631265309951665
Car 0 0 0 431.1971436178565 430.6578252995583 515.0334049798815 500.6217529076607 1.5918551469232 1.8233836221706 4.1799318904676 -3.9740133473002786 0.8243315502949051 29.704583468740903 -1.5808689970850935
Car 0 0 0 -104.82123453209488 448.2174253538167 226.19902821289497 629.2240694726266 1.6047471206739 1.8875358957952 4.2835019751762 -6.426769676325659 1.5458423244223176 13.353876460043708 1.5606693691876035
Cyclist 0 2 0 686.061186152636 420.034839252007 738.5777815309655 466.3574117627881 1.61125022884 0.90531867250772 1.6715068681361 3.1736647846629444 0.10268177376690715 40.420515309748104 2.7190996758193897
Car 0 1 0 538.4632186138323 421.1766209915109 620.3129086279208 456.3845267039199 1.6842359891565 2.0303059189719 4.3539211324891 -2.387635676871223 -0.43493216644387916 59.12163567835971 2.25336943742159
Car 0 1 0 635.4114175750913 418.4539407790117 726.592397598681 448.9264324301012 1.6623154638169 1.9995134813979 5.1562470346032 3.3717649868372623 -0.9028195485569085 66.74257299351953 2.7001627860513895
Pedestrian 0 1 0 584.987191739018 425.8382461073599 613.2646517385683 473.65256370827234 1.6586224809009 0.98808850838917 0.93670698200582 -0.9196746059294852 0.37780183344963136 39.76008151166224 -3.0672753190199966
Car 0 1 0 323.1398637636114 426.6565855418349 396.45297171449386 453.253662683666 1.6127121372672 1.8362959101859 4.4042759458587 -17.241043345754367 -0.6486688837148954 72.37068844254713 3.0775328176959897
Car 0 2 0 724.106264999384 417.0560399122801 805.2002807919652 444.57681522843495 1.7148062612891 2.0515827773642 5.0328901497092 9.225989329195098 -1.2318842473336353 73.71252206550345 3.1076041814204896
Pedestrian 0 0 0 597.4355702412106 437.7346458103653 616.8148122330422 473.0417583878876 1.2141320640177 0.51964238650603 0.64554787454448 -0.6297101495759844 0.3671591472324969 39.15051977613128 -3.0688044874097966
Cyclist 0 3 0 394.5778982115074 432.8410458924991 451.2215136034041 481.3669404921392 1.5699931455197 0.89030752912213 1.7132258289391 -6.7740426332537025 0.6080246219046023 37.33023511363097 -3.1091221620434966
Cyclist 1 1 0 1048.648172865047 438.8531741373832 1229.6977302369671 633.2880763346027 1.5510811196253 0.72596904743165 1.6271930176039 4.591669423434379 1.3740188543392244 10.097962656398375 -1.6423800649800435
