Cyclist 0 0 0 684.5150404286135 426.4326445098195 702.5825728880372 457.2033457528008 1.5451081979003 0.82843617112474 1.7132258289391 3.6003869745497856 -0.30734732201847675 58.55254373431996 -1.5433296565164756
Cyclist 0 0 0 717.1471126981961 427.4566861012608 734.6418756634465 457.3966564104034 1.5599157753409 0.75601909066942 1.7849482955636 5.5137935046288975 -0.3089285867116054 60.85919216069124 -1.557720596430685
Pedestrian 0 1 0 932.1725396113474 431.713343005509 966.4439558379354 495.59413994566 1.3781317618848 0.68510691827417 0.55249573406015 7.209304905763909 0.7144159276986248 24.74390361731048 0.0424348794959033
Pedestrian 0 2 0 187.38233024110707 441.0178835615848 215.79651733754952 487.1767780235616 1.3848991530925 0.62281589011432 0.60762013711964 -13.073201119041785 0.7480145842339184 34.33589448078207 -1.5821570750660976
Pedestrian 0 1 0 196.7944841305257 439.423217601329 224.57605623229284 487.2585799631948 1.4133931431354 0.57294134860293 0.67535813261605 -12.616430183925443 0.7374694740517661 33.866743091971315 -1.5774392637166537
Cyclist 0 0 0 54.04350812407301 448.8805080569046 147.9541803528325 560.0493593935257 1.6098981710928 0.63811580726179 1.7297401278937 -8.336626807590438 1.4404433238482663 17.801932229744494 1.59988794168099
Pedestrian 0 2 0 168.8260337907218 437.8052886584262 193.801648512068 484.9252023824767 1.4036832522162 0.51206350666118 0.53049757740717 -13.52469668705237 0.6741968103143084 33.89686764577911 -1.5533632725328435
Pedestrian 0 0 0 70.08450871744594 448.8496884511953 104.436101611313 497.28812097114303 1.296093383934 0.62064911283151 0.5872839224717 -14.855493274454174 0.9451904289795401 30.724114409218785 -1.5430625388432115
Car 0 0 0 569.977712787244 418.0158490717647 606.3333268114505 449.8490487625223 1.6294513428238 1.8233836221706 4.1799318904676 -2.037266652403633 -0.7944122982012063 62.33876549134746 -1.5205667281436035
Car 0 0 0 511.7151110535168 418.5204794477701 549.5189441623097 449.55350852301854 1.7641308130892 1.8860133527681 4.0669640303576 -5.800963278749758 -0.8788255582678757 68.64619727769892 1.62702266703179
