Cyclist 0 0 0 685.1582084037293 425.420055990681 703.6745388482245 456.89467846310527 1.5451081979003 0.82843617112474 1.7132258289391 3.5622448919716287 -0.3171260740067141 57.20998508289721 -1.5433296565164756
Cyclist 0 0 0 720.6344657470576 422.8922122789325 738.5843672697706 457.82639822403735 1.799902817701 0.75601909066942 1.7849482955636 5.60779054675446 -0.2812671544472486 59.694323349532574 -1.557720596430685
Pedestrian 0 1 0 962.028020480538 427.72031270607215 1000.9160199878692 498.1251946263962 1.3781317618848 0.68510691827417 0.55249573406015 7.187593398576921 0.695516762691291 22.44862208123671 0.0424348794959033
Pedestrian 0 3 0 39.45674374591647 449.4640953387253 80.14941883445942 508.6505988814629 1.303952133377 0.60466359929425 0.54427460698369 -12.85014024309083 1.030831910345988 25.29699948738261 -1.5547169880664402
Pedestrian 0 2 0 153.35219975728847 440.4626111756722 184.63540154819825 490.1119399115245 1.3848991530925 0.62281589011432 0.60762013711964 -13.094345613130004 0.7773914518686876 31.93815528200911 1.5594355785237033
Pedestrian 0 1 0 167.49068437299707 442.9505668820411 193.12533835964427 492.477301408974 1.3551078708013 0.60936964381175 0.46407402040481 -12.535289258597347 0.829240971706443 31.350510096175444 3.1157258703557895
Pedestrian 0 1 0 134.2175296706505 437.0726477613091 162.52259044405344 491.78682623752377 1.5116588870021 0.51206350666118 0.53049757740717 -13.44821150853721 0.8158071509645305 31.38466554870206 0.03242775185510349
Pedestrian 0 1 0 23.839084347218886 446.3704778087304 60.119317576553726 498.96831102223086 1.296093383934 0.56720102853878 0.5872839224717 -14.825382032629387 0.9103924837300488 28.28491525899607 -1.5430625388432115
Car 0 0 0 567.274796758315 421.96715758436295 605.09668015658 455.2783080936647 1.6294513428238 1.8233836221706 4.1799318904676 -2.0692850154896023 -0.48629413349254613 60.144802631574706 -1.5205667281436035
Car 0 0 0 503.9915364960237 420.183351118125 545.0232251890839 453.7207437706268 1.7641308130892 1.8860133527681 4.0669640303576 -5.741753819496718 -0.5927563741063782 63.86416138740301 1.62702266703179
