Cyclist 0 0 0 710.0422340568098 427.8907250722673 746.5010504733017 472.3848625940408 1.5599157753409 0.84723286733251 1.7225943909863 3.823148097926487 0.3174228360555947 41.295569659193944 -1.7631265309951665
Car 0 0 0 456.3610800200712 428.3695650985709 530.0182070429231 491.3352799664525 1.5918551469232 1.8233836221706 4.1799318904676 -3.794281903293701 0.6704698297368102 32.618897418181035 -1.5808689970850935
Car 0 0 0 185.27583065302383 437.9021940102947 350.2361367815667 542.9687914680937 1.6047471206739 1.8875358957952 4.1304491592162 -6.539007782413064 1.2358073683376791 20.876028835576992 1.5606693691876035
Cyclist 0 2 0 702.9606251131313 430.3296127421538 749.9785269747517 472.8400070182276 1.61125022884 0.83056864368679 1.6715068681361 4.002157125236688 0.37955696792756566 43.90629272227729 2.9527484390496896
Car 0 1 0 580.144374866 423.5946798646635 663.6608396896158 459.01632630308535 1.840413367539 2.0303059189719 4.7452922872306 -0.14692325083225855 -0.32013208880702226 64.3002363535025 2.4029147424476895
Car 0 1 0 676.3153279906024 416.3647358745259 759.4224925918819 450.9901124400179 2.0358509493528 1.9995134813979 4.9853807564305 5.91468812725141 -0.821056418291822 70.67454284231964 2.6763284931077895
Pedestrian 0 1 0 613.3426806686133 428.0221661048685 636.458356162678 472.1800165422716 1.6586224809009 0.90202208341942 0.84587241795249 -0.00042540812627712976 0.35779502208677494 42.936356998440175 -3.0672753190199966
Car 0 2 0 776.8210563160148 418.0082304131586 856.5410132008383 444.27959727164176 1.7148062612891 2.0515827773642 5.1178289018924 13.291193230597514 -1.3088670035299954 77.27802479640175 3.1076041814204896
Pedestrian 0 0 0 623.5616765925992 438.3817897356432 642.8602038258152 471.1827542400686 1.2141320640177 0.61352021830114 0.70813309574123 0.312357299640209 0.3246189535044811 42.31226445522022 -3.0688044874097966
Cyclist 1 2 0 1132.876496704662 445.1138428428564 1385.561246024678 692.839556153847 1.6448277807016 0.80592308031059 1.7203416841101 4.81367121929826 1.553626836546513 8.640809409654231 -1.6423800649800435
Car 0 1 0 406.7873078569077 423.7556816191635 476.6953502423026 451.0696862903114 1.7546962621342 1.8362959101859 4.4730927575128 -12.458200734990799 -0.815873056660313 75.69767197056137 3.1403174255637896
