Cyclist 0 0 0 688.0544437100991 429.054517992787 705.4430925338704 458.57834821660776 1.5451081979003 0.82843617112474 1.7132258289391 3.9355318237802286 -0.24401991317068802 61.1333319199289 -1.5433296565164756
Cyclist 0 0 0 714.4780426417313 427.6429996796713 731.2188093257756 456.4197379066905 1.5599157753409 0.75601909066942 1.7849482955636 5.5613762371457085 -0.37407959020975545 63.29398376961119 -1.557720596430685
Pedestrian 0 1 0 879.7852308587703 432.4005590229714 908.9055784976096 481.71192453803 1.2978509199755 0.62489628684215 0.63093727317955 7.284579032529509 0.505973206919432 30.092374338127744 0.0424348794959033
Pedestrian 0 1 0 185.5647071055327 440.3092798148308 215.2769063446343 488.6704601197826 1.4291928737715 0.65535800067269 0.54427460698369 -12.862090042889958 0.7814544436190655 33.69062798645018 -1.5547169880664402
Pedestrian 0 1 0 249.97452095720087 436.6594115425135 273.20035499527563 475.887593627364 1.3796675115513 0.62281589011432 0.60762013711964 -13.120666931009248 0.47431116185659916 40.13689087519318 -1.5821570750660976
Pedestrian 0 1 0 259.4021405563185 436.8947189818805 283.364789903861 477.8040410750686 1.4276564214437 0.63119600775454 0.66455914295354 -12.687034414437578 0.5374896671149755 39.889412970795746 -1.5774392637166537
Cyclist 0 0 0 272.43904772887646 439.1857117479781 317.92964650526505 507.6243830921649 1.5862578499458 0.59185161579673 1.7297401278937 -8.210473826049967 1.0493148842392142 27.75606518477731 1.59988794168099
Pedestrian 0 2 0 233.8900355094636 436.9738599675957 256.7664594549526 476.979327611289 1.3963045768604 0.56576752884812 0.657499541922 -13.615905249061434 0.5088633909551251 39.86937405200912 -1.5533632725328435
Pedestrian 0 0 0 169.4490444363247 441.98189066526567 196.82400632985517 483.1184292414002 1.3314718748529 0.62027869278628 0.64073200676442 -14.7367529026547 0.6752521883880712 37.0806400985804 -1.5430625388432115
Car 0 0 0 576.1993632621686 421.00047824988354 609.2418861901745 450.284022705622 1.6294513428238 1.8233836221706 4.1799318904676 -1.9498756096437333 -0.8308901034153638 67.99847880252493 -1.5205667281436035
