Cyclist 0 0 0 684.9327466754473 427.4886943987803 702.623112850944 457.62661666308793 1.5451081979003 0.82843617112474 1.7132258289391 3.690925017834988 -0.29043101151783474 59.82079904008249 -1.5433296565164756
Cyclist 0 0 0 716.1606187123846 426.8708058615418 733.1814447175792 456.0291182685869 1.5599157753409 0.75601909066942 1.7849482955636 5.5878935275548365 -0.3913411669957494 62.43232581104359 -1.557720596430685
Pedestrian 0 1 0 899.4341287825667 424.8108441110764 928.2897587765246 483.67214543535226 1.4404719001926 0.62489628684215 0.55249573406015 7.2347641713895765 0.5156023867928965 27.871153644326846 0.0424348794959033
Pedestrian 0 0 0 154.3273504839538 443.9523265784193 182.1038148473048 491.8334243577594 1.303952133377 0.51923112960586 0.54427460698369 -12.787707240762805 0.8086829042546945 31.132912808590852 -1.5547169880664402
Pedestrian 0 1 0 223.2549687790954 440.102179836401 248.44816684541888 482.043282506516 1.3848991530925 0.62281589011432 0.60762013711964 -13.210864072086093 0.6520495742838057 37.74492024628425 -1.5821570750660976
Pedestrian 0 1 0 233.2371604742048 438.7303482793738 257.6515916830017 482.4552585017211 1.4276564214437 0.62331481655932 0.47958104334546 -12.662562944542406 0.6590502474206575 37.09337717694933 -1.5774392637166537
Cyclist 0 0 0 206.2556184307598 446.9219172729581 264.20551584512185 523.8985990063136 1.4958493714515 0.59185161579673 1.7297401278937 -8.255462277005096 1.2139858686475402 23.6349590142735 1.59988794168099
Pedestrian 0 2 0 208.1459538153184 438.3135898526866 230.22137956909484 481.1337211517197 1.4036079296977 0.51206350666118 0.53049757740717 -13.606437420496581 0.6173960361884071 37.27703530185676 -1.5533632725328435
Pedestrian 0 0 0 130.54745318358516 443.4584207772747 161.48837907341306 486.88336719129416 1.296093383934 0.65795656902316 0.5872839224717 -14.723964370132215 0.7371412627614662 34.18081469751302 -1.5430625388432115
Car 0 0 0 573.5382142516154 421.9715525111759 608.0009237669613 452.50018342954536 1.6294513428238 1.8233836221706 4.1799318904676 -1.9885381748760413 -0.6772331421657841 65.43841961406062 -1.5205667281436035
