Cyclist 0 0 0 710.6442061585819 416.8536979104224 763.5312940761254 479.6391314795953 1.5599157753409 0.75074154477413 1.4857895616312 2.912166376485382 0.3957869993246267 29.009210634830396 -1.9344504096835666
Car 0 0 0 300.2093799795913 442.6081886159554 449.4699975408674 545.2481708869237 1.460268461271 1.8834951701542 4.1799318904676 -4.346707456808453 1.204918265167126 19.993059592489264 -1.5808689970850935
Cyclist 0 0 0 563.8552538875089 432.5052823647159 636.6958740918468 501.7070948595229 1.61125022884 0.83056864368676 1.99119757309 -0.6021990325049552 0.8998392091498899 28.079256034767727 2.196225039323389
Car 0 1 0 413.4292579678024 426.3050431850475 514.9341201059271 475.9738162528018 1.6842359891565 1.8733207579646 4.2559746296691 -6.126158237650034 0.36838719471838427 42.84987938933549 2.0214005238659896
Car 0 1 0 517.008922525344 419.4267902879366 611.3390037480671 464.0599713197325 1.8820422200145 1.9995134813979 4.2327018187019 -2.7896173144106258 -0.05098292257099553 51.73001644500517 2.3100930195041895
Pedestrian 0 1 0 481.522314059982 430.0207114953496 514.5317642071501 499.9893141383854 1.8044354462548 0.80839982947212 0.72954656437018 -3.358143818420293 0.9677912494791763 29.49098442647936 -3.0672753190199966
Car 0 0 0 -37.42207522220053 436.3599238000047 54.96715206187992 467.9580647099087 1.6127121372672 1.8362959101859 4.0249092941065 -34.11271582178507 0.24028065995562786 61.5957980035447 3.0775321355259897
Pedestrian 0 0 0 499.6658298747172 446.94786377913465 529.9511079753827 499.9857906825442 1.3239529531712 0.57356297122692 0.68608265800702 -2.8299799110286754 0.9482836648180557 28.597980417384413 -3.0688044874097966
Cyclist 0 0 0 107.64349402226026 446.6198296458047 184.38450409025137 510.7551197361191 1.5699931455197 0.78509996351847 1.5630951676288 -12.164802056102928 1.1940353109905115 28.276428416505254 -2.9741118677775966
Cyclist 0 0 0 832.2006412701364 429.64314571604535 937.6469645887892 567.5711705165614 1.6390305557921 0.82033601498906 1.6829625622726 3.3562532829832503 1.2434356162824256 14.54345323221341 -1.6423800649800435
Car 0 1 0 789.6415788299996 419.0071252236832 877.4260233035983 453.0947403401937 1.7527923253275 1.8681774015511 4.3639357882165 11.385253434923023 -0.5672406973833788 60.85813474261479 3.0684715205275896
Car 0 3 0 491.9544723142542 421.4315331411663 569.8099857730831 456.5505744273216 1.850075455401 2.0515827773642 4.1816021996196 -5.342200398534386 -0.401813520008437 62.79311011819357 2.9951738137081896
