Cyclist 0 0 0 698.8887992244437 431.1918541874245 758.7512748105555 497.4310494739338 1.6541963991252 0.75074154477413 1.987895710093 2.7735519973413405 0.8556941515593739 29.914464660942564 -1.9344504096835666
Car 0 0 0 317.47041208966374 440.7169176879277 454.529412755052 537.8130910407751 1.460268461271 1.8233836221706 4.1799318904676 -4.358851123903386 1.1492033376170416 20.924484512619635 -1.5808689970850935
Cyclist 0 1 0 585.140288358644 431.25178922764457 651.3491579589148 495.1405968668144 1.61125022884 0.64784635101339 1.8419062748254 -0.16762974447446502 0.8106392478270318 29.959652029274167 2.3979540487629896
Car 0 1 0 424.1737861158139 427.5823105768428 523.2116141370943 472.92524883006297 1.5813062771804 1.8733207579646 4.4115899556374 -5.985137619033461 0.26812145150453387 44.50638381281236 2.0214005238659896
Car 0 1 0 526.841154198476 421.9740650637283 621.4329833413553 460.80687274098113 1.6623154638169 1.9995134813979 4.6656001198925 -2.401665174617115 -0.2098440213684412 53.59983642778044 2.2625242041863896
Pedestrian 0 1 0 489.90617586913896 430.41691305980754 526.6133665987423 493.9398398982064 1.6950757222394 0.80839982947212 0.87300894468414 -3.198408154630169 0.8393313274819665 30.54909306243604 -3.0672753190199966
Car 0 0 0 4.71059578040331 440.1857463863983 94.0845789102259 471.3902677654052 1.6127121372672 1.8362959101859 4.0249092941065 -32.393213645511864 0.4358414697140187 62.61917051732394 3.0775321355259897
Pedestrian 0 0 0 496.7566693530479 442.29816522123343 529.1334960675623 493.2460668403232 1.3208689487665 0.69824918965089 0.75799330009669 -3.0017641794344665 0.8054432685642366 29.834704515340686 -3.0688044874097966
Cyclist 0 0 0 138.65996316255354 444.5342316228485 212.44898329585897 506.6867650133386 1.5699931455197 0.78509996351847 1.5630951676288 -11.763895711279442 1.126923796600244 29.1398871544759 -2.9741118677775966
Cyclist 0 0 0 842.7138724243774 430.4071685295021 948.8172658978194 578.7908238854616 1.7222539792012 0.77809222087368 1.6829625622726 3.414824707682789 1.346589061932056 14.206235203057954 -1.6423800649800435
Car 0 1 0 591.1580172640532 416.3854583077437 660.5189829826563 447.35378443274726 2.0069851465421 1.9375363111417 4.2594711962291 0.05591472049038215 -1.0627075739818426 75.11810072006335 -2.726838055683497
Car 0 1 0 797.629616476914 417.3357243111989 887.6530049348912 449.5720184892168 1.6912040593423 1.8681774015511 4.583883598767 12.133231479623571 -0.7723418721463816 62.1313218343273 3.0684715205275896
Car 0 3 0 512.2947768566052 420.8803826511536 587.574429136979 455.2118064210188 1.850075455401 2.0515827773642 4.1816021996196 -4.347239148725847 -0.47819342873979626 63.94760470349458 3.0469999920134896
