Cyclist 0 0 0 713.9511764093199 430.83354711361966 769.8689151641473 502.5181192057823 1.6713383307224 0.75074154477413 1.4857895616312 2.8828456869789867 0.9229996717427509 27.54149533613524 -1.9344504096835666
Car 0 0 0 279.4426967735062 439.6316011116613 441.5625696154942 551.6570759144334 1.460268461271 1.8233836221706 4.1799318904676 -4.2070172836445545 1.1782087425518057 18.378791531308675 -1.5808689970850935
Cyclist 0 0 0 521.6596295193908 427.94598736064 612.1328124838312 507.2167998291068 1.6997804611938 1.0164821316298 2.1308805939293 -1.327741501269217 0.9371147792257861 25.96222619933502 2.196225039323389
Car 0 1 0 399.42537702157335 428.50562863324666 498.4945657688824 477.6849893820364 1.553501098308 1.8733207579646 4.0457024529263 -6.285842352462603 0.4031365775332103 40.15811705793039 1.92128833610459
Car 0 1 0 509.7218014816683 421.8318662852354 613.3706050408438 465.2338233082031 1.7611925041058 2.2851582644547 4.4723159822793 -2.8461441024873624 -0.01332393740050318 50.68563640939062 2.2869843387991895
Pedestrian 0 1 0 464.55065985806175 426.2547465164688 502.6427857431347 501.6596094797347 1.8226620669241 0.75710133011172 0.79606119564354 -3.4970604348441703 0.9459843947023341 27.585929405274157 -3.0672753190199966
Car 0 2 0 448.0442337252896 415.5441935876992 524.754114628135 448.7333903335479 1.7148062612891 2.0515827773642 4.0938762793479 -7.625419154407472 -0.8095842852351257 61.146925461382004 3.0469999920134896
Pedestrian 0 0 0 473.926894320088 437.82189146855046 506.7431505110062 500.28283038402697 1.4777279996799 0.5832085878555 0.68627843832924 -3.2637298340587413 0.9004169030165534 27.000125402977677 -3.0688044874097966
Cyclist 0 0 0 53.410827570184665 446.42409660590647 135.89855309771332 514.5642426165434 1.5699931455197 0.78509996351847 1.5565114217515 -12.688224661829556 1.2120612700769524 26.641015538911123 -2.9741118677775966
Cyclist 0 0 0 813.0899803093662 429.07944680417006 913.9218420658044 569.5773885740172 1.7110758549478 0.82033601498906 1.6829625622726 3.145245361142091 1.2984056869228182 14.856180310527025 -1.6423800649800435
Car 0 2 0 773.839369492775 413.89390520079 870.9289256504778 449.0820265928758 1.763057036325 1.8681774015511 4.7460978294206 10.464115186974368 -0.7650383372797614 59.12179456681178 3.0684715205275896
Cyclist 0 3 0 289.0837047738266 429.98109126404256 302.7419325089354 453.3289242835697 1.532656412591 0.68073502428016 1.9024166953092 -22.785042533744846 -0.6586888301611963 76.92239833155769 1.4196886612287032
