Cyclist 0 0 0 504.3449605324548 419.5409494708324 557.2868852181302 467.1952695095404 1.7305637206954 1.0151957542588 1.7132258289391 -3.5155963372472994 0.15160003867682265 41.58005389388869 -2.856083956250097
Cyclist 0 0 0 713.1277346564143 419.5478214548429 749.1671954933603 467.3933827094168 1.7570479887082 0.90403218279235 1.9965695767987 4.090819989317611 0.135690233749947 43.00578115746269 -1.6996093730254767
Car 0 0 0 471.5620431362863 420.5264139852453 547.2602258789784 478.9507480484016 1.5918551469232 1.8233836221706 4.1799318904676 -3.500668760452141 0.3599929773531907 34.36808629254865 -1.5205667281436035
Car 0 0 0 271.0342137391028 429.021889485463 394.41757689796486 511.7302489377865 1.6047471206739 1.8875358957952 4.0167140951606 -6.557463371728012 0.9162057442096943 25.408109923663936 1.5606693691876035
Cyclist 0 2 0 723.1356988953273 422.4544070684198 770.2692978982523 463.4506833830599 1.61125022884 0.95451096898218 1.6715068681361 4.983537854038951 0.007892404683244786 45.568634901785956 2.84664735280189
Car 0 1 0 598.3697130881535 417.05309482289806 677.7672341637403 448.015458590728 1.6842359891565 2.0303059189719 4.6797654048428 0.8113143116986005 -0.9610570260471628 66.56523538645223 2.4029147424476895
Car 0 1 0 702.1105514998877 415.0122109845148 787.4124673512176 442.2260765261056 1.6623154638169 1.9995134813979 5.2743178706462 7.925971103293843 -1.4085953450555153 73.60916640900322 2.8252572855257894
Pedestrian 0 1 0 632.3585406824891 416.5421805769585 652.003633689355 464.7303557197501 1.9046818599356 0.85493220371863 0.75954097183439 0.6956385287653633 0.07879848715910032 44.81643681270154 -3.0672753190199966
Car 0 1 0 454.1331415141867 418.2569993315901 519.7430403819138 444.7289069482019 1.7546962621342 1.8362959101859 4.3813370086407 -9.624367737348743 -1.2725583953388544 77.64955787075691 3.1403174255637896
Car 0 2 0 810.2755098108868 409.8663629869256 885.8309584043737 438.2488163854876 1.917710052457 2.0515827773642 4.8605314001497 15.829882673729188 -1.7627367594520602 79.02958783867405 3.0536347780715896
Pedestrian 0 0 0 640.061555154012 428.3266665100496 658.6656077181989 462.6682272938874 1.3342110593601 0.61352021830114 0.72147520633483 0.9678576389699116 0.0033494781493772774 44.16191654366061 -3.0688044874097966
Cyclist 1 2 0 1212.743369569704 445.5004150504882 1526.6028561542123 732.9995668363185 1.6448277807016 0.80592308031059 1.7203416841101 4.927818433803827 1.5728694275569615 7.571713468724758 -1.6423800649800435
