Cyclist 0 0 0 693.990781987296 431.8462088629481 747.7364939408506 488.7545862993748 1.5599157753409 0.75074154477413 1.6803299581278 2.788464751876048 0.7045196539108441 32.489217033100964 -2.0424537306280666
Car 0 0 0 348.903935462627 432.87833723398376 466.72289537258047 516.625927085149 1.460268461271 1.8233836221706 4.1799318904676 -4.477789743975588 0.9185541966917745 23.53137034773925 -1.5808689970850935
Cyclist 0 2 0 617.6664743874641 431.4433977474614 676.6395173272065 487.40974364490086 1.61125022884 0.63123523349763 1.6715068681361 0.6735090874112651 0.708868181994971 33.629094996911284 2.7130611364434896
Car 0 1 0 450.3393028200744 422.0404317494588 545.314071067152 465.23214371222025 1.6842359891565 2.0303059189719 4.7260999391324 -5.53589431880163 -0.021723197259793534 49.03627348143367 2.0214005238659896
Car 0 1 0 555.9173311482675 419.2438619265827 650.4122948795709 456.1541488204158 1.7468257546621 2.1972675619757 4.6656001198925 -1.1173821547260503 -0.4485471448082623 58.438423212857955 2.4345605228263896
Pedestrian 0 1 0 515.1316469827027 420.9219268967953 550.9203080929478 482.6271567978971 1.7953221359202 0.80839982947212 0.94995669372473 -2.7333138526897574 0.5799303444773587 33.146273670880774 -3.0672753190199966
Car 0 0 0 101.42319545835367 434.5807649858295 188.31910200576212 464.3160016765423 1.6127121372672 1.8362959101859 4.2902879288828 -28.207080770592754 0.047751883553125374 65.37696069184882 3.0775321355259897
Pedestrian 0 0 0 526.3868897946969 438.3662979502328 547.6410581474864 482.08848782215625 1.2608294510953 0.40698898835187 0.56418708698871 -2.585241378801122 0.5720024053622657 32.676780873753735 -3.0688044874097966
Cyclist 0 0 0 215.47975343029384 436.7850655881504 281.49844254286234 494.6151256596556 1.5872458174485 0.78509996351847 1.5630951676288 -10.711905285923194 0.8818595788986225 31.660576137547757 -2.860140098296297
Cyclist 0 0 0 882.2212038004681 432.2544705850811 1013.4273136477912 592.0250822761274 1.7290871797367 0.92172112086596 1.6829625622726 3.8178999345312614 1.4023465909744113 13.341060508594008 -1.6423800649800435
Car 0 1 0 648.8385257007166 415.04405712003967 713.3192305369681 443.8209848934994 1.907119558271 1.9375363111417 4.2594711962291 3.8709346294455234 -1.300963366896064 76.4293318616023 -2.963092053319497
Car 0 2 0 839.9946381182082 409.03819386483946 918.7239156683293 442.0808335917364 1.8451747243053 1.8681774015511 4.0980265910894 14.866307407148032 -1.23411717379891 65.09404952769408 3.0684715205275896
Car 0 2 0 589.7235145812169 417.0673696035978 661.7695249964445 449.6796713307913 1.850075455401 2.0515827773642 4.0938762793479 0.017189280304089435 -0.8230930891624867 66.92881536054115 3.0469999920134896
