Cyclist 0 0 0 714.3591019656903 427.4883058588557 780.4333881851068 502.2183140035839 1.6834852918662 0.84723286733251 1.6064037148292 2.9234928185652937 0.878178425065911 26.700605638349664 -1.9886284191892365
Car 0 0 0 261.9989973649754 441.65081830830695 435.4333211126001 560.8011252865391 1.460268461271 1.8233836221706 4.1799318904676 -4.166149949971099 1.2319163153266703 17.477396546907688 -1.5808689970850935
Cyclist 0 0 0 497.67457311353473 431.3650891838593 585.3191859706131 513.9002744153196 1.6491196360495 0.7854031576507 2.0501452578068 -1.7894039053130357 1.0151319972040524 24.22431607377386 2.196225039323389
Car 0 1 0 389.7294861988941 427.9688281044826 494.09576293024026 475.8463535999125 1.4480751653727 1.8443513737886 4.0457024529263 -6.301486792675628 0.3219368021372845 38.719747067522896 1.9443221467314897
Car 0 1 0 497.63625240925467 420.30468807828254 599.8280924133368 465.2685280567068 1.7282334906762 1.9995134813979 4.4723159822793 -3.2291668241414566 -0.016142532744484447 47.90430524124554 2.22059153588469
Pedestrian 0 1 0 447.1407557921775 427.37750487059577 491.92700714561744 501.3129108546472 1.7224156532432 0.75710133011172 0.91575769415113 -3.7126831567897014 0.9038244310307231 26.639435388332952 -3.0672753190199966
Pedestrian 0 0 0 465.9583951207874 444.8730802714061 501.270575465484 503.49493621166624 1.3323191645657 0.4734586785602 0.72895895861075 -3.2896735714636094 0.9423505978514404 25.910970024891004 -3.0688044874097966
Cyclist 0 0 0 22.93652121554976 448.5233358660092 102.35398340283588 519.0277863317093 1.5699931455197 0.69607817723846 1.4417018227015 -12.962288684503868 1.272504729795563 25.665295295680433 -2.9741118677775966
Cyclist 0 0 0 799.40488942333 428.5096616740121 902.3623765987984 562.06468513005 1.657041880581 0.89637484439673 1.6829625622726 3.0336389910532375 1.2282518552468873 15.137105100433047 -1.6423800649800435
Car 0 1 0 762.9652243156952 408.5881955230934 859.8616342916882 449.53535171331225 2.0196748112634 1.8681774015511 4.6045573462595 9.667185458811005 -0.7322350451354308 57.812473716508464 2.99995506853859
Cyclist 0 2 0 286.4113106265156 430.4654940425826 302.49871516145754 454.2215462973747 1.532656412591 0.82389523864306 1.9024166953092 -22.537351653658227 -0.5906104089315933 75.75611003115911 1.4196886612287032
Car 0 2 0 416.9080796964903 422.39601018077775 511.32662195469294 456.8018993228498 1.7148062612891 2.0515827773642 4.9203637040325 -8.637610332540596 -0.3742666420159322 59.84668797433565 3.0469999920134896
