Cyclist 0 0 0 514.3306891095898 420.67074496879695 567.6169507115873 468.2927618423108 1.7305637206954 1.0151957542588 1.7132258289391 -3.1732212486914153 0.1817871149992476 41.98876370849657 -2.5768304496789964
Cyclist 0 0 0 716.5319387857229 420.922100922861 746.2467727302217 465.8489584813133 1.6884802623195 0.68365059875064 1.9965695767987 4.199288803522962 0.08272001609285351 44.020120562046856 -1.6974975843081466
Car 0 0 0 482.48779154480354 416.1974563056871 555.6310373475558 474.2082055127693 1.6294513428238 1.8233836221706 4.1799318904676 -3.26657770414301 0.22913020662192984 35.01628467780859 -1.5205667281436035
Car 0 0 0 295.4738520027285 423.3016939785077 409.09190150431806 500.2277448781306 1.6047471206739 1.8875358957952 4.0167140951606 -6.4786403457348145 0.72431543198592 26.867256132103428 1.5606693691876035
Cyclist 0 2 0 728.0580737038282 420.9290336826215 773.103399331375 461.17100093910943 1.61125022884 0.83056864368679 1.6715068681361 5.230230118176527 -0.0839580826628343 46.32207248800555 2.7698477353128896
Car 0 1 0 607.128746405186 416.5054323827694 685.1056581944406 446.94758525413545 1.6842359891565 2.0303059189719 4.6797654048428 1.311934469991301 -1.03662657178479 67.57947824712205 2.4029147424476895
Car 0 1 0 710.7470227219825 415.10873288073816 791.9581438723691 441.8565288861965 1.6623154638169 1.9995134813979 5.0207206041225 8.449862284676072 -1.44054618838506 74.44649929426119 2.8865536254771897
Pedestrian 0 0 0 638.0781581033251 420.157052686669 661.7423212065222 460.710005378028 1.6088629626203 0.69736039583018 0.93633909959486 1.0100428467057507 -0.07800095251987542 44.989319839460244 -3.0672753190199966
Car 0 1 0 471.7102726812406 412.6793660458762 541.0364718451885 438.8356517213585 1.7546962621342 1.8362959101859 4.7165983987502 -8.332777104658255 -1.6942669091457676 78.28973011297882 3.1403174255637896
Car 0 2 0 818.6343676501928 409.8589973477368 894.871684657211 435.1949823337792 1.7148062612891 2.0515827773642 4.9334012194141 16.548452944325415 -1.9884244431081506 79.50526908386583 3.0536347780715896
Cyclist 1 2 0 1237.260530947537 444.8403010659634 1581.8957918090855 758.5821686642238 1.6711684391114 0.80592308031059 1.7203416841101 4.854514766544152 1.6014858361711761 7.102937371933718 -1.6423800649800435
