Cyclist 0 0 0 693.4219130443141 429.2890125510255 710.6535039093479 460.9086166977042 1.6894314911108 0.82843617112474 1.7132258289391 4.301857828083415 -0.11865445174142876 62.21792439402255 -1.5433296565164756
Cyclist 0 0 0 713.7974359478942 430.05698102893206 729.2617329493704 458.41646522938953 1.5599157753409 0.6997324858437 1.7849482955636 5.577394638802346 -0.2650744420043382 64.33902582031865 -1.557720596430685
Pedestrian 0 1 0 866.1530146886236 432.8357159765639 890.6258747325138 483.1851076317089 1.430588231159 0.69126494243391 0.55249573406015 7.397044486834666 0.5885345710609181 32.479960198687564 0.0424348794959033
Pedestrian 0 1 0 221.0609917701232 445.4568932755863 248.8090689471303 486.81315276164537 1.3113192357532 0.65535800067269 0.64004693787359 -12.773253213417517 0.7822287080406879 36.4096609248359 -1.5547169880664402
Pedestrian 0 2 0 278.3122593432193 438.8185377219453 299.6676729271176 477.5836387351005 1.4561119956466 0.62281589011432 0.60762013711964 -12.946410079239657 0.5727833266199358 42.83162407556118 -1.5821570750660976
Pedestrian 0 2 0 283.2255557849221 439.2035962456479 305.814698725994 477.6543668936295 1.4276564214437 0.66799191965614 0.58360813677002 -12.585126418076525 0.5692362629627301 42.333025933636506 -1.5774392637166537
Cyclist 0 0 0 325.4708220097072 441.4937707945756 367.5943935691072 498.0176925170336 1.5289324887363 0.76919768307946 1.7297401278937 -8.094750107272738 0.9660613241210485 32.39253350053486 1.59988794168099
Pedestrian 0 2 0 261.77299046164853 439.6065399843062 281.4297131291131 477.6893147157816 1.4125409967629 0.51206350666118 0.657499541922 -13.468882505582858 0.5694891612729225 42.365932272352325 -1.5533632725328435
Pedestrian 0 0 0 206.4330082408647 440.4188718310828 231.23455917007243 478.6195184994816 1.3314718748529 0.62027869278628 0.64073200676442 -14.571799559206548 0.5680684927934995 39.882623565116745 -1.5430625388432115
Car 0 0 0 579.131290064964 425.3662591996598 610.6333470045807 453.618528361988 1.6294513428238 1.8233836221706 4.1799318904676 -1.9018335530898658 -0.6559820430873843 71.03022306715494 -1.5205667281436035
