Cyclist 0 0 0 691.511461390231 432.52547405034966 708.7178417341851 461.6773542789711 1.5451081979003 0.82843617112474 1.7132258289391 4.18569387840686 -0.07612809291851518 62.095713166644856 -1.5433296565164756
Cyclist 0 0 0 712.6168045033218 429.5020472007343 728.1274458044418 457.98894907991945 1.5599157753409 0.6997324858437 1.7849482955636 5.483196087608321 -0.28833610207355215 64.02208632146274 -1.557720596430685
Pedestrian 0 1 0 870.7845429239765 431.14466758345566 895.8932177310675 485.5212526231103 1.5167500329089 0.69126494243391 0.55249573406015 7.392486325250497 0.6426419657614875 31.840265410458503 0.0424348794959033
Pedestrian 0 1 0 209.66084427740145 444.6317951923385 238.3619338515097 486.4014088215543 1.2892179286247 0.65535800067269 0.64004693787359 -12.786042530038829 0.7479130700490245 35.454278049082106 -1.5547169880664402
Pedestrian 0 2 0 265.7726656790732 441.9370118642888 287.7183258478839 478.5941785648432 1.3441014323443 0.62281589011432 0.60762013711964 -13.137539792113506 0.5981006359915931 41.932702727159146 -1.5821570750660976
Pedestrian 0 2 0 275.9811249752196 439.430562082137 299.1601217668183 478.69491035765975 1.4276564214437 0.66799191965614 0.58360813677002 -12.585844068651681 0.5956309530477895 41.465210207216195 -1.5774392637166537
Cyclist 0 0 0 305.4523302445299 443.4951526502536 350.4829410843577 501.4533562843422 1.4958493714515 0.76919768307946 1.7297401278937 -8.271573535983261 1.0154903026619404 31.035688230773157 1.59988794168099
Pedestrian 0 2 0 254.44585639318345 439.65595811114855 274.50542485507907 478.2757201428146 1.4125409967629 0.51206350666118 0.657499541922 -13.550792556565879 0.5831702206037169 41.78222304845534 -1.5533632725328435
Pedestrian 0 0 0 193.52334095851336 441.6655256349776 219.2467733118828 480.9542962135279 1.3314718748529 0.62027869278628 0.64073200676442 -14.611830359205936 0.6329281655356079 38.80487371865669 -1.5430625388432115
Car 0 0 0 577.0992978626239 426.2777359677072 609.6806514184863 455.4975119456139 1.6294513428238 1.8233836221706 4.1799318904676 -1.9344103441652343 -0.5265118257382069 68.87313615835639 -1.5205667281436035
