Cyclist 0 0 0 702.9854093861086 430.8661884907589 754.798451797436 498.0937546318012 1.679909296521 0.75074154477413 1.4857895616312 2.7405936763990755 0.8786276556007004 29.454765555331125 -1.9344504096835666
Car 0 0 0 305.8296458678431 441.8069337784101 454.52584394071056 542.2068931181366 1.460268461271 1.9436067181379 4.1799318904676 -4.333523429343263 1.1824888220501142 20.365841342370647 -1.5808689970850935
Cyclist 0 1 0 577.761248411516 432.3506820210891 641.6331961088734 499.87403785302814 1.6643683682523 0.64784635101338 1.680499294823 -0.3886010769370427 0.9132172243952348 29.16245193656718 2.3979540487629896
Car 0 1 0 420.2043633933832 427.6970279688285 519.264222233638 476.4685155004185 1.6842359891565 1.8733207579646 4.2559746296691 -6.036457650234362 0.39779329741843117 43.72512590948918 2.0214005238659896
Car 0 1 0 524.5527063067477 421.8883115457938 619.7770893376709 463.6922446205447 1.7721788419157 1.9995134813979 4.6656001198925 -2.4598526548055055 -0.07829761224287654 52.8808745957526 2.24639498144189
Pedestrian 0 1 0 481.1197271124742 433.0661037638559 518.6888838709232 496.4018352890957 1.6586224809009 0.80839982947212 0.87300894468414 -3.3691356045509693 0.8900841859688475 30.027398181357306 -3.0672753190199966
Car 0 0 0 -14.04723878081495 438.7281401142389 76.75827233322707 470.1511005824306 1.6127121372672 1.8362959101859 4.0249092941065 -33.127762998937854 0.3633665074434623 62.093067065261046 3.0775321355259897
Pedestrian 0 0 0 491.51902216812215 439.4244548073349 526.5373009523039 495.2448397526789 1.4276058335153 0.65443953481316 0.81431999917376 -3.0500795787107937 0.8444367409546254 29.300070052708723 -3.0688044874097966
Cyclist 0 0 0 122.13429666612676 446.8743429514394 199.9022485698331 510.0678370469048 1.5699931455197 0.78509996351847 1.632105855344 -11.959516723723512 1.1948300904075588 28.697824690577797 -2.9741118677775966
Cyclist 0 0 0 831.9555261618618 436.7905988759568 943.41459372299 577.9808217418371 1.6390305557921 0.82033601498906 1.8771505502271 3.3662173171811767 1.3474127324916614 14.463220855531896 -1.6423800649800435
Car 0 1 0 579.5560029112711 419.1545825994057 648.7796843953598 448.3275355801031 1.8645363426415 1.9375363111417 4.2594711962291 -0.7421733552785044 -1.008224187978224 75.10743221786026 -2.6083097692273967
Car 0 1 0 798.3211049428636 417.364408211525 889.2311161782034 449.9153172660952 1.6912040593423 1.8681774015511 4.583883598767 12.08079659789174 -0.7470651570933103 61.54412131126049 3.0684715205275896
Car 0 3 0 510.47528137949496 421.01319428891486 587.7502683016505 455.6945090611858 1.850075455401 2.0515827773642 4.1816021996196 -4.362951659647615 -0.45342896820450834 63.536154372571126 2.9951738137081896
