Cyclist 0 0 0 696.4787601494706 433.5475059392799 738.1022336396953 483.2296740109625 1.5599157753409 0.86331475442558 1.8759261389779 3.0951918311860322 0.632847034511452 37.47265485538148 -1.7631265309951665
Car 0 0 0 412.5413770500126 434.3622872405458 502.1596379332783 503.3888175035482 1.4816506422865 1.8233836221706 4.1799318904676 -4.212882000760409 0.8493547506400911 28.52997584111594 -1.5808689970850935
Car 0 0 0 -355.2885608541177 467.5416730641589 146.60238856188334 713.0350564442834 1.5171794914592 1.8875358957952 4.4303124347584 -6.327198302858222 1.7176456212066327 10.474205198031733 1.5606693691876035
Cyclist 0 2 0 681.4733870948796 431.5769403062052 733.5291692238095 478.9470585781941 1.61125022884 0.83887420244468 1.6715068681361 2.9236017321944523 0.5509789057717225 39.47382922810289 2.9692658286926896
Car 0 1 0 520.0555215259293 424.1080106825296 609.6959507066596 461.00027142470265 1.6842359891565 2.0303059189719 4.7222207518876 -3.0515322813602124 -0.20660348857903255 57.31589958920684 2.25336943742159
Car 0 1 0 624.0415603518078 422.9982328823747 703.2103395623321 453.9537106056568 1.6623154638169 1.9995134813979 4.2726347458074 2.2899388717032556 -0.5929884528708185 65.7436025141973 2.6354136600188895
Pedestrian 0 1 0 573.9647289957835 427.8308670360572 601.4138543664326 478.3805650508908 1.7133023429086 0.80614558770724 0.88155869457754 -1.2923611675834588 0.535767547597998 38.65472360963936 -3.0672753190199966
Car 0 0 0 288.4544125753614 430.2970850370355 365.276142828512 457.5062927614124 1.6127121372672 1.8362959101859 4.4728558684379 -19.039629137783297 -0.3709723587269778 71.08929245054347 3.0775328176959897
Car 0 2 0 699.3819021521399 417.2237576055881 780.7657870801103 450.0582815647476 2.0191619480409 2.0515827773642 4.9402933113374 7.482058118739056 -0.8672391639430304 72.54947626034313 3.0469999920134896
Pedestrian 0 0 0 578.7112993228865 441.8071713807749 599.5224332797046 478.2240248275279 1.2141320640177 0.51964238650603 0.66556104043488 -1.2269790953607422 0.5321762168446862 38.01517700631953 -3.0688044874097966
Cyclist 0 3 0 360.5269319347138 435.30467839596105 421.6788780456261 485.4472470489051 1.5699931455197 0.89030752912213 1.7132258289391 -7.64412731312028 0.7132917174404647 36.35743497763583 -2.7684796497856965
Cyclist 0 0 0 1013.5211596153816 436.6489962586788 1181.5892188401715 635.2752086466897 1.6874398993726 0.72596904743165 1.6829625622726 4.466115834112796 1.4763188647774481 10.685780754570438 -1.6423800649800435
