Cyclist 0 0 0 692.6650580247896 431.4432943714496 737.3741535417795 487.0111968287539 1.5599157753409 0.75074154477413 1.5683079609193 2.673466753258666 0.6732562382710247 33.16827998870066 -1.8755409793930766
Car 0 0 0 354.73587940182324 434.4837810659101 469.0645325406008 516.3930619175825 1.460268461271 1.8233836221706 4.1799318904676 -4.5027093756407925 0.9415605954980475 24.093386037671163 -1.5808689970850935
Cyclist 0 2 0 623.4461230076462 429.3137912222307 683.8787379695874 484.151803853145 1.61125022884 0.82226308492889 1.6715068681361 0.8888779754182287 0.6217076020588908 34.43824764172817 2.7130611364434896
Car 0 1 0 457.4714246762833 424.4510031800934 549.6187956231751 467.0501280718978 1.6842359891565 2.0303059189719 4.6552084400454 -5.38033489744239 0.06036010103567904 49.88584342504886 2.0214005238659896
Car 0 1 0 561.638781138784 420.1273078427845 652.5564406803978 454.76895277172594 1.6623154638169 1.9995134813979 4.6656001198925 -0.9257792919248424 -0.5204560711804067 59.35004271802223 2.4502367165942895
Pedestrian 0 1 0 519.5840293249764 427.5418031673745 555.6258410203893 483.70898165652585 1.6586224809009 0.79985007957873 0.98349578958203 -2.6450995028095163 0.6238157749962789 33.74633247881429 -3.0672753190199966
Car 0 0 0 123.28629049669809 431.4107694488189 206.2953337405604 460.7386580675322 1.6127121372672 1.8362959101859 4.1533661635495 -27.286005617402484 -0.15909781181905935 65.97640937043708 3.0775321355259897
Car 0 1 0 604.7397324095408 416.7352843708104 676.3172699184906 448.978928919563 1.850075455401 2.0515827773642 4.0938762793479 0.9175760415766311 -0.8730799784764297 67.65421883908407 3.0469999920134896
Pedestrian 0 0 0 528.7337845936072 441.6523605647799 552.28673153144 483.13423837179977 1.2141320640177 0.40698898835187 0.64554787454448 -2.523774994734369 0.6126809007839054 33.21743009959676 -3.0688044874097966
Cyclist 0 0 0 232.8994163369045 441.2614306155425 297.46632804663466 497.5760027881456 1.5699931455197 0.78509996351847 1.5630951676288 -10.425052695524705 0.9833101159095214 32.24047478885629 -2.860140098296297
Cyclist 0 0 0 889.2234883853127 432.91878621458585 1024.1210797584288 591.0032634658804 1.6720843056795 0.92172112086596 1.6829625622726 3.8450708703985947 1.360644197517687 13.080656726525033 -1.6423800649800435
Car 0 1 0 661.1019135258872 410.6205856301856 724.6145790816664 444.7616556803815 2.306412395664 1.9375363111417 4.2594711962291 4.738992280400031 -1.251386796810349 77.36722469012062 -2.963092053319497
Car 0 2 0 842.4110779809116 409.9185922954388 920.507316184528 443.9331977114599 1.917027701288 1.8681774015511 4.0980265910894 15.122376074466889 -1.1368603056494826 65.67108325229815 3.0684715205275896
