Cyclist 0 0 0 -55.428301092627066 468.3119389925452 104.88170923472364 649.5630225269958 1.6222776732364 0.63042026616597 1.7986770146033 -6.152735098314863 1.7449073572820506 11.563686874410141 1.6039403321523897
Cyclist 0 0 0 696.8732245276593 429.3451947787914 713.8355545228786 459.5624847158281 1.6469834636959 0.82843617112474 1.7132258289391 4.580756602103787 -0.19596375840074123 63.50884662407618 -1.5433296565164756
Cyclist 0 0 0 715.1876072341531 429.0536228071474 730.4380280163928 459.13135503351015 1.6884802623195 0.6997324858437 1.7849482955636 5.745531359913376 -0.2270475535878559 65.40381487931772 -1.557720596430685
Pedestrian 0 1 0 851.6875941722586 433.42329619813927 874.0926136501253 480.0972256130232 1.430588231159 0.69126494243391 0.59965798343902 7.4775253152563055 0.5411142672431982 34.97043296266549 0.1203406929790034
Pedestrian 0 1 0 246.3011369459955 441.9763691096946 271.8123548271195 481.41318572138783 1.3407876452577 0.65535800067269 0.64004693787359 -12.81893547987027 0.6508904605984479 38.94445056809285 -1.5547169880664402
Pedestrian 0 2 0 287.5302171954325 440.0922340609122 308.51542254062684 475.527614273601 1.391271597078 0.62281589011432 0.75105270632424 -13.256765313691787 0.5160034893952188 45.06557652640686 -1.5821570750660976
Pedestrian 0 2 0 308.78997610477114 439.2411094088752 329.2430770840056 475.318473494885 1.4276564214437 0.64855036066286 0.60568568391098 -12.423700685981894 0.5135003576189658 45.130225761221595 -1.5774392637166537
Cyclist 0 0 0 371.16985143055217 435.95638425972095 406.145878173508 489.09322975076776 1.6563435294643 0.76919768307946 1.7297401278937 -7.827807655021386 0.8221686373748442 36.89252032750582 1.59988794168099
Pedestrian 0 0 0 236.2207463322808 441.7303054982784 261.76933844787067 477.63059177075314 1.3314718748529 0.74381948022953 0.5789616130428 -14.328230785371927 0.5693082667896165 42.35733821736477 -1.5430625388432115
Car 0 0 0 581.231864737097 423.3661944367125 611.6186416595406 450.5587032074618 1.6294513428238 1.8233836221706 4.1799318904676 -1.8661924436102408 -0.8707992098006703 73.42009163480189 -1.5205667281436035
