Cyclist 0 0 0 697.075708421559 426.2814073722825 736.7875179626657 482.0579968779323 1.7141931597153 0.75074154477413 1.8759261389779 2.9841680765795715 0.5740450081443098 36.266750569421454 -1.7631265309951665
Car 0 0 0 399.2579660493205 430.3654185952848 494.1156562907172 500.7708475494641 1.460268461271 1.8233836221706 4.1799318904676 -4.306213764800405 0.7490859576541509 27.439434115538056 -1.5808689970850935
Car 0 0 0 -899.201570890623 468.2974905405882 20.09529875848796 858.9060850256533 1.5171794914592 1.8875358957952 4.8441328270161 -6.327586937216095 1.7254284108966227 7.741185740483519 1.5297409530157036
Cyclist 0 2 0 659.4810110983785 428.2052968511975 711.8880968217863 476.9242795700453 1.61125022884 0.67276302728705 1.6715068681361 2.0781678050613595 0.46809123437595146 38.13899501984194 2.9692658286926896
Car 0 1 0 512.1368145298849 421.2669123888239 598.480719161187 458.7403241647285 1.6842359891565 2.0303059189719 4.7909909570122 -3.4633204757943936 -0.31754449435036813 56.17319946964773 2.12781315937169
Car 0 1 0 601.2652377982149 419.91427264928507 688.0822200079518 451.93901216189886 1.6623154638169 1.9995134813979 4.7421550475445 1.1512597180740012 -0.7047427073541724 63.88879273920774 2.5403751942292896
Pedestrian 0 1 0 559.4214183875218 420.3680174312401 587.3223135801067 471.00423462688593 1.6586224809009 0.88534757851272 0.84735969500394 -1.7296657913091602 0.2685393402948164 37.36617580666307 -3.0672753190199966
Car 0 0 0 246.36364666945724 429.23805207740406 327.8286865070486 456.9510877186565 1.6127121372672 1.8362959101859 4.5869593344695 -21.184688882335248 -0.40066889802338085 69.78685944302224 3.0775328176959897
Car 0 2 0 674.5891636632725 417.8140812773194 757.0397123703525 449.20824883724026 1.8872744837818 2.0515827773642 4.9402933113374 5.788608860513536 -0.9060981185141683 71.19760411549184 3.0469999920134896
Pedestrian 0 0 0 565.6273420932695 433.38575983809966 584.6123361695157 470.905104526902 1.2141320640177 0.48834977590765 0.57670413122806 -1.6489906348886305 0.27441905752368434 36.74969718941127 -3.0688044874097966
Cyclist 0 1 0 328.9865483651046 434.7903809838949 392.5806625596662 486.3201171219837 1.5699931455197 0.89030752912213 1.7132258289391 -8.374015449439554 0.7211973315680895 35.26686018659758 -2.8294692807234965
Cyclist 0 0 0 968.7818380315866 439.82044487651166 1132.6231593261357 622.9152976521455 1.6390305557921 0.77099735940396 1.8771505502271 4.286535489789402 1.4503638623136654 11.400819669098777 -1.6423800649800435
Car 0 1 0 745.6862057730706 410.0261455741687 814.9829050104496 442.5321778312768 2.2497441131189 1.9375363111417 4.6573338903824 11.163710465241893 -1.4725145540939653 80.11129454312578 3.1217911916578895
