Cyclist 0 0 0 699.0308082118062 433.27139830862575 738.2488089792325 483.83691966593454 1.5599157753409 0.75074154477413 1.8759261389779 3.0826690308292686 0.6405396957003687 36.77617156469471 -1.7631265309951665
Car 0 0 0 408.6796920694396 432.214777723905 500.65282587804296 501.60059671518695 1.460268461271 1.8233836221706 4.1799318904676 -4.186330956230335 0.7851966787316937 27.92236875136203 -1.5808689970850935
Car 0 0 0 -543.6302692685787 458.9836384769801 96.66631714233472 764.8034798226047 1.6001481022634 1.8875358957952 4.7467633229554 -6.337225594636339 1.7162330399594175 9.28320983009063 1.5297409530157036
Cyclist 0 2 0 665.0400317015818 427.8854918225304 718.0681132390588 477.7215154298469 1.6555153450169 0.79734640865526 1.6715068681361 2.29442064318482 0.4945464866018767 38.41144350009144 2.9692658286926896
Car 0 1 0 511.4724684423843 422.2928429611709 602.5316395984456 461.9575631819088 1.7846357324024 2.0303059189719 5.209406014565 -3.395187440715938 -0.17378105595473442 56.6230917654213 2.14280271381139
Car 0 1 0 616.8608431417442 421.6313587455488 700.9646499197127 452.970699220326 1.6623154638169 1.9995134813979 4.5543469268496 1.9934640076642862 -0.6484069591696552 65.05109210205585 2.6354136600188895
Pedestrian 0 1 0 565.7098876286029 428.4370348736557 596.8933709810589 479.002412662948 1.6832584626846 0.75710133011174 0.99091841859298 -1.4862474444824725 0.548021089645189 37.94698917751401 -3.0672753190199966
Car 0 0 0 269.5329002682212 430.699183347312 348.726618297906 458.1757302463096 1.6127121372672 1.8362959101859 4.5413179480569 -19.997290706722264 -0.32706549738145246 70.47230270081366 3.0775328176959897
Pedestrian 0 0 0 571.3993281105426 441.3970287525585 593.8277515640474 478.40040351041296 1.2141320640177 0.51964238650603 0.70558737221568 -1.4263051255633417 0.5293044113515224 37.417921248812306 -3.0688044874097966
Cyclist 0 1 0 344.406399997549 436.8691829748434 408.7414982569446 487.7563407824509 1.5699931455197 0.89030752912213 1.7791191300521 -7.9854928514568915 0.7770265806833534 35.76766073617864 -2.8294692807234965
Cyclist 0 0 0 991.5144992367092 440.2482030647036 1150.2363790685602 629.7601417599697 1.6591028404563 0.72596904743165 1.6829625622726 4.349806541355681 1.4785151140618629 11.023031417003224 -1.6423800649800435
Car 0 2 0 691.6352532935122 417.4873588427819 773.6507650047691 450.64990049000806 2.0191619480409 2.0515827773642 4.9402933113374 6.930970974916511 -0.8222543652244321 71.86530025698605 3.0469999920134896
