Cyclist 0 0 0 692.371935659449 426.712652056127 733.2272298645372 479.65916415077305 1.5599157753409 0.75074154477413 1.8551994968057 2.7419220343364903 0.4771096257623081 34.910588937727994 -1.7631265309951665
Car 0 0 0 375.6993336735441 429.55383373746014 480.09014901879794 504.9519462223101 1.460268461271 1.8233836221706 4.1799318904676 -4.454729619231639 0.7779452788600975 25.718360395049185 -1.5808689970850935
Cyclist 0 2 0 639.011886354961 421.7412266982704 699.3594948767617 477.3863752953828 1.7528986006062 0.82226308492889 1.8000843195312 1.4463231950255069 0.4497734351187286 36.46223617217585 2.8898273067462896
Car 0 1 0 487.3576270297279 419.0711694384818 576.9182996147778 458.3718152972186 1.6842359891565 2.0303059189719 4.7219658755059 -4.390479303792187 -0.3238313776760807 53.309463728763944 2.093498923027189
Car 0 1 0 579.6665436047147 417.4423034398906 667.7267873137753 450.8147069298016 1.6623154638169 1.9995134813979 4.5966912186996 -0.04739091830743755 -0.7379028505093248 61.03613340438271 2.4901044877503895
Pedestrian 0 1 0 537.0806557934916 420.0448191554625 569.3475130864304 473.06041114254987 1.6586224809009 0.61175558192393 0.94995669372473 -2.2840234425563417 0.32733176436317934 35.45116447679482 -3.0672753190199966
Car 0 0 0 185.3289093589609 427.026521380309 264.02521202524025 455.4047558312839 1.6127121372672 1.8362959101859 4.1533661635495 -24.396502758938322 -0.48173173217237203 67.81681334789661 3.0775328176959897
Car 0 1 0 650.2980466402125 415.0473965439936 720.9117592581716 444.174745503328 1.7148062612891 2.0515827773642 4.0938762793479 3.759485759951977 -1.1892820336513228 69.45372575243464 3.0469999994640897
Pedestrian 0 0 0 543.6485533372067 435.5108630115728 562.6917982540999 474.8504716038759 1.2141320640177 0.40698898835187 0.54541152062969 -2.258498288886506 0.38647971901807565 34.95300529619602 -3.0688044874097966
Cyclist 0 1 0 280.3705211340436 432.1693191854313 343.8559165813425 485.79337627755024 1.5699931455197 0.78509996351847 1.6407321913083 -9.465909544315663 0.67712655974486 33.663012725004734 -2.860140098296297
Cyclist 0 0 0 924.405324213411 431.5866843566324 1071.1441088589806 597.7637054467849 1.6390305557921 0.88792608557366 1.6829625622726 4.043831829080475 1.3336349709985356 12.248325128814171 -1.6423800649800435
Car 0 1 0 701.0609642900437 411.38498379511447 766.0091356483921 439.8507001765541 1.9390569699931 1.9375363111417 4.5169117630342 7.657622070817826 -1.6222407686095226 78.66346276585396 -3.0241964417594964
Car 0 2 0 858.5191133115193 402.5022078957449 941.4392460591062 438.3413495356349 2.0915277882461 1.8681774015511 4.5033259242741 16.66004775101934 -1.5025565578727023 67.46954456992877 3.0684715205275896
