Cyclist 0 0 0 694.9725950112711 419.8797649407841 734.4601494437127 473.9031920770688 1.5599157753409 0.75074154477413 1.5683079609193 2.710774377517607 0.29839346723622345 33.7410572011524 -1.7631265309951665
Car 0 0 0 360.3380970979745 433.6584148274907 471.3210734457687 513.33867231087 1.460268461271 1.8233836221706 4.1799318904676 -4.528617410174483 0.9075124322072634 24.664829542426634 -1.5808689970850935
Cyclist 0 2 0 632.1206691800323 418.2869238394739 691.3225212300539 471.5650397942395 1.61125022884 0.82226308492889 1.6715068681361 1.1614773675888528 0.2456855390561134 35.13853497322538 2.7130611364434896
Car 0 1 0 464.3917267194032 420.981745634508 557.1877861659389 462.5543846844005 1.6842359891565 2.0303059189719 4.9387744363934 -5.158949503843326 -0.13913185397389458 50.95036973974643 2.0214005238659896
Car 0 1 0 565.9341543537884 419.7285800723748 660.0631544834625 454.3277105500752 1.6623154638169 1.9995134813979 4.9362943890545 -0.6086944644658765 -0.5505695837396354 59.63060071900128 2.4502367165942895
Pedestrian 0 1 0 528.6452628324228 423.1829080007485 559.8040385339772 478.30267021093147 1.6586224809009 0.79985007957873 0.85590944489734 -2.48656786543985 0.4699294319202343 34.314647845514266 -3.0672753190199966
Car 0 0 0 146.15386160390767 429.6057346442774 227.6457544459921 458.60791500683297 1.6127121372672 1.8362959101859 4.1533661635495 -26.20916416668773 -0.2854239181697002 66.57184138230275 3.0775328176959897
Pedestrian 0 0 0 530.8979520343692 439.38177172794974 556.8862925493997 480.2094230111088 1.2141320640177 0.40698898835187 0.73227159340289 -2.460853233323494 0.5340519840491039 33.74137805022475 -3.0688044874097966
Cyclist 0 0 0 247.17137237253692 435.4491695314364 310.8333338040212 492.9899695335799 1.6303774972705 0.78509996351847 1.5630951676288 -10.143398366327943 0.8631961515492791 32.624540395984596 -2.860140098296297
Cyclist 0 0 0 903.5577016037626 430.0612018278629 1044.0337789894163 594.221833195352 1.7044711964215 0.92172112086596 1.7014566563635 3.965069697378156 1.3647876163336916 12.832154139622293 -1.6423800649800435
Car 0 1 0 675.5868880563469 411.1730571584872 737.4816389762078 442.77326057312257 2.1306814403258 1.9375363111417 4.2594711962291 5.675738058104387 -1.4033951929072292 77.74266348441277 -3.0546228953192966
Car 0 2 0 846.8168036592473 413.48567139338473 923.9211750696322 443.3813809594234 1.6912040593423 1.8681774015511 4.0980265910894 15.495642051539631 -1.176319795068211 66.28455028856136 3.1070183203340895
Car 0 1 0 615.2192575978765 415.3234023603846 697.4180541860337 445.1413256985229 1.7148062612891 2.0515827773642 4.768691050669 1.8912950139412612 -1.1148633880505163 68.17919280877896 3.0469999920134896
