Cyclist 0 0 0 690.3177241399194 422.4263830508781 730.8556097024679 474.8436898505902 1.5599157753409 0.75074154477413 1.8551994968057 2.687070527522236 0.33215199185073474 35.099374979956146 -1.7631265309951665
Car 0 0 0 383.696916395713 428.8832198164432 484.8573823673655 502.45959195300514 1.460268461271 1.8233836221706 4.1799318904676 -4.404228725980632 0.7448536559858064 26.26459277117658 -1.5808689970850935
Cyclist 0 2 0 651.7702240984135 419.4854136818324 707.0615056852093 469.85163550787 1.61125022884 0.82226308492889 1.6715068681361 1.8001402692949162 0.21480168896829382 36.88902404902994 2.9692658286926896
Car 0 1 0 493.6992947745279 419.2757839245244 582.2906290552545 457.69332166101617 1.6842359891565 2.1530167162724 4.172059110891 -4.1845221567417346 -0.345233144472073 54.01484576569073 2.19465789848989
Car 0 1 0 587.166817755031 416.5016090158411 677.1342324066612 449.4775229639607 1.6623154638169 1.9995134813979 4.8310735056527 0.4255236865879565 -0.8220100036333589 61.831641425057875 2.4901044877503895
Pedestrian 0 1 0 542.0405612420865 421.3782260343145 575.6046750201743 476.2142511013567 1.7406422739125 0.85114857893911 0.99270544319173 -2.1471803773473894 0.4278838275680765 36.19449897202902 -3.0672753190199966
Pedestrian 0 0 0 552.7812105548397 434.6811576218349 578.4582898808516 473.5060824944448 1.2141320640177 0.48834977590765 0.76645193624114 -1.8986640874306393 0.3473099767662523 35.563261267354015 -3.0688044874097966
Cyclist 0 1 0 298.2034500706263 433.3326079210168 362.6040272453604 486.2919699789405 1.5699931455197 0.78509996351847 1.7183692149879 -9.048563781121475 0.7006486788751923 34.17288547295023 -2.8294692807234965
Cyclist 0 0 0 947.7540763850494 432.6157623088094 1087.155065021425 604.0113801600953 1.6390305557921 0.72596904743165 1.6829625622726 4.136540060501837 1.3542861611507948 11.89241217851548 -1.6423800649800435
Car 0 1 0 718.0031044960994 410.119374155584 781.1433104799796 441.93569735995663 2.180367420007 1.9375363111417 4.2594711962291 8.837866021221172 -1.4918280417581506 79.13290403514019 -3.1175823870242967
Car 0 2 0 871.4173281009035 408.59421869451165 947.4281444149016 437.6260724346166 1.6912040593423 1.8681774015511 4.0980265910894 17.372727157913612 -1.554664516255436 68.00013491804414 3.0684715205275896
Car 0 2 0 647.6833904189663 415.9918015788178 731.0910534522469 447.877320379436 1.8872744837818 2.0515827773642 4.9402933113374 4.024550308736959 -0.9742141017303535 69.97505037461055 3.0469999920134896
Car 0 0 0 207.72697275718733 430.1547868149985 289.90810973030915 458.4506941364318 1.6127121372672 1.8362959101859 4.4500351752316 -23.11220635259632 -0.30249135470123567 68.38136958730027 3.0775328176959897
