Cyclist 0 0 0 -63.76567418885634 475.25855157422166 77.93883952362137 606.7044627687059 1.5227374660302 0.80674637575749 1.7024081248879 -8.114548397747443 1.7565647364878079 14.733191717838453 1.6556886672196898
Cyclist 0 0 0 144.8086467749713 459.160991902762 253.95710007659773 575.2138962429544 1.4696052875573 0.83651863825056 1.7986770146033 -6.0585822945526315 1.4797635093552517 15.977895033041058 1.6039403321523897
Cyclist 0 0 0 700.8367787506814 431.5469257655962 717.5776867058942 459.4863323712794 1.5451081979003 0.82843617112474 1.7132258289391 4.890704257501681 -0.20302612312230628 64.69634685004647 -1.5433296565164756
Cyclist 0 0 0 718.6659834976766 429.3434963677392 733.7595244047209 458.9449942353113 1.6884802623195 0.6997324858437 1.7849482955636 6.041609904347985 -0.2408439071592313 66.45819570344851 -1.557720596430685
Pedestrian 0 1 0 841.32969683954 432.8677474592269 864.9252821620308 476.5984430765192 1.430588231159 0.69126494243391 0.6926073403094 7.6487671337066265 0.4623774568039758 37.30196709074842 0.1203406929790034
Pedestrian 0 1 0 275.7184291912401 442.8617410963615 299.01697077937445 477.3629298520231 1.252382416744 0.65535800067269 0.64004693787359 -12.648931120399551 0.5471505237439619 41.6409598629105 -1.5547169880664402
Pedestrian 0 2 0 311.2025726249225 437.4930410072408 334.901470432718 470.9342037489594 1.391271597078 0.830793115461 0.75105270632424 -12.981889358903029 0.35091898897797713 47.787795427211435 -1.6206915185078516
Pedestrian 0 2 0 330.085519745842 437.4919994510016 348.7553987688544 471.652478714978 1.4276564214437 0.63119600775453 0.60568568391098 -12.234142712277812 0.38703238200721857 47.61171517466526 -1.5774392637166537
Cyclist 0 0 0 401.23981978041377 436.9655736762296 431.91937428179455 484.3392302259927 1.6563435294643 0.79481169062645 1.7297401278937 -7.733951643473636 0.7565000372366016 41.314663782676455 1.59988794168099
Pedestrian 0 0 0 256.573473750637 438.9694978104356 275.38905967520475 472.5814295642341 1.3314718748529 0.5447815449043 0.5789616130428 -14.578765469567601 0.40502575910759964 45.12974361913758 -1.5430625388432115
Car 0 0 0 593.595249179121 424.6790895295352 622.4048233447071 451.0899282554372 1.6294513428238 1.8233836221706 4.1799318904676 -1.1387089975958646 -0.8595388695334727 75.73289636348045 -1.5205667281436035
