Cyclist 0 0 0 706.1308177436397 426.8992722870455 740.6796368860731 477.51680195342766 1.679909296521 0.70249588349494 1.7225943909863 3.435579731275408 0.4730859794572516 38.95152379381442 -1.7631265309951665
Car 0 0 0 434.0971999681044 426.5914125906138 516.0591565060259 494.52850608002615 1.5918551469232 1.8233836221706 4.1799318904676 -4.001040118186046 0.6897618767011531 30.278721546820726 -1.5808689970850935
Car 0 0 0 -20.04145535802797 443.9721232321172 256.65089831842243 601.4290818256468 1.6047471206739 1.8875358957952 4.1304491592162 -6.4548194357835005 1.4601481855725145 14.78761851344553 1.5606693691876035
Car 0 1 0 554.1668032199915 419.957608896603 633.2805720460119 454.0940872901796 1.6842359891565 2.0303059189719 4.3539211324891 -1.672329485961557 -0.5636833916529271 60.739850685239375 2.25336943742159
Car 0 1 0 644.4493095636155 419.6544201862119 734.2584360179854 449.7572532991063 1.6623154638169 1.9995134813979 5.1562470346032 3.9283617931341315 -0.8650172083556552 67.69764660903866 2.7001627860513895
Pedestrian 0 1 0 594.559187228595 420.8592469987016 619.7869841101459 467.6687169964838 1.6586224809009 0.90259100945519 0.85468718899424 -0.6436783551340015 0.17234353884392828 40.41303839808846 -3.0672753190199966
Car 0 1 0 343.5211006285403 423.703765662885 420.4156446268525 452.19431738121625 1.7546962621342 1.8362959101859 4.7254210669109 -15.949183081344227 -0.7249507589112479 73.0840287184243 3.0775328176959897
Car 0 2 0 728.8259892253133 416.4733994455489 816.0802254611771 443.82950793566096 1.7148062612891 2.0515827773642 5.4782273148902 9.81517224774736 -1.2921210484132395 74.26967649398006 3.1076041814204896
Pedestrian 0 0 0 600.5793337988312 434.8631961793787 619.6293306328622 469.6144801583528 1.2141320640177 0.51964238650603 0.64554787454448 -0.532797168176961 0.2510640047838878 39.737959171698016 -3.0688044874097966
Cyclist 0 3 0 408.0237762297556 431.85836721632734 464.98226189508085 479.31716270318657 1.5699931455197 0.89030752912213 1.7132258289391 -6.424619960493693 0.5550828721930694 37.947906431470244 -3.0010728149812964
Cyclist 1 1 0 1052.7456737806388 439.0686200552704 1256.248250446779 653.5336941190112 1.6789174756384 0.82990929017427 1.7255398483382 4.658687482043825 1.508863376070185 9.976760193602221 -1.6423800649800435
Cyclist 0 2 0 690.0675904224183 426.67776348136033 741.7817773451163 472.2405665252153 1.61125022884 1.0382076126338 1.6715068681361 3.3568866381495983 0.3242678969673005 41.140905652449476 2.95818135136859
