Cyclist 0 0 0 690.4287357912044 425.9769860769853 708.0208680901786 455.6541152522633 1.5451081979003 0.82843617112474 1.7132258289391 4.039688874708206 -0.3999930229432323 60.65359672437351 -1.5433296565164756
Cyclist 0 0 0 714.2352554133367 425.39679553118015 731.0441378165542 454.2402534382336 1.5599157753409 0.75601909066942 1.7849482955636 5.52514891049566 -0.4946028566094801 63.0169234668715 -1.557720596430685
Pedestrian 0 1 0 885.1636846928186 424.9956302169635 915.0724026397738 479.62328464081 1.4119477041492 0.62489628684215 0.63007527824417 7.278674001400444 0.4396372196282564 29.439911584137466 0.0424348794959033
Pedestrian 0 1 0 171.99143266960584 441.4436113654537 202.7057771218804 491.045623267576 1.4291928737715 0.65535800067269 0.54427460698369 -12.932713376478336 0.8313994479280867 32.86552520308092 -1.5547169880664402
Pedestrian 0 1 0 242.5083534204175 435.7784766971789 266.35043196890075 475.961997671477 1.3848991530925 0.62281589011432 0.60762013711964 -13.10707072876282 0.46679283198877985 39.32260040257449 -1.5821570750660976
Pedestrian 0 1 0 252.91710147059985 436.9199874420811 277.5436823200455 478.7616710169482 1.4276564214437 0.63119600775454 0.66455914295354 -12.622181201120274 0.5583565100599687 39.00859346143636 -1.5774392637166537
Cyclist 0 0 0 249.6680648359268 437.3223848738788 299.2349684836805 509.9225868034412 1.5908900378193 0.59185161579673 1.7297401278937 -8.248311180337137 1.0397888626677654 26.24347886853492 1.59988794168099
Pedestrian 0 2 0 227.6511401420848 436.2073682222829 249.62924486199904 478.06084930237614 1.4319996491147 0.51206350666118 0.657499541922 -13.569447691446031 0.5357733664986989 39.04785849839658 -1.5533632725328435
Pedestrian 0 0 0 155.38666366811606 441.1491186511584 183.9040348017163 487.4386035781591 1.4618760393763 0.62027869278628 0.64073200676442 -14.783926490855588 0.7959716113251137 36.1042867172386 -1.5430625388432115
Car 0 0 0 575.2869617244811 421.3339445958784 608.8157256267449 451.0438854238139 1.6294513428238 1.8233836221706 4.1799318904676 -1.9634791048180484 -0.7768256170497397 67.0977172362129 -1.5205667281436035
