Cyclist 0 0 0 684.0566237624859 428.1274758903001 702.882943228816 460.2630818677498 1.5451081979003 0.82843617112474 1.7132258289391 3.4505488161577524 -0.14450444105742644 56.18770394688803 -1.5433296490658945
Cyclist 0 0 0 725.9109312056129 428.0899044418632 744.3513501678036 459.2327188066157 1.5599157753409 0.75601909066942 1.7849482955636 5.7934394796451105 -0.2039426444132223 58.57796890626386 -1.557720596430685
Pedestrian 0 1 0 999.9007284310128 428.2318532664286 1047.4355643159074 511.1358351832771 1.4538530224886 0.68510691827417 0.59746026052887 7.2075527257764875 0.8523034720278254 20.137234506789795 0.0424348794959033
Pedestrian 0 0 0 -14.471825594707298 455.06158689121617 29.65940614090721 520.6710254948771 1.303952133377 0.55761295745623 0.54427460698369 -12.693645082071763 1.1744254065628397 22.88129940503678 -1.5547169880664402
Pedestrian 0 1 0 117.87824783821338 442.5074550041815 154.09914036959776 496.6932810486664 1.3848991530925 0.62281589011432 0.70756306043106 -12.94335953688173 0.8826265285929396 29.44713974994314 1.5594355785237033
Pedestrian 0 1 0 129.30226437280885 440.969563901132 161.1720583407581 496.1576353407088 1.390033942006 0.60936964381175 0.54289175592191 -12.449144473028678 0.8553671008174505 28.867151802492664 3.1157258703557895
Pedestrian 0 1 0 94.74087812429798 442.3087591156976 125.98352553657594 497.4063848551743 1.4036832522162 0.51206350666118 0.53049757740717 -13.432515015525166 0.8985435523649234 29.03385437346777 0.03242775185510349
Pedestrian 0 0 0 -28.23823518584743 443.6640195810211 6.906070338151608 501.3766958173312 1.296093383934 0.49370991263629 0.46012333362482 -14.628342154286893 0.8824025938632554 25.600165165384023 -1.5430625388432115
Car 0 0 0 564.3062299337365 425.21488074070896 603.8762222171298 460.21720072364815 1.6294513428238 1.8233836221706 4.1799318904676 -2.0910016507003073 -0.22391576925081552 57.71439246975937 -1.5205667281436035
Car 0 0 0 491.9850994477853 422.1064988602287 537.0026858750798 458.5542322517583 1.7641308130892 1.8860133527681 4.0669640303576 -5.84166777760062 -0.3084924318809106 59.13151073155701 1.62702266703179
