Cyclist 0 0 0 693.2665295179355 424.6644424250478 745.4092637211875 489.5577562340016 1.7827608861039 0.75074154477413 1.5683079609193 2.7161479732037015 0.722644351839449 32.139483381655644 -2.0424537306280666
Car 0 0 0 343.0637831843485 433.67150998452536 464.4105994797504 519.7328843173169 1.460268461271 1.8233836221706 4.1799318904676 -4.453436191513873 0.9505594701851063 22.99421345326919 -1.5808689970850935
Cyclist 0 2 0 614.4151037279385 432.406260116282 673.5072122391149 489.7328511818168 1.61125022884 0.63123523349763 1.6715068681361 0.5684946887281995 0.757242917287669 32.98240073658428 2.6092682400495897
Car 0 1 0 442.8259893375698 418.3649428568221 546.1110313047727 464.7940463076624 1.7846357324024 2.0303059189719 5.2946601488429 -5.584099339240966 -0.0587502732375384 48.354362349189 2.0214005238659896
Car 0 1 0 552.9189501847006 420.6284100942674 646.3231176038801 456.4079428496741 1.6623154638169 1.9995134813979 4.6656001198925 -1.2827202316574502 -0.42806468489903926 57.62194521181 2.4345605228263896
Pedestrian 0 1 0 509.6981172411639 426.2933391940556 544.138810379186 484.4034430917847 1.6586224809009 0.80839982947212 0.89010844447094 -2.869583960581418 0.621804120778459 32.61622325360895 -3.0672753190199966
Car 0 0 0 78.40912286588866 430.8476156052832 182.9258193860556 460.9058902265258 1.6127121372672 1.8362959101859 5.2084202385757 -28.781188003033286 -0.15497145109491983 64.81536498888148 3.0775321355259897
Pedestrian 0 0 0 519.3096404408794 441.2699408970106 545.3443236397238 484.2643256610349 1.2141320640177 0.40698898835187 0.68935752938221 -2.6711269381789164 0.6230379807498027 32.05842426877416 -3.0688044874097966
Cyclist 0 0 0 202.15860201757224 437.190996351741 277.7171083670542 495.4481366102776 1.5699931455197 0.78509996351847 1.8132589105962 -10.786786210700898 0.892677262812904 31.200581311856663 3.1327275366982894
Cyclist 0 0 0 876.9946129158556 431.75551537805455 1005.4303335523284 587.3770497627476 1.7110758549478 0.92172112086596 1.6829625622726 3.796370285980043 1.3725781045133045 13.539361095082766 -1.6423800649800435
Car 0 1 0 635.6526643249226 409.99137902504646 701.9431532619006 443.8490193010181 2.2487211650576 1.9375363111417 4.2594711962291 3.010906734025385 -1.2957565477179434 76.10610145827529 -2.8980003180233966
Car 0 2 0 569.3637518539025 417.3851558647714 641.5753078987457 450.2821592486734 1.850075455401 2.0515827773642 4.0938762793479 -1.1943423274455953 -0.7816878636813426 66.38429858174977 3.0469999920134896
Car 0 2 0 837.3186654664677 409.1725726210439 916.6037474429828 442.4813008293579 1.8451747243053 1.8681774015511 4.0980265910894 14.611833119950338 -1.202195023043877 64.59201723725533 3.0684715205275896
