Cyclist 0 0 0 684.230554010868 427.3458473848463 702.7958292133497 459.0046759294592 1.5451081979003 0.82843617112474 1.7132258289391 3.501636183227445 -0.2094047058333166 56.98087250325539 -1.5433296565164756
Cyclist 0 0 0 723.5095799708065 425.0497705599788 741.7770035296007 456.9091036666926 1.6113415701324 0.75601909066942 1.7849482955636 5.694609977110605 -0.326197303363296 58.91066643287367 -1.557720596430685
Pedestrian 0 1 0 973.54588671359 428.7592903296448 1014.3145899896832 505.67340627089953 1.4538532872631 0.68510691827417 0.55249573406015 7.1824802638732255 0.8155834575735187 21.678702133695133 0.0424348794959033
Pedestrian 0 1 0 27.438156341132185 451.1657224574951 69.75790052815728 512.3498908567992 1.303952133377 0.60466359929425 0.54427460698369 -12.687480533584264 1.0778002436632461 24.493354848748556 -1.5547169880664402
Pedestrian 0 2 0 140.1384497761993 441.8681394798675 173.57119769464668 493.34452914698966 1.3848991530925 0.62281589011432 0.66951638040105 -13.011463453498987 0.8379792366853364 30.916836845334533 1.5594355785237033
Pedestrian 0 1 0 157.23833866984145 438.5542245290689 185.31666327840333 490.5055768556237 1.390033942006 0.54826925075653 0.52517441346002 -12.456123753937886 0.7554696587429849 30.535416255446773 3.1157258703557895
Pedestrian 0 1 0 121.12897737757204 438.2527738021796 150.3705935598765 490.6218016220338 1.4036832522162 0.51206350666118 0.53049757740717 -13.41622096007347 0.7603996431625571 30.50008457935485 0.03242775185510349
Pedestrian 0 3 0 5.274642343276355 445.1953963741194 49.77143744320222 499.785379775966 1.296093383934 0.68598750256056 0.67274062910471 -14.710008338043025 0.8961646201578402 27.39125970483004 -1.5430625388432115
Car 0 0 0 566.4008701256358 422.25671911960296 604.6950124401143 455.97737299408 1.6294513428238 1.8233836221706 4.1799318904676 -2.079410925431378 -0.44605064364143776 59.47431093935738 -1.5205667281436035
Car 0 0 0 500.2370162267456 420.7868294393744 542.5061881774334 455.2323659182928 1.7641308130892 1.8860133527681 4.0669640303576 -5.774735126055228 -0.4989216747309888 62.30192719032775 1.62702266703179
