Cyclist 0 0 0 691.0150613731546 427.2390552107837 732.8790798281376 481.6114913340567 1.5599157753409 0.75074154477413 1.8551994968057 2.646723390907663 0.5214237976430961 34.03912470341502 -1.7631265309951665
Car 0 0 0 371.0418927820506 430.2176677204089 478.2260052249797 507.4922195995724 1.460268461271 1.8233836221706 4.1799318904676 -4.430376066769952 0.8099505523533695 25.18120350058012 -1.5808689970850935
Cyclist 0 2 0 632.6033911932442 425.3985498287902 690.6362896268827 477.8839380277977 1.61125022884 0.82226308492889 1.6715068681361 1.1814241515124864 0.45151850987282427 35.84554696204005 2.7130611364434896
Car 0 1 0 471.518668272823 421.1335100283 560.0005953441782 461.82794780095134 1.6842359891565 2.0303059189719 4.6531310334788 -5.014483089729299 -0.16279887678890348 51.70100204528121 2.027949352432989
Car 0 1 0 571.2970901596757 417.21418033538765 659.7912668278037 451.10719800068415 1.6623154638169 1.9995134813979 4.5966912186996 -0.4835855781687395 -0.715303167208966 60.1605626575439 2.4502367165942895
Pedestrian 0 1 0 533.7984083432544 420.409431159624 562.1867498771916 479.1891979876268 1.8044354462548 0.79130032968532 0.78751144575015 -2.411460269117171 0.5066869767898728 34.91114746575144 -3.0672753190199966
Car 0 0 0 155.89523864002382 428.10825574655854 243.2625063291108 456.8856870013849 1.6127121372672 1.8362959101859 4.5641386412632 -25.66813473027822 -0.3922614274052878 67.15215527812526 3.0775328176959897
Pedestrian 0 0 0 538.3224107407167 437.8082672762196 560.4909374025334 479.2401958987886 1.257237344397 0.40698898835187 0.63048510677959 -2.3372434732320126 0.5148780735233563 34.38111340775991 -3.0688044874097966
Cyclist 0 0 0 265.2266938497786 434.19404356066144 327.5049924267095 488.6477953151553 1.5699931455197 0.78509996351847 1.5630951676288 -9.801473258553878 0.7512992282123568 33.18680950353247 -2.860140098296297
Cyclist 0 0 0 910.2230641976382 430.6248586861601 1053.4885888136905 596.6270195343247 1.6930645301589 0.92172112086596 1.6829625622726 3.988094145559611 1.366132365232485 12.616183950170713 -1.6423800649800435
Car 0 2 0 689.2431704642266 408.2743524519574 750.9107478827468 439.1523119045776 2.0987440286037 1.9375363111417 4.2594711962291 6.659550626824343 -1.6644670557070294 78.24292778264564 -3.0546228953192966
Car 0 1 0 622.5977640490264 415.086543432595 704.1501083379903 444.606800099585 1.7148062612891 2.0515827773642 4.768691050669 2.3468273833484155 -1.1573327876392807 68.83294527259343 3.0469999920134896
Car 0 2 0 850.72212577635 409.5204223697178 932.6253140083224 440.84102981887366 1.7938511693176 1.8681774015511 4.4132594057886 16.029103039605896 -1.3425464618132688 66.93482640044179 3.0684715205275896
