Cyclist 0 0 0 258.7458323772343 451.13353633017977 319.7310840462644 514.9276570841487 1.3588855136371 0.80674637575749 1.7024081248879 -7.827169487705035 1.1457110131919543 26.006349215271634 1.6556886672196898
Cyclist 0 0 0 371.5979397921775 439.4468967284983 426.5565003691096 504.98939189683927 1.5180538135207 0.83651863825056 1.9714346145744 -5.672480591139856 0.9867626695060889 28.049900020468318 1.67388585047879
Pedestrian 0 1 0 1127.5286795020547 418.5309756055283 1193.913841962226 550.8593823351434 1.654615653729 0.57536899025917 0.53859518022027 6.856069470666221 1.1030832441250173 14.274182496929676 1.6751688855710896
Cyclist 0 0 0 707.6746401328105 429.97825334996566 723.9813166336723 456.8766490777975 1.5451081979003 0.82843617112474 1.7132258289391 5.470252484672315 -0.36418832937620726 67.07229826241515 -1.5433296565164756
Cyclist 0 0 0 724.2057434106553 429.4761201229762 738.8377050458913 456.5212237939147 1.6027706043338 0.6997324858437 1.7849482955636 6.616457910579591 -0.39738948663569945 69.14491419940519 -1.557720596430685
Pedestrian 0 1 0 820.285056673358 434.8508042001009 836.3120340014204 472.0224838360884 1.430588231159 0.60277340164489 0.5598700291259 7.98909274112326 0.37049507291663775 43.707817394335194 0.1203406929790034
Pedestrian 0 1 0 331.7949803863589 436.0173437056575 350.9301646571563 466.0884737933901 1.2818508262486 0.65535800067269 0.64004693787359 -12.426551863419583 0.15310092573259887 48.68402142382869 -1.5547169880664402
Pedestrian 0 2 0 359.3126129025793 432.20170241946687 374.08620955730953 461.07543380770034 1.391271597078 0.60130100473363 0.60044850865941 -12.737227644177345 -0.07028126290700223 54.78857962620474 -1.6206915185078516
Pedestrian 0 2 0 373.5654813467417 431.98078200133807 390.135888691497 461.59319612846303 1.4276564214437 0.67535110203646 0.60568568391098 -11.989833668466964 -0.04477542568562651 54.78959613402422 -1.5774392637166537
Cyclist 0 0 0 471.8728777506552 430.40533579178674 493.83129315362106 468.964870919405 1.7655529929455 0.79481169062645 1.9735592983536 -6.869187661692601 0.2656842598620351 53.76876063441266 1.59988794168099
Pedestrian 0 0 0 319.0062000874848 438.07695779664505 335.21978308647846 466.8609307717204 1.3314718748529 0.59968856154574 0.44855744851936 -14.031645844664272 0.21003190892158263 52.33510154094928 -1.4884672517111315
