Cyclist 0 0 0 707.2077323227101 431.9594864190847 744.0319087361054 477.2033942017808 1.5599157753409 0.84723286733251 1.7225943909863 3.678450026399932 0.4856443614788821 40.78608672371584 -1.7631265309951665
Car 0 0 0 449.34577511505125 428.9133419328645 527.7187158921054 493.1640381026576 1.5918551469232 1.9035323528155 4.1799318904676 -3.857170626000851 0.7045373055142113 32.05787565407489 -1.5808689970850935
Car 0 0 0 144.57740835833857 437.4384179190827 330.50186690020263 552.5157906428715 1.6047471206739 1.8875358957952 4.1304491592162 -6.5095332649450635 1.26285146759264 19.226264115157775 1.5606693691876035
Cyclist 0 2 0 700.2009570400388 431.6678842402192 750.4716672541971 474.3653269006793 1.61125022884 0.83056864368679 1.8643730452287 3.911492581149815 0.4425991268407202 43.44080356973136 3.1412016308308894
Car 0 1 0 573.5786381790714 417.2406929626687 658.9668458246387 455.4327771969968 1.9816962785168 2.3538162027641 5.0653226970401 -0.44927600213349117 -0.5324854240379024 63.714893021066246 2.2255254400152893
Car 0 1 0 666.5432412583646 416.0840270077693 751.4572093044038 448.50708914947256 1.8820422200145 1.9995134813979 4.9853807564305 5.284405631102154 -0.9609358970362777 69.86941980438993 2.7298859239677897
Pedestrian 0 1 0 607.3153809387093 428.5560679540324 638.7883240789205 473.33092522245096 1.6586224809009 0.79999401073438 1.1527049711057 -0.06953428855704377 0.398020727754286 42.273298877136824 -3.0672753190199966
Car 0 2 0 387.2077135032701 423.6873133519391 460.6869747550518 451.289058288852 1.7546962621342 1.8362959101859 4.6336653180389 -13.53668399962492 -0.7947716166964796 74.9698115281969 3.1403174255637896
Car 0 2 0 756.8464119682036 419.4765642447399 848.5524117122181 446.8122485040161 1.7616477716423 2.0515827773642 5.9333071335127 12.216148158897196 -1.1310532871704817 76.65878185933309 3.1076041814204896
Pedestrian 0 0 0 615.6277293081201 438.9401354999612 635.3561112378172 472.27450949751386 1.2141320640177 0.61352021830114 0.70813309574123 0.018365768960418617 0.35983651332584465 41.64845760340387 -3.0688044874097966
Cyclist 1 2 0 1107.370736943491 443.12976683285336 1318.687969187086 670.3369131132495 1.6448277807016 0.80592308031059 1.4832757584218 4.758015593066773 1.5229635926753793 9.159353500266649 -1.6423800649800435
