Cyclist 0 0 0 143.95936986741128 455.97968644978647 231.17816151724128 548.230346598274 1.5227374660302 0.80674637575749 1.7024081248879 -7.9393808197834925 1.4574451009106824 20.291659506996492 1.6556886672196898
Cyclist 0 0 0 287.9963019007069 446.3567862290321 364.154631305552 528.2359290875165 1.4696052875573 0.83651863825056 1.9714346145744 -5.915561862389665 1.201786460657348 22.150776744995447 1.67388585047879
Cyclist 0 0 0 706.2534562985206 422.561618011077 722.8529787214869 457.3101205633735 1.9857280517032 0.82843617112474 1.7132258289391 5.295527781549653 -0.33309889859549763 65.85067315133243 -1.5433296565164756
Cyclist 0 0 0 722.3222295173026 423.07374370509217 737.2058248571818 457.68786474795945 2.0371460331886 0.6997324858437 1.7849482955636 6.384958556720733 -0.3205459575794731 67.84442359932065 -1.557720596430685
Pedestrian 0 1 0 832.0317662260595 428.119901220492 853.5215739867222 468.4690775443624 1.4384486060555 0.69126494243391 0.6926073403094 7.939084798875694 0.210303886405798 40.55420884168542 0.1203406929790034
Pedestrian 0 1 0 308.45888357676176 439.23542621204814 329.4800805545933 471.4071518177154 1.2671166214963 0.65535800067269 0.64004693787359 -12.412357364318742 0.3544121696884454 45.07577319404582 -1.5547169880664402
Pedestrian 0 2 0 340.42830107780173 434.5259334553726 359.22284008918854 465.31796130837193 1.391271597078 0.73039031701777 0.60044850865941 -12.750686951119919 0.12737907404917803 51.49099659103967 -1.6206915185078516
Pedestrian 0 2 0 354.47570738246355 434.5554107812499 371.5132693042528 466.28854801516087 1.4276564214437 0.63119600775453 0.60568568391098 -12.066894797187619 0.1720909809755174 51.17913407363346 -1.5774392637166537
Cyclist 0 0 0 442.2961375696664 432.1282819656085 467.5941526388334 473.2101850339304 1.6563435294643 0.79481169062645 1.7297401278937 -7.2307808948720025 0.41128315638212976 47.31733846058726 1.59988794168099
Pedestrian 0 0 0 292.43042593942863 438.6513466453458 315.3087970219997 469.8196720191648 1.3314718748529 0.80558987395115 0.5789616130428 -14.075908771610509 0.3174774946089706 48.71077305998364 -1.5430625388432115
Car 0 0 0 597.9343496108645 426.2522965893575 625.6059002419677 451.8680842154443 1.6294513428238 1.8233836221706 4.1799318904676 -0.9134829764645704 -0.8312089474761416 78.26765815856828 -1.5205667281436035
