Cyclist 0 0 0 171.605444107722 452.4563889736029 251.5779157574582 538.6262463013754 1.5227374660302 0.80674637575749 1.7024081248879 -7.991966793834015 1.3793751100025404 21.601113276343632 1.6556886672196898
Cyclist 0 0 0 316.3839181008202 443.0998776920569 385.4341017729478 519.0880825825873 1.4696052875573 0.83651863825056 1.9714346145744 -5.809330606608902 1.1076426994195792 23.709306608849793 1.67388585047879
Pedestrian 0 1 0 1208.8221172976616 413.497014814746 1303.176574166161 589.204560675341 1.7818937809389 0.6436017565311 0.53859518022027 6.560362578078996 1.2815687779025358 11.616044862663523 1.6751688855710896
Cyclist 0 0 0 705.9929211906224 422.4398214825028 722.5036026032049 453.8683145592445 1.7997963623894 0.82843617112474 1.7132258289391 5.300372254165306 -0.5366978986073075 66.13933150219256 -1.5433296565164756
Cyclist 0 0 0 721.8854741926242 422.56060856247626 736.6988449674335 452.9986699138648 1.792556275588 0.6997324858437 1.7849482955636 6.37765832848994 -0.6051725535714066 68.07618407501168 -1.557720596430685
Pedestrian 0 1 0 827.2896497519969 427.51030828799423 848.2783610529759 469.4134598918423 1.5249127299167 0.69126494243391 0.6926073403094 7.908257200635452 0.24976000892506567 41.34519003219427 0.1203406929790034
Pedestrian 0 1 0 314.60258504017 438.3431716356992 335.0808877742787 469.1104815943236 1.2371926357726 0.65535800067269 0.64004693787359 -12.430701236680513 0.26784856472773144 46.02247393825593 -1.5547169880664402
Pedestrian 0 2 0 345.1549042104183 433.9667448288948 363.92511682378887 464.3151470356463 1.391271597078 0.74473357393823 0.60044850865941 -12.71339721092823 0.08258334600928194 52.23418441225742 -1.6206915185078516
Pedestrian 0 2 0 360.7397633026994 433.78929197998457 378.3060615852924 464.9052078909496 1.4276564214437 0.67535110203646 0.60568568391098 -11.99873427431368 0.11108044096331707 52.18923322489615 -1.5774392637166537
Cyclist 0 0 0 449.106733182861 430.4640553698769 475.13253499547073 470.5338841070752 1.6563435294643 0.79481169062645 2.3631812202163 -7.210954012405182 0.2930071605671112 49.28912175023061 1.59988794168099
Pedestrian 0 0 0 301.0883692622477 437.8496985153424 322.32247117617925 468.3641593033776 1.3314718748529 0.73695610314935 0.5789616130428 -13.997280689899497 0.26080248902135955 49.64723988960073 -1.4884672517111315
