Cyclist 0 0 0 711.1785677393881 426.7171069547566 745.239618611993 470.1794723843912 1.5599157753409 0.84723286733251 1.9965695767987 3.9309643529064724 0.2379926999025917 42.5048584733304 -1.6813694129080166
Car 0 0 0 468.50326933260186 425.5419643494093 545.5673703355271 485.481474568016 1.5918551469232 1.8233836221706 4.1799318904676 -3.521970703305114 0.5398841402299198 33.890456738434295 -1.5205667281436035
Car 0 0 0 248.4421052537629 431.2429152950264 383.1757794761157 520.4838829457783 1.6047471206739 1.8875358957952 4.0167140951606 -6.484309813319403 1.0156555174303623 23.797287188198805 1.5606693691876035
Cyclist 0 2 0 722.2656427484992 416.18885512066174 764.080533809704 466.8317505253666 1.964446941544 0.99247361139647 1.6715068681361 4.7771655144906084 0.12974358543931486 44.87663114058197 2.21536907385359
Car 0 1 0 593.4567938116757 420.0221952271165 669.8494022325802 451.3435601090977 1.6842359891565 2.0303059189719 4.3476078577224 0.4179337517291073 -0.7555729434116301 65.90872954194984 2.4029147424476895
Car 0 1 0 693.5131471017704 414.6495086356574 780.5091372647157 444.2154171863096 1.7831651797256 1.9995134813979 5.2943703610787 7.292475784983372 -1.2609571731408404 72.41071396481318 2.8252572855257894
Pedestrian 0 1 0 627.9771935264773 421.16198618167584 650.7823279121368 466.4078803820009 1.7588688945817 0.85493220371863 0.87321234895635 0.5751305682488402 0.14326001362282414 44.21223971984738 -3.0672753190199966
Car 0 1 0 441.1720273319651 421.33005274363336 509.6338827681825 448.1174311824819 1.7546962621342 1.8362959101859 4.5189706319488 -10.342962470436156 -1.031216136387981 77.01152659594254 3.1403174255637896
Car 0 2 0 798.9630676841767 409.77114385613777 874.4170156806777 440.72747130482304 2.0867965450969 2.0515827773642 4.8605314001497 14.901714031024163 -1.5730472118087149 78.42614729996654 3.1076041814204896
Pedestrian 0 0 0 634.9288641988908 433.4223888461848 653.5242888764725 465.2472922651791 1.2141320640177 0.61352021830114 0.70813309574123 0.7523577968278117 0.10345031641884625 43.52113789688965 -3.0688044874097966
Cyclist 1 2 0 1179.6500573513183 448.7529049690734 1467.1489321331142 720.2857699572492 1.6448277807016 0.80592308031059 1.7203416841101 4.884111144225985 1.5924354304403672 7.984519843122769 -1.6423800649800435
