Cyclist 0 0 0 704.5555661525145 428.1136067866684 738.5352391015929 475.1385458112961 1.5788453840331 0.70249588349494 1.7225943909863 3.4194140445654058 0.39825700291880506 39.5157620533025 -1.7631265309951665
Car 0 0 0 439.6456113907864 426.0116454636144 519.3759718328345 492.4367400898426 1.5918551469232 1.8233836221706 4.1799318904676 -3.9618670665400275 0.6532561399789734 30.883310611780075 -1.5808689970850935
Car 0 0 0 41.934499255753394 440.117918731582 282.03340234111704 580.161876818636 1.6047471206739 1.8875358957952 4.1304491592162 -6.521288407370744 1.3729005579188522 16.251938930559014 1.5606693691876035
Car 0 1 0 555.9289317315522 420.1360370736032 634.3015754733347 453.9780494029149 1.6842359891565 2.0303059189719 4.3539211324891 -1.6110853130638765 -0.573666558984288 61.272151000735036 2.25336943742159
Car 0 1 0 650.9039866989168 421.2757340761772 740.0918030707588 451.0882968905001 1.6623154638169 1.9995134813979 5.1562470346032 4.346164420500416 -0.7913387271080243 68.43811390605092 2.7298859239677897
Pedestrian 0 1 0 597.100483768886 422.83681467184863 625.664375771743 471.8798072728237 1.7679822049163 0.75724526126741 1.0005001543482 -0.49728466933789184 0.33351080428402674 40.963572311492804 -3.0672753190199966
Car 0 2 0 353.2221452084121 422.0693884388783 427.7568773787303 450.2405269545618 1.7546962621342 1.8362959101859 4.6336653180389 -15.52753276900238 -0.8579111983813063 73.73386883165946 3.0775328176959897
Car 0 2 0 740.6315629540162 419.8369960779762 808.8487426071738 446.9044547858611 1.7148062612891 2.0515827773642 4.2239734841408 10.05115945842414 -1.0911142929480155 74.84443070588131 3.1076041814204896
Pedestrian 0 0 0 604.9098190583634 437.5396244283088 623.6132932930371 471.7906882469872 1.2141320640177 0.51964238650603 0.64554787454448 -0.3902090598170235 0.33380218579946 40.34762036823422 -3.0688044874097966
Cyclist 0 2 0 407.9774071586311 432.7384388825432 465.21180918700645 479.75501361685446 1.5699931455197 0.89030752912213 1.7132258289391 -6.5063771818856 0.5699384191218906 38.431074473351046 -2.8796341223102964
Cyclist 1 2 0 1066.5037247974835 440.135113935377 1282.0685851203089 654.9136647532205 1.6192605094989 0.82990929017427 1.7645157416506 4.688547304636591 1.4660037224057902 9.690966371999886 -1.6423800649800435
