Cyclist 0 0 0 692.1046154241188 423.8911956733475 745.4071337311838 491.0987168855717 1.7741899203053 0.75074154477413 1.5198027429709 2.5922970980807882 0.734493434870449 30.866082777481544 -2.0424537306280666
Car 0 0 0 330.5346597592562 435.3504501141666 459.51718530514165 526.39615995268 1.460268461271 1.8233836221706 4.1799318904676 -4.4051177071085155 1.0140592947223472 21.928471316901412 -1.5808689970850935
Cyclist 0 2 0 601.5529812253911 422.8881849982778 661.9064418456334 490.52939386486975 1.8237227864892 0.63123523349763 1.6715068681361 0.2003247150856704 0.7368177592812152 31.44338373266981 2.4970732942423894
Car 0 1 0 435.9029242288181 422.6344025600186 531.6907342843912 468.273194678894 1.6842359891565 1.8733207579646 4.522433924372 -5.814538724153389 0.09848009567565846 46.34844594920836 2.0214005238659896
Car 0 1 0 538.1830697749895 418.209099925065 637.5384938969353 456.641784845246 1.7282334906762 1.9995134813979 5.0757627677951 -1.815962454817137 -0.42036560992162625 55.90456717932194 2.34686066359409
Pedestrian 0 1 0 504.2169814714624 422.3851987413444 539.3218583534704 488.2595966549292 1.8135487565894 0.80839982947212 0.86445919479074 -2.9049382425881585 0.7048098885146226 31.387415226812372 -3.0672753190199966
Car 0 0 0 46.058976621798365 434.4155838720723 134.67482349800173 464.88334586192906 1.6127121372672 1.8362959101859 4.1532976031419 -30.634507871952067 0.0774061239101993 63.76051914866691 3.0775321355259897
Pedestrian 0 0 0 509.2311646798626 440.9778628856136 536.4696896848562 487.3898232084055 1.2608294510953 0.40698898835187 0.68935752938221 -2.830401571815529 0.6846492996492701 30.826219236814474 -3.0688044874097966
Cyclist 0 0 0 171.91338864243778 439.0153132934998 242.5731946231089 498.9635070184737 1.5699931455197 0.78509996351847 1.5630951676288 -11.306952652190672 0.9605619966635481 30.130433911432007 -2.9741118677775966
Cyclist 0 0 0 856.4787779002174 431.305328818902 967.6298883967904 577.2971989026013 1.6390305557921 0.77809222087368 1.6829625622726 3.5165587267850626 1.286699568108442 13.801924461248054 -1.6423800649800435
Car 0 1 0 607.9637093563324 411.0955683415543 676.2918596743384 444.9367006293319 2.2255911951677 1.9375363111417 4.2594711962291 1.1710285393406192 -1.2241236933029833 75.63638023975018 -2.801360689202797
Car 0 1 0 814.3329491498323 412.23693893967175 900.0116634682561 443.6112623780353 1.6912040593423 1.8681774015511 4.4132594057886 13.20729386701365 -1.1193240455069924 63.37873563786627 3.0684715205275896
Car 0 3 0 548.1485515946722 417.88365276840057 622.6497713672636 451.3888281460349 1.850075455401 2.0515827773642 4.1816021996196 -2.3539102071137545 -0.7067032950995337 65.27301087897595 3.0469999920134896
