Cyclist 0 0 0 208.73053688566583 448.5652983353947 280.5960606902947 528.2032884808788 1.5227374660302 0.80674637575749 1.7024081248879 -7.910819828050228 1.2812953180224331 23.228375791228274 1.6556886672196898
Cyclist 0 0 0 336.2390111313037 440.30283079801865 399.7322110696117 511.2665940850944 1.4696052875573 0.83651863825056 1.9714346145744 -5.803419476893277 1.0156427921292703 25.244191102580483 1.67388585047879
Pedestrian 0 1 0 1178.5175341700065 412.9427737047285 1257.3526074298056 568.0141443403677 1.700371840748 0.57536899025917 0.53859518022027 6.658168557635044 1.1532354549755357 12.535100560032072 1.6751688855710896
Cyclist 0 0 0 706.9167872003527 429.8232268675108 723.3480751347903 456.9540529410484 1.5451081979003 0.82843617112474 1.7132258289391 5.381528304863858 -0.35691482060817314 66.49576154365424 -1.5433296565164756
Cyclist 0 0 0 721.576989942292 428.7204416815806 736.2842190168091 455.30446924106633 1.5599157753409 0.6997324858437 1.7849482955636 6.394006406750126 -0.46818886946093474 68.49039217416835 -1.557720596430685
Pedestrian 0 1 0 821.0525703689611 431.7050964361376 841.480023594683 470.31618912006695 1.430588231159 0.69126494243391 0.6926073403094 7.822934286639276 0.28939229024711843 42.18998261451024 0.1203406929790034
Pedestrian 0 1 0 319.1571376091969 437.5254309736462 339.1580631476453 467.1648009993425 1.2155469048633 0.65535800067269 0.64004693787359 -12.495612814523527 0.1919570342451959 46.93510458931734 -1.5547169880664402
Pedestrian 0 2 0 349.33444276026813 433.3318118481924 367.7349168833599 463.1631360133968 1.391271597078 0.74473357393823 0.60044850865941 -12.73880380173181 0.02960232428124529 53.12158160716047 -1.6206915185078516
Pedestrian 0 2 0 364.7774986208242 433.1978273966662 382.01785316168434 463.8206851034322 1.4276564214437 0.67535110203646 0.60568568391098 -12.00382255197613 0.061711191601377974 53.01388673471163 -1.5774392637166537
Cyclist 0 0 0 457.7188610101192 429.4562041320178 482.30177779953016 469.7664331756299 1.7291498384517 0.79481169062645 2.25840788847 -7.074499306493626 0.27379321707831045 50.81076143342338 1.59988794168099
Pedestrian 0 0 0 307.32544446916546 439.55273149491774 326.79563571583986 469.5595884859801 1.3314718748529 0.67518570942772 0.5789616130428 -13.994353014384783 0.31982630778325694 50.49797600230594 -1.4884672517111315
