Cyclist 0 0 0 -1.3941443563202256 468.8424704888712 122.53045921854095 587.9244607637694 1.5227374660302 0.80674637575749 1.7024081248879 -8.102093083234458 1.6754168514279717 16.08614983323686 1.6556886672196898
Cyclist 0 0 0 189.43443090007375 459.4392936566992 284.88136955100987 564.7579389920278 1.4696052875573 0.83651863825056 1.7986770146033 -6.061005954087415 1.4803165640392544 17.519340401399276 1.6039403321523897
Cyclist 0 0 0 701.339745747796 432.2067407885002 718.0533510024014 460.0961769989317 1.5451081979003 0.82843617112474 1.7132258289391 4.9308300317013325 -0.16823476362892223 64.84914213855967 -1.5433296565164756
Cyclist 0 0 0 717.4741358775623 429.3529187876184 732.4751257343554 459.2639207941167 1.7141931597153 0.6997324858437 1.7849482955636 5.992481518746734 -0.22271206606383634 66.73477970051411 -1.557720596430685
Pedestrian 0 1 0 837.5610001099252 431.5693224785527 860.5356208617313 474.288512692692 1.430588231159 0.69126494243391 0.6926073403094 7.685237375727634 0.39488199018710124 38.16126519819125 0.1203406929790034
Pedestrian 0 1 0 283.2052692584421 441.9288794572702 305.90139653546 474.95623616425473 1.2229140072394 0.65535800067269 0.64004693787359 -12.629554187675184 0.4673144420055273 42.47842329583055 -1.5547169880664402
Pedestrian 0 2 0 317.81878722221524 436.7685772487441 335.4978902023418 469.5671520180666 1.391271597078 0.58695774781317 0.7869108486254 -13.064087185075232 0.298901236472352 48.66598592639137 -1.6206915185078516
Pedestrian 0 2 0 336.17750439004953 436.70048427989286 354.4079207222914 470.20284495837257 1.4276564214437 0.63119600775453 0.60568568391098 -12.213606178744847 0.3319913563473678 48.52793759603211 -1.5774392637166537
Cyclist 0 0 0 410.1372732307608 436.4556291964426 439.34981004248505 482.0493724639961 1.6563435294643 0.79481169062645 1.7297401278937 -7.712929816254634 0.7011631723313836 42.875485066252594 1.59988794168099
Pedestrian 0 0 0 268.2443950558373 441.1643543024596 286.50003909199506 474.0883559085854 1.3314718748529 0.5447815449043 0.5789616130428 -14.420257482134456 0.4763827155717968 46.100100434409875 -1.5430625388432115
Car 0 0 0 594.1085946398101 425.0582102110562 622.6037437860467 451.2121767854625 1.6294513428238 1.8233836221706 4.1799318904676 -1.1265976132882332 -0.8590783833243745 76.51501467410978 -1.5205667281436035
