Cyclist 0 0 0 708.2692071462079 428.7314842564904 762.0389105759372 500.2062039348388 1.7313350913124 0.75074154477413 1.4857895616312 2.8120048070148287 0.9005083138901109 28.506108921555146 -1.9344504096835666
Car 0 0 0 295.0505169025182 437.50519966036586 446.1239322010864 542.2145309107968 1.460268461271 1.8233836221706 4.1799318904676 -4.292307009498519 1.1158513403789778 19.42993852116383 -1.5808689970850935
Cyclist 0 0 0 558.3269985714034 431.4916693180318 633.3854214553618 502.2771530839112 1.61125022884 0.83056864368676 2.0067495835134 -0.6965315872262259 0.8906308270939098 27.459782173353968 2.196225039323389
Car 0 1 0 406.848174052827 427.76299992810016 511.0843517789677 478.8038589541526 1.6842359891565 1.8733207579646 4.2559746296691 -6.18150996741555 0.4572262116423341 41.89008392883892 2.0214005238659896
Car 0 1 0 512.1656507195763 422.290468684621 616.2888721913077 463.2222160439812 1.6623154638169 1.9995134813979 4.8177174145877 -2.7411154191974996 -0.10385722847607803 51.1370090964899 2.3100930195041895
Pedestrian 0 1 0 477.1150917767234 433.7966686008626 508.0413536607679 499.7794561985499 1.6586224809009 0.71435258064473 0.66546436220259 -3.413571643332578 0.9408929248333737 28.727540242813472 -3.0672753190199966
Car 0 0 0 -59.37981563479002 436.8434542864071 40.94359493346019 468.846711623919 1.6127121372672 1.8362959101859 4.3566325875768 -34.766731423570725 0.2828034744246447 61.0037024199586 3.0775321355259897
Car 0 2 0 481.6462668901714 421.9242494921503 556.7509189481674 454.7974176105677 1.7148062612891 2.0515827773642 4.0938762793479 -5.949982986697372 -0.4895071260980063 62.19898650357273 3.0469999920134896
Pedestrian 0 0 0 490.9769312703753 447.040123809202 522.6777206361631 498.5016085475953 1.2608288679305 0.60150023940472 0.7021586857213 -2.987499075858918 0.8943811275794478 28.149505314725975 -3.0688044874097966
Cyclist 0 0 0 92.95361874418133 446.026877616861 170.48889515970654 511.5583442409521 1.5699931455197 0.78509996351847 1.5306324138583 -12.261191680340197 1.1874881234783377 27.676138038678086 -2.9741118677775966
Cyclist 0 0 0 816.8967768295068 432.59165803230337 927.5219383765476 576.2107648245301 1.7222539792012 0.92442828845726 1.6829625622726 3.221593448042222 1.3639105584750433 14.693446142854352 -1.6423800649800435
Car 0 2 0 788.7470119195008 416.0213552595353 879.6407208010652 449.1386123639314 1.6912040593423 1.8681774015511 4.4989052341383 11.33272284594881 -0.775325276804845 60.3899015685751 3.0684715205275896
