Cyclist 0 0 0 684.9311619606486 420.9546133883608 703.1371720445416 456.6830559196184 1.7997030700214 0.82843617112474 1.7132258289391 3.605366567273257 -0.3327342212932612 58.21290884221068 -1.5433296565164756
Cyclist 0 0 0 719.1331884662139 423.0011476735782 736.8319351774363 455.9766300480545 1.7163123545556 0.75601909066942 1.7849482955636 5.5835970367471 -0.38296625631580095 60.37689433967804 -1.557720596430685
Pedestrian 0 1 0 940.1135776664236 433.0572081941855 975.9339359480246 499.3638142338594 1.3781317618848 0.68510691827417 0.55249573406015 7.138946901656026 0.7676907434718421 23.86318978759776 0.0424348794959033
Pedestrian 0 0 0 81.81585154766117 445.0877141811608 119.04791480516128 500.51865520891306 1.303952133377 0.60466359929425 0.54427460698369 -12.709792243741326 0.9049824717789257 26.95452256491568 -1.5547169880664402
Pedestrian 0 2 0 175.33833297744684 439.7913843240688 204.87511427051868 487.36311027979184 1.3848991530925 0.62281589011432 0.60762013711964 -13.02621296909411 0.7303862848768076 33.31135184641355 -1.5821570750660976
Pedestrian 0 1 0 186.96012843858267 436.6507446162591 215.55336088971404 489.6337866014792 1.5298815889982 0.56565568956116 0.67535813261605 -12.57717223306545 0.788110652331136 33.01672500316001 -1.5774392637166537
Cyclist 0 0 0 -14.568099706260456 450.86231854362944 97.09185168098507 579.8617406009612 1.667459797254 0.63811580726179 1.7297401278937 -8.32556468183146 1.5494677721766676 15.980832002253496 1.59988794168099
Pedestrian 0 2 0 155.15002591775772 437.7754427894874 180.957989991099 486.0023569975594 1.4036832522162 0.51206350666118 0.53049757740717 -13.610959466339667 0.6901777023494953 33.12469596343881 -1.5533632725328435
Pedestrian 0 0 0 57.46714896745425 450.0540636002504 92.871733289066 499.6279533634309 1.296093383934 0.62064911283151 0.5872839224717 -14.85040430840265 0.9861621930085771 30.039625915190964 -1.5430625388432115
Car 0 0 0 569.006324082124 418.8461497676668 605.8863001960632 451.16631349136895 1.6294513428238 1.8233836221706 4.1799318904676 -2.049213306349333 -0.7150148489750682 61.53467961775407 -1.5205667281436035
Car 0 0 0 511.0068406072879 419.050609872698 549.7482852524436 450.8959259283179 1.7641308130892 1.8860133527681 4.0669640303576 -5.675306187165411 -0.7818056949068068 67.01160381386363 1.62702266703179
