Cyclist 0 1 0 732.0478000019344 437.6650742686032 860.004317622313 566.3205772088443 1.6920451733616 0.72122141801259 1.6318091900543 2.4007072890653807 1.3687771339969939 15.634368526469496 -2.6675277268222963
Car 1 1 0 -776.4733620890446 485.9185789243096 238.5737614529816 1066.442895935751 1.4978646571716 1.8233836221706 4.1799318904676 -3.5285135256161406 1.793747868568758 5.665016564748915 -1.5808689970850935
Car 0 1 0 177.42066619688876 446.80035610229606 384.6833425389939 547.0165421360026 1.4671003062009 2.0007750863726 4.4406187680961 -6.249552902998018 1.283341418282866 20.86089589685908 1.7379383716681893
Car 0 1 0 340.7092484164942 433.8183512694368 502.4084285172148 511.2002342889389 1.6623154638169 1.9892065306775 4.6084970871081 -5.1321020741321925 1.0144258781086481 28.800211162649678 1.9694343022018899
Pedestrian 0 1 0 76.54109281920705 462.5447133960517 161.41931096287283 604.3589394828128 1.6870034094383 0.6453112243299 0.68895222581521 -6.259639471183861 1.7109662232158873 13.824833010745603 -3.0672753190199966
Pedestrian 0 1 0 74.50536962759588 485.8258483426485 146.1094166085245 595.0308033770724 1.2499088424331 0.46736146137711 0.58872296340007 -6.137928334794816 1.5508641929777076 13.302319560885298 -3.0688044874097966
Cyclist 0 0 0 1122.7986556310043 440.37561785740667 1239.3534957298411 572.258632988875 1.6832401046764 0.77890007032291 1.6829625622726 7.797353413233238 1.4136875715118478 15.597223145472187 -0.6290959441594466
Car 0 0 0 578.2897424221602 425.66960617489065 719.4453948212556 480.6331705278684 1.7429561815989 1.8681774015511 4.8737838315614 0.8978553255113595 0.49731802119330293 40.085343664725066 2.5981704877061897
Car 0 0 0 816.9876199667658 421.3089887584084 949.3968971107475 469.3414678413646 1.7319365931699 1.8125990555243 4.8729230476788 10.229915018214264 0.16616706811079496 44.092549217589216 2.8570835034023894
Car 0 2 0 1050.4761192812434 413.7721225354612 1171.130987982761 460.3916599632563 1.7833468064447 1.9196582656434 4.1710216040089 19.894531382970754 -0.1628928049320883 45.59844396057094 2.9612778989075896
Cyclist 0 1 0 270.49935629658285 437.5058244722596 292.18420089346034 466.0094328884723 1.532656412591 0.9435254811715 1.9024166953092 -19.744530504738147 0.1596361783230385 63.85883847651269 1.4196886612287032
