Cyclist 0 1 0 726.1963376737411 453.38787977795374 864.1318823127281 578.5775785078182 1.5594054735168 0.67838060830059 1.750380397578 2.245694272107941 1.4627945911896618 14.669532973797052 -2.9151053782462966
Car 1 1 0 -1406.1759092901102 495.6386734549665 174.7103399090945 1340.4943538308942 1.4978646571716 1.8233836221706 4.1799318904676 -3.5466051484094603 1.8291212857327965 4.605272815687153 -1.5808689970850935
Car 0 1 0 144.80867138273953 448.0812306816935 370.7433001653477 555.2262765026288 1.4671003062009 2.0007750863726 4.5503161530315 -6.31906929257599 1.325392106555521 19.822509058467357 1.7379383716681893
Car 0 1 0 303.4314157420817 431.463872746735 491.49833749822926 518.2741430643536 1.7357798492743 2.0814909212938 5.0565554671743 -5.382286921144476 1.0742285334011874 27.169098861712698 1.9694343022018899
Pedestrian 0 2 0 -17.575938644715848 459.2307304378513 80.01063838041159 618.9034724363711 1.7444266029328 0.6453112243299 0.68895222581521 -6.745234194567019 1.7292814651318122 12.703494439700078 -3.0672753190199966
Pedestrian 0 1 0 -19.628431300178026 494.95674429895513 58.4452970568459 625.9890881692673 1.3732326559399 0.48669028655958 0.52954086951553 -6.6278365844133695 1.7529495223111153 12.216736763851461 -3.0688044874097966
Cyclist 0 0 0 1211.2098921832835 435.5258962589442 1358.028043787659 568.7561405288361 1.7228392237887 0.77890007032291 1.6829625622726 9.125456743055587 1.3806368578931343 15.427077087196519 -0.2653909927340965
Car 0 0 0 546.7145109134597 428.0620071056594 692.8386905691128 483.5727672198824 1.6443726970206 1.8681774015511 4.9236721316399 -0.12296816439098898 0.5501936549834262 38.206963232902616 2.4954337246050895
Car 0 0 0 794.0075940520572 421.9308270301462 929.808948223593 471.7959266306426 1.7319365931699 1.8125990555243 4.8172324985624 9.054977463312982 0.24728349226110613 42.54438175131259 2.8570835034023894
Car 0 2 0 1024.4951401626845 413.3873839259052 1153.544708848692 464.919642919349 1.8962678808943 1.9196582656434 4.4899820796096 18.387894629022295 0.0023342759838281824 44.10910894209082 2.8882232333635898
Cyclist 0 1 0 260.5542192104364 439.5869101441007 289.3813216260295 468.5784008876376 1.532656412591 0.9435254811715 1.9024166953092 -19.748368041261298 0.3023670967614578 62.71702908815925 1.6341588517867898
