Cyclist 0 1 0 728.591684393582 451.4179003574781 861.3440249530361 575.8483799571218 1.5508373115744 0.67838060830059 1.6528999825572 2.268506110075549 1.430782017878363 14.831627051635538 -2.7901424912526966
Car 1 1 0 -1134.8460683379326 494.7189504069101 196.0991805841712 1226.1928580976646 1.4978646571716 1.8233836221706 4.1799318904676 -3.5635186298743404 1.834771507964241 4.984513442248687 -1.5808689970850935
Car 0 1 0 144.80867138273953 448.0812306816935 370.7433001653477 555.2262765026288 1.4671003062009 2.0007750863726 4.5503161530315 -6.31906929257599 1.325392106555521 19.822509058467357 1.7379383716681893
Car 0 1 0 314.78160272256525 432.5422216395911 495.2872003767363 514.2231274453464 1.6623154638169 2.0814909212938 4.9120824538265 -5.304640702440788 1.014689259389467 27.642707356466776 1.9694343022018899
Pedestrian 0 2 0 21.42791610235656 464.2425610424497 114.37955923375648 617.4703136292708 1.7160896751183 0.6453112243299 0.68895222581521 -6.495656234109882 1.7599122942033993 13.036415757368475 -3.0672753190199966
Pedestrian 0 1 0 13.088045937990728 496.0786555261933 92.56287871032168 612.8672219884312 1.2499088424331 0.48669028655958 0.58872296340007 -6.41632789185227 1.651749481481601 12.512708676231437 -3.0688044874097966
Cyclist 0 0 0 1182.422052214321 435.45200443280766 1303.7293974705042 568.7083024542791 1.6917085235227 0.77890007032291 1.6829625622726 8.569961354033726 1.3533298897975226 15.429521575537455 -0.5816241221426066
Car 0 0 0 557.3328487788525 427.0165219488343 702.6289228287993 483.2210123705881 1.7100360559137 1.8681774015511 4.9236721316399 0.22277151497456857 0.5558227946471627 38.870167301556585 2.5428626878179896
Car 0 0 0 799.2464534128343 421.83255392423206 936.1194248881292 471.1738695281184 1.7319365931699 1.8125990555243 4.9293743966464 9.382204287533643 0.2267203280925656 43.02630720079921 2.8570835034023894
Car 0 2 0 1029.5079971931384 413.9626181888886 1158.8445403619992 461.7383022898681 1.7833468064447 1.9196582656434 4.4654466584095 18.80869106359937 -0.11188761677528657 44.64294656422186 2.9612778989075896
Cyclist 0 1 0 263.96823649247887 439.2433782091636 294.3679131578156 467.9316349285887 1.532656412591 0.9435254811715 1.9024166953092 -19.67068577407237 0.27113081100670877 63.229004592728764 1.7073551388235897
