Cyclist 0 1 0 733.6954339721761 435.2384403611321 831.0256715907418 529.9903617999412 1.6197375479564 0.6697257876754 1.6206649939242 2.855287663514039 1.1527271441073397 20.245776129294764 -2.4992011020554465
Car 0 0 0 14.513541882178629 459.3309645771549 372.5859044557391 684.0331495933082 1.4132732163952 1.8233836221706 4.1799318904676 -3.65676208017922 1.5133124892639553 10.36137031071995 -1.5808689970850935
Cyclist 0 1 0 85.02460239939899 455.39961599475697 245.209754897568 591.6187754994955 1.4773443742597 0.70582310662386 1.6164459107787 -5.582764674531198 1.4397976314172973 13.592240095927725 2.4096629401856897
Car 0 2 0 300.32543537957594 434.8231789697615 457.7607675408847 506.4101477388398 1.4671003062009 1.8082829470223 4.6272278950108 -6.023862065070526 0.8682104569445511 27.881760942673814 1.8942515478070892
Car 0 0 0 418.3570222478624 428.8011052686316 558.5921404260174 486.757968834763 1.5921081744989 1.9892065306775 5.0058426500062 -4.34869912546527 0.5859448258923067 36.32127239192708 2.10246293321239
Pedestrian 0 2 0 307.73202526325167 439.44981891781896 365.3748559470727 540.2691462389248 1.648221721865 0.58583826675723 0.76541745698007 -4.839410266284247 1.2795914732445863 18.72215764890352 -3.0672753190199966
Car 0 1 0 129.78809868708254 436.55119833550543 253.3399797648256 476.2723334664913 1.7148062612891 1.924678531215 5.0342051214875 -20.366804262091875 0.569580472705119 52.3906908283857 3.1044652073866894
Pedestrian 0 2 0 334.8847783897354 464.9134557421266 375.9781781722127 539.6979886907908 1.1828394534193 0.46736146137711 0.52165357438626 -4.409229568130255 1.2430388374917107 18.22212935331673 -3.0688044874097966
Cyclist 0 0 0 893.8996891197091 439.0679298476589 967.019557025472 567.160520328774 1.6390305557921 0.93077657491665 1.6829625622726 4.324634039076105 1.3470159623319253 15.74331911395348 -1.2563142249132766
Car 0 1 0 679.7523892700831 414.5607421873228 794.0690230114773 464.3409536581429 1.9884936700561 1.8681774015511 4.5676348606645 4.834071161331245 -0.02226452287509134 48.016795857208756 2.7808084341405896
Cyclist 0 2 0 283.49825589477325 434.1706701631748 311.12383680768767 460.5020739630297 1.532656412591 0.91248750602276 1.9024166953092 -20.17885785739841 -0.15275771184679612 68.44166029420491 1.729714282938989
