Cyclist 0 1 0 733.9677954781919 438.6127272169799 848.112071970066 546.746946707343 1.651558142206 0.70652768843609 1.7007869251209 2.6895711010630072 1.2904330005687359 18.028762332830812 -2.7078210914126966
Car 0 0 0 -213.8221929124552 470.0675389811059 325.5108660301734 799.5603098463179 1.4508694122958 1.8233836221706 4.1799318904676 -3.549884033309513 1.6537708936744306 8.004002537216286 -1.5808689970850935
Car 0 1 0 254.557265301824 434.7452148954423 421.9644491050297 516.1601081381693 1.4671003062009 1.8082829470223 4.3709736582163 -6.153451632157009 0.943277259839439 24.4623484065029 1.8045602983670896
Car 0 1 0 384.116539528864 432.3718302154908 532.3617447497875 493.4956376803829 1.4867972405218 1.9892065306775 4.6553572241697 -4.775900914523356 0.6990727824433213 32.59863471710465 2.058477882548189
Pedestrian 0 1 0 223.88790020549447 442.375134082473 290.6873500470239 559.1074328799841 1.648221721865 0.58583826675723 0.72153520567137 -5.341178250938145 1.373694971763013 16.21767028919416 -3.0672753190199966
Car 0 1 0 -0.5759470218268916 438.6115646805364 122.31302499800016 479.8880329375482 1.7148062612891 1.924678531215 4.4876055142036 -25.341006805696875 0.71125318837241 50.04042874798634 -3.1220155621285963
Pedestrian 0 0 0 242.71059640395544 472.9768482295376 300.1562069800812 559.3671599962264 1.1828394534193 0.46736146137711 0.628676330817 -5.02531781757272 1.3533634072328213 15.843476873335096 -3.0688044874097966
Cyclist 0 0 0 971.7787192058302 434.8573525657204 1071.2973919730696 563.998869829739 1.6390305557921 0.77890007032291 1.6829625622726 5.558467045541015 1.2904905511704454 15.559923629504206 -0.8594211809179566
Car 0 1 0 624.9222893984404 421.1124016357291 758.5601869838199 468.50995720006193 1.6912040593423 1.8681774015511 5.0479728150987 2.678259711746667 0.11545474069193762 44.31286363359395 2.7190692463541897
Car 0 1 0 858.5694091278827 416.1556845978596 980.5220734831696 459.9811686966216 1.7319365931699 1.8125990555243 4.7045274961467 12.52990628091463 -0.18537451061757082 47.3843435254424 2.9565184795020896
Cyclist 0 3 0 275.9556632468461 434.7639741351893 306.30305483700386 462.0859935210084 1.532656412591 0.88467720821365 1.9024166953092 -19.84773869604561 -0.058654015434701626 66.0769523606434 1.8166777663944895
