Cyclist 0 1 0 716.1059191482336 429.4400995535517 814.3812441535848 519.6060744669695 1.6936228417987 0.84914109141659 1.7648685014832 2.804376021671486 1.0613711850255112 22.313584417992637 -2.4416775252875564
Car 0 0 0 142.0154243988179 451.1651961137373 405.3844066715865 633.6011236335577 1.5260618040971 1.8233836221706 4.1799318904676 -3.7645046465375858 1.5111069635790688 12.768738969591208 -1.5808689970850935
Cyclist 0 0 0 278.03322453024447 444.1384905716753 396.1657642578431 545.7757111993536 1.4773443742597 0.70582310662386 1.6164459107787 -4.381419137218873 1.224253581175131 17.044595873709916 3.10784715166339
Car 0 1 0 337.365911675243 430.7371624140751 471.77427434313137 497.6841315592018 1.6027215272276 1.8082829470223 4.5167674944511 -6.121935373133274 0.7890029950650865 31.483519761155755 1.8942515478070892
Car 0 1 0 446.6897970508274 425.8098605024276 578.7828013956702 476.5467157214274 1.5557508282449 1.9892065306775 5.1763386532141 -3.9563188426155795 0.32166313734186347 40.17684457865281 2.15970816199909
Pedestrian 0 1 0 372.3255590957392 434.305061968881 424.4926663534032 523.2018964109694 1.648221721865 0.54335758277675 0.83389822011363 -4.293046684412651 1.131167804873298 21.133436265550145 -3.0672753190199966
Car 0 2 0 235.59393211422127 432.8910200255855 345.3176957686031 471.28241912597673 1.74056702811 2.0515827773642 4.8086764732275 -16.441184874454144 0.35646116494064867 54.81659910109066 3.1044652073866894
Pedestrian 0 0 0 396.540180088272 454.7105936827361 443.00868570940776 523.6361707009177 1.2462058527096 0.46736146137711 0.74511193112409 -3.8182601003647187 1.1214226872301094 20.73037225081097 -3.0688044874097966
Cyclist 0 0 0 841.5811951279453 427.30933306086337 918.446035596588 563.4949582061942 1.7619578474765 0.98909126524184 1.6829625622726 3.585549672721626 1.2957968000477555 15.69728347451558 -1.3166945886469466
Car 0 1 0 706.7081202485912 415.3624539108181 814.3602154492058 459.2578081898073 1.8869598390851 1.8681774015511 4.5676348606645 6.250226078337077 -0.2321227842956569 51.38599626983229 2.89347788834219
