Cyclist 0 1 0 725.252846623589 429.6762734341236 809.3107920497848 514.6391249086267 1.6685527668379 0.77486437541372 1.6949715456254 2.976533131650781 1.0120997425269016 23.394635274414657 -2.1981835532300265
Car 0 0 0 167.59754295123832 448.143240944436 409.32808949048274 609.4466125716252 1.460268461271 1.8233836221706 4.1799318904676 -3.879603998637148 1.3942555185293777 13.632894661436149 -1.5808689970850935
Cyclist 0 0 0 343.29464170735065 439.5625634018023 453.0832865073029 540.6233311443939 1.5552801592437 0.70582310662386 1.6164459107787 -3.756859647710975 1.2114534392609062 18.485895295783905 2.65270967347709
Car 0 1 0 343.0072407497379 431.2636209758546 473.246451576768 489.926202776458 1.4528501399248 1.8082829470223 4.4479830488601 -6.2776933652672975 0.6196055860618994 32.74668678234708 1.9194050935883897
Car 0 1 0 454.6549189559355 421.89546292766585 580.181508895958 472.899241492471 1.6623154638169 2.1170840933639 4.9225923435554 -3.9473797461685916 0.21952852133940542 41.70233031821947 2.15970816199909
Pedestrian 0 1 0 394.8233356405407 432.4579501975379 436.131211754344 517.3505133599391 1.6501634033786 0.54335758277675 0.67257847865543 -4.157719323791836 1.0707566897981695 22.125403276248996 -3.0672753190199966
Car 0 2 0 277.6899299189308 422.5780765599512 377.9131622424815 459.262394271052 1.7148062612891 2.0515827773642 4.518219505046 -14.869068914729947 -0.2248902773910218 55.80082234951348 3.1044652073866894
Pedestrian 0 1 0 414.1129380897444 450.7465581672327 450.3889628931384 513.472889868745 1.1891760933483 0.46736146137711 0.59303257282733 -3.7584612879069774 0.9794869574649709 21.714760356073498 -3.0688044874097966
Cyclist 0 0 0 821.9603475333311 427.39341267695926 911.314629641518 563.0914802629356 1.7562368770932 0.92098590096496 1.6829625622726 3.35973368767627 1.294972817211103 15.642695499105606 -1.5077080663068356
Car 0 1 0 719.5682713331653 414.9827608406584 824.5672162463891 453.3476759582959 1.6912040593423 1.8681774015511 4.5676348606645 6.957593008908506 -0.5044375718466936 52.73968581058255 2.9339834938585896
Cyclist 0 2 0 284.1088704885902 432.2995888879472 301.5498418326405 457.29239169637646 1.532656412591 0.85633719044627 1.9024166953092 -21.589331873372572 -0.36894365174613564 72.22075092424556 1.4196886612287032
