Cyclist 0 1 0 732.6521419065779 438.2714095898965 842.4181926079298 536.68444266888 1.5738909757322 0.7839321588087 1.7105526369158 2.761602699021084 1.1890886534141512 18.883558212754625 -2.7480236054110967
Car 0 0 0 -95.88934421103886 467.0244930893751 348.2328500364847 740.1045777332148 1.4132732163952 1.8233836221706 4.1799318904676 -3.5959277922828465 1.593260497874082 9.01957193386718 -1.5808689970850935
Car 0 1 0 273.5389415891144 438.5583506365301 429.2898619407114 516.4610571960523 1.4671003062009 1.8082829470223 4.2401805426744 -6.145498477633286 1.0092473257385597 25.542387272198045 1.8045602983670896
Car 0 1 0 399.4890128640513 430.0830711018236 546.0721881329782 494.7266518647278 1.6623154638169 1.9892065306775 5.0058426500062 -4.550944520111895 0.7632724096834795 34.14436551424608 2.058477882548189
Pedestrian 0 1 0 265.80200331255 439.72508327160335 319.4669639778592 549.7816586147292 1.648221721865 0.58583826675723 0.59549472105816 -5.1132378285377165 1.3150591126635167 17.16880008689323 -3.0672753190199966
Car 0 1 0 50.69985394403909 437.3977567654555 180.44135675190157 478.3017019062013 1.7148062612891 1.924678531215 4.9949843942022 -23.28047762620889 0.6423217288347065 50.94166897227402 3.1044652073866894
Pedestrian 0 0 0 279.4642530043969 472.2669741405216 325.748613085711 553.7686428872082 1.1828394534193 0.46736146137711 0.52165357438626 -4.852701980635998 1.3514218904177497 16.772599159058956 -3.0688044874097966
Cyclist 0 0 0 936.9970949634048 437.6054842447088 1014.400338559001 566.5272945818655 1.6390305557921 0.77890007032291 1.6829625622726 4.9459462651717905 1.3287537318859963 15.640252432612922 -1.0826197132705064
Car 0 1 0 649.1886489554721 419.8116946511088 773.4522673749553 470.0983999989896 1.8887213130661 1.8681774015511 4.796847590435 3.5708975906841385 0.19600687828534485 45.88910535411721 2.7571775658903896
Car 0 0 0 871.9360099709814 419.068941092403 984.0014899674152 461.8167792085847 1.7319365931699 1.8125990555243 4.3703260893166 13.217452710107032 -0.10626785043330066 48.58898247293152 2.9565184795020896
Cyclist 0 3 0 278.50748397474814 437.2662808216296 305.04735795405304 464.1895176082907 1.532656412591 0.91248750602276 1.9024166953092 -20.166294616229347 0.06752399991638389 67.26466440095729 1.659742810402589
