Cyclist 0 1 0 735.9779775271185 439.1450792651922 864.3413690889083 555.006574832085 1.6405510072066 0.67838060830059 1.7917380975873 2.642926845912531 1.3143417048444719 16.823522140103606 -2.6675277268222963
Car 0 0 0 -449.432321879946 475.404856927071 287.85202444367013 917.4640112215216 1.4978646571716 1.8233836221706 4.1799318904676 -3.4896271597003117 1.7329600683440687 6.674939964135863 -1.5808689970850935
Car 0 1 0 215.42561124952877 437.5960137468211 408.57547362136097 528.697585919426 1.4671003062009 1.8082829470223 4.6512708974481 -6.146646341576367 1.0598683705197511 22.515465672507304 1.8045602983670896
Car 0 1 0 359.2189399665265 425.1820469893334 523.470232590325 497.03509938159937 1.6623154638169 1.9892065306775 5.0866263155491 -4.920512571563406 0.7165436905098213 30.686598896045172 2.01959617320669
Pedestrian 0 1 0 167.8275511131751 446.1788819354538 241.79348382701303 573.0852019502025 1.648221721865 0.6453112243299 0.68895222581521 -5.644515116651117 1.4484832896410018 15.006057364867347 -3.0672753190199966
Car 0 1 0 -133.2434159137331 443.05065576079664 16.780107121031165 486.3941463915388 1.7148062612891 1.924678531215 5.2080265749273 -29.600225392728458 0.9509569620229652 48.27894289902542 3.1313299821203895
Pedestrian 0 1 0 162.81236049529593 475.89340927166944 225.3464559347005 575.6452417572873 1.2524182447969 0.46736146137711 0.58872296340007 -5.616030106062378 1.448373798332368 14.533013786667148 -3.0688044874097966
Cyclist 0 0 0 1046.4465706171404 434.3887199861615 1141.844625591756 568.2493249926142 1.7008528939201 0.77890007032291 1.6829625622726 6.568151010942146 1.3456038158218984 15.551616103053528 -0.8673555296807866
Car 0 1 0 605.85219604499 416.7144213858492 735.723277271631 469.58473824756175 1.8120855908569 1.8681774015511 4.6696828833759 1.7643604783025315 0.13982264560587776 42.170896552423244 2.62155955914169
Car 0 1 0 839.1830866655483 414.5031254964858 967.471091722627 461.51106557632 1.7959106774825 1.8125990555243 4.8020713875705 11.421766756847525 -0.1221429503716025 45.72406281415422 2.9565184795020896
Cyclist 0 1 0 270.2371089632249 431.9331262526271 297.841344147304 459.6957045449425 1.532656412591 0.89394730748335 1.9024166953092 -19.910711563709896 -0.19574877673837127 64.90950303943016 1.6666086574813894
