Cyclist 0 1 0 735.9600370523531 439.67343444222496 851.8519648431395 541.6756779358914 1.5135739336466 0.70652768843609 1.6825966906276 2.668023972983681 1.1792712731683737 17.579476725882813 -2.7078210914126966
Car 0 0 0 -275.1181781509448 467.8502072988228 314.87721642620664 830.1611980026984 1.4978646571716 1.8233836221706 4.1799318904676 -3.5311007082725228 1.6784558120602364 7.589705996268767 -1.5808689970850935
Car 0 1 0 243.73787899654823 435.9267157051688 417.95778525262 520.5693732050138 1.4671003062009 1.8082829470223 4.3709736582163 -6.102409119022579 0.9898976471447827 23.67801672884207 1.8045602983670896
Car 0 1 0 376.0022578029576 425.9886007606098 525.2643779913751 494.39214062187824 1.6623154638169 1.9892065306775 4.6553572241697 -4.860643785783547 0.6996007381185334 31.76697304323034 2.01959617320669
Pedestrian 0 1 0 213.8461967520093 443.5573912984719 274.0882095307326 563.1850027589553 1.648221721865 0.58583826675723 0.59549472105816 -5.40376562159483 1.3972296040919518 15.832419103245071 -3.0672753190199966
Car 0 1 0 -31.59649337516328 439.0674698845358 97.10410827237502 480.9154191336076 1.7148062612891 1.924678531215 4.6354163232337 -26.376191431751472 0.7438817043873363 49.6210694619376 3.1313299821203895
Pedestrian 0 1 0 220.19603992378651 474.3361854038874 277.5290732906239 565.493514823825 1.2072283221516 0.46736146137711 0.58872296340007 -5.17121526384244 1.391476360311789 15.326930266541504 -3.0688044874097966
Cyclist 0 0 0 996.9351357008816 442.0237904138973 1087.4299170098002 565.3704641572757 1.5545429675614 0.77890007032291 1.6829625622726 5.864656859085374 1.3109837128854351 15.602954412661633 -0.9313697326784266
Car 0 1 0 610.6082056154601 418.8518212897734 748.6618855135428 467.0523863613474 1.6912040593423 1.8681774015511 5.1214769358974 2.1561235657356277 0.05478735538624971 43.47189298272162 2.7190692463541897
Car 0 1 0 852.832483056084 414.39321190606734 977.9711167305896 458.72631117022365 1.7319365931699 1.8125990555243 4.7816508977229 12.195233456045116 -0.2362804903810435 46.78016421815769 2.9565184795020896
Cyclist 0 1 0 277.953999200723 434.97718871171503 300.71012952708844 462.6744413244443 1.532656412591 1.0515389950683 1.9024166953092 -19.80518466865858 -0.029161257598670068 65.57953047161331 1.4196886612287032
