Cyclist 0 1 0 733.4860141182587 446.118247700812 861.4315586917178 565.6648889810335 1.604157326526 0.67838060830059 1.6916918078743 2.4804082686896223 1.3981043999337537 16.029689125057107 -2.6675277268222963
Car 0 0 0 -643.1963510117622 481.7119268645834 254.11883150038236 1001.823047272334 1.4978646571716 1.8233836221706 4.1799318904676 -3.5456310385285303 1.77125214918048 6.042570931468984 -1.5808689970850935
Cyclist 1 2 0 -1863.1287122644749 558.220937684608 -965.112262720462 1057.9450442889167 1.5183287474503 0.73152617810028 1.6078188766424 -8.371873823747123 2.046176960825815 4.770944210507525 1.8328217817132897
Car 0 1 0 186.9166575263264 445.6569567038882 390.8625050863787 544.5301807963897 1.4671003062009 1.9505034987376 4.6512708974481 -6.2202856789339735 1.2585232400664739 21.271602774651353 1.7379383716681893
Car 0 1 0 348.40488651250087 435.6467287066036 509.2050133958133 507.8851040116785 1.5570045298399 1.9892065306775 4.7642167915679 -5.036297140298668 0.950558786300082 29.338220409797767 1.9694343022018899
Pedestrian 0 1 0 101.42518166239506 455.2071903524576 182.799519778049 589.8594902699529 1.648221721865 0.6453112243299 0.68895222581521 -6.135105340140552 1.577219091841926 14.195274326014605 -3.0672753190199966
Pedestrian 0 1 0 101.39658781665356 495.0115621541289 169.88401726310195 595.9232471432716 1.1828394534193 0.46736146137711 0.58872296340007 -6.001427383442178 1.6063776388909643 13.67560079813416 -3.0688044874097966
Cyclist 0 0 0 1102.148760895606 438.5831464532816 1202.3542652508763 570.8340260053033 1.6825641531253 0.77890007032291 1.6829625622726 7.40496457651692 1.3876518373953253 15.609240622106764 -0.7968381005773266
Car 0 0 0 586.6758995314899 425.6815348697101 725.6256979001939 478.3443478028686 1.6912040593423 1.8681774015511 4.8737838315614 1.175449044481138 0.42737073572861484 40.65407152494747 2.5981704877061897
Car 0 1 0 821.8164830161544 419.7701547663833 957.5739534204502 468.73553193151366 1.806573024868 1.8125990555243 4.9909168915761 10.582741475298585 0.15719170710070385 44.556253909470655 2.9565184795020896
Cyclist 0 1 0 268.0595073343957 438.6322071750755 298.5519304034969 466.8331814523583 1.532656412591 0.9435254811715 1.9024166953092 -19.752648471780063 0.21367930479435793 64.25925993736222 1.7358413702336897
