Cyclist 0 1 0 731.8521081726534 435.10770833511566 823.6583596109182 522.5859774117181 1.5904693153663 0.79178600751586 1.6920891465369 2.984589261004089 1.0895833492645233 21.85494891450829 -2.2280921286635365
Car 0 0 0 122.90550266338158 452.88238078439656 400.1504659640465 644.0010843374995 1.5260618040971 1.8233836221706 4.1799318904676 -3.744274858550256 1.5376928137651693 12.32253835437736 -1.5808689970850935
Cyclist 0 0 0 204.6456447029776 446.6509490189671 336.3569220997931 560.681105317805 1.4773443742597 0.70582310662386 1.6164459107787 -5.058062895501576 1.2940888818463425 15.960824140241463 2.4096629401856897
Car 0 1 0 328.91386100634884 431.6935721940642 468.0162356141712 498.2727763513695 1.5349109167142 1.8082829470223 4.5167674944511 -6.107250021198581 0.7750032408096684 30.58150956078755 1.8942515478070892
Car 0 1 0 443.1709591702852 427.1144959191814 575.6464781203823 479.5489384141406 1.5770637553593 1.9892065306775 5.1763386532141 -4.008005533710698 0.41273759318054604 39.55391591003835 2.13561600087459
Pedestrian 0 1 0 362.3416053809616 435.0133952050927 423.1659208813791 525.6429696336563 1.648221721865 0.54335758277675 0.97517436770206 -4.3179622675169576 1.1546335813053883 20.744776223098455 -3.0672753190199966
Car 0 2 0 215.16225864860095 431.407783132208 324.5567501261527 469.51559580970405 1.7148062612891 2.0515827773642 4.702480637476 -17.30616485046926 0.268594608055632 54.342995328974744 3.1044652073866894
Pedestrian 0 0 0 386.9657722887292 456.1306655344475 425.9338983139229 529.355174336329 1.2905623322128 0.51004198165862 0.57004966184424 -3.9721392561220377 1.1956904480829595 20.251079341916473 -3.0688044874097966
Cyclist 0 0 0 845.7809675684022 431.6263169919663 925.6962950724428 564.6174025708083 1.7180552433035 1.0321001378299 1.6829625622726 3.6990365636276987 1.314125621022903 15.756176896344522 -1.2890102912622765
Car 0 1 0 701.2199659093584 415.4087222828151 809.9581755238798 458.5147864147715 1.821309271236 1.8681774015511 4.5676348606645 5.953802501042577 -0.2681249928890349 50.75764647681197 2.8448927052620894
