Cyclist 0 1 0 730.4596151955666 432.89459297423167 823.5913397896618 522.5479851367606 1.6300989494701 0.63093465304658 1.6920891465369 2.927828165965527 1.0869479293766582 21.508200878876213 -2.4416775252875564
Car 0 0 0 94.98311562412562 453.0349245326295 392.72374212197593 655.9015689548866 1.5260618040971 1.8233836221706 4.1799318904676 -3.717923154600683 1.544446239518542 11.735122502160836 -1.5808689970850935
Cyclist 0 0 0 198.2924931303403 447.6834224828923 333.0668837292401 564.4131113331964 1.4773443742597 0.70582310662386 1.6164459107787 -5.017680923979327 1.3139681241005925 15.624127309043526 2.4096629401856897
Car 0 1 0 323.1458636483801 432.4372875310967 465.8513141560522 498.0412844754085 1.4671003062009 1.8082829470223 4.5167674944511 -6.073725467680522 0.7472651687774031 29.90653051651059 1.8942515478070892
Car 0 1 0 438.8373357746573 425.87736440700473 571.8835723584805 477.573946257752 1.5237814375733 1.9892065306775 5.0058426500062 -4.057111372688755 0.34012417293017183 38.63354290138242 2.13561600087459
Pedestrian 0 2 0 357.2818542113411 435.9951179439946 401.62737642118566 528.6050108989866 1.648221721865 0.54335758277675 0.63964351717954 -4.468197553461612 1.1827210759739784 20.294136849212812 -3.0672753190199966
Car 0 1 0 199.34380733694536 428.0535997365084 306.6131462345577 466.3225201090583 1.7148062612891 2.0515827773642 4.5184314675983 -17.97221957501969 0.11498489210436233 53.863244961867174 3.1044652073866894
Pedestrian 0 0 0 375.35848870089495 457.8768735312849 412.33196533048965 526.8107631751016 1.1828394534193 0.46736146137711 0.52165357438626 -4.090845304151055 1.1209641507584511 19.711414691947887 -3.0688044874097966
Cyclist 0 0 0 855.6139604972719 428.0567724619348 940.1793721396896 564.7643747238731 1.7707383683111 1.0872135855685 1.6829625622726 3.856060177589678 1.3139134501426981 15.740719009720568 -1.2905832499338465
Car 0 1 0 697.3933693889804 415.6978695511858 807.5565851509363 459.4123311271752 1.821309271236 1.8681774015511 4.5676348606645 5.735669932108975 -0.22681828267901694 50.09457630058313 2.8448927052620894
Cyclist 0 2 0 289.99392304475845 433.18739323913263 305.33504143981804 458.84666654295 1.532656412591 0.70854532208928 1.9024166953092 -20.721074607304104 -0.26249280056954893 70.33888986518285 1.4196886612287032
