Cyclist 0 1 0 732.7576847696863 441.4282379115298 841.4484676712088 540.1096789051778 1.5498008077363 0.67134383826672 1.6776038723064 2.6945278761632427 1.2252160894973931 18.489373227563153 -2.7480236054110967
Car 0 0 0 -154.31665687020893 466.7340304723381 336.62840238302937 769.5213688589664 1.4508694122958 1.8233836221706 4.1799318904676 -3.5713151594758092 1.6256062530003084 8.476700604349782 -1.5808689970850935
Car 0 1 0 266.9293631441412 439.1891772570461 428.7575076628796 519.3165046515029 1.4671003062009 1.8082829470223 4.3709736582163 -6.098751850848347 1.0373982002913011 25.066855894324824 1.8045602983670896
Car 0 1 0 390.6279543035643 425.7250157556391 542.8414709963139 491.3884795742525 1.6623154638169 1.9892065306775 5.0916264391001 -4.620838611557168 0.64516584101976 33.38488032765978 2.058477882548189
Pedestrian 0 1 0 237.1855543916546 440.8832769291404 300.72951336958306 553.7398246903396 1.648221721865 0.58583826675723 0.71183978377804 -5.3452981235601875 1.3413117128488408 16.758688055339217 -3.0672753190199966
Car 0 1 0 27.580964396324703 438.07950478253474 146.7374767454853 478.93728559953576 1.7148062612891 1.924678531215 4.4192651673284 -24.383561573823734 0.676574880230939 50.50340795643585 -3.1220155621285963
Pedestrian 0 0 0 258.02435207215365 474.5411525976245 306.29804772980134 558.4820174517002 1.1828394534193 0.46736146137711 0.52165357438626 -5.015220759608305 1.380801748566081 16.301874794135994 -3.0688044874097966
Cyclist 0 0 0 954.688508915168 435.0743385553881 1048.0026036885192 570.452494017494 1.7161614054764 0.77890007032291 1.6829625622726 5.2683100321570375 1.3714472413317305 15.533515507505546 -0.9313697326784266
Car 0 1 0 637.3222563084582 419.93261885059934 767.0988358105777 469.7571723568365 1.8230754053341 1.8681774015511 4.9764087301839 3.1459046601707152 0.16946401147453471 45.058550329963076 2.7188293819776894
Car 0 0 0 860.4348933401336 416.7375320242355 983.368828442158 460.10511483513625 1.7319365931699 1.8125990555243 4.8164320396102 12.782051587779371 -0.18234703500802535 47.95030975855734 2.9565184795020896
Cyclist 0 3 0 278.74997304141783 437.557171859146 305.88765917155354 464.6827016112682 1.532656412591 0.91248750602276 1.9024166953092 -19.98311500907054 0.09622354989000967 66.76346700217087 1.67596196239049
