Cyclist 0 0 0 722.9669726962587 428.3304879973985 798.1625110939327 510.3389047465848 1.6936228417987 0.63816833512268 1.6949715456254 2.9629940553403995 0.9746519009861774 24.440541189897637 -2.1819937918997665
Car 0 0 0 208.96852658682684 448.1536337936103 420.47318906900085 591.9255983936886 1.460268461271 1.8233836221706 4.1799318904676 -3.9802176453183407 1.3768077348983543 15.036470623371361 -1.5808689970850935
Cyclist 0 0 0 403.5737003117429 438.5160851077823 517.552345195154 530.5651955320471 1.5491670538833 0.88097524413018 1.9357505536129 -3.030202488487037 1.1510157524238962 20.673863516048915 2.37109184497279
Car 0 1 0 365.27063752307936 432.976116155189 481.03697998307103 483.5903668162306 1.3366033790448 1.8082829470223 4.4027141664875 -6.27210902394176 0.4946047624280213 35.08296737808691 1.8850659505237894
Car 0 1 0 469.7488364329208 421.9898262722706 596.1625980071503 470.4003230651933 1.6623154638169 1.9892065306775 5.3913204910994 -3.5647382414104336 0.13925826457509172 44.182610914704746 2.22059153588469
Pedestrian 0 1 0 414.5849927477768 432.4234654008322 456.7424378950624 509.3464122604396 1.5987742316471 0.54335758277675 0.76031968845122 -4.017870832205693 0.9781023834285172 23.65500460922435 -3.0672753190199966
Car 0 2 0 330.0934564402503 425.9335656043504 420.9917545646862 461.89590316912034 1.7148062612891 2.0515827773642 4.3741457835403 -12.82110450984756 -0.10134961938977646 57.350385659629076 3.0469999920134896
Cyclist 0 0 0 -73.19539795714456 450.6662601165133 25.464640047432223 528.8446228860857 1.5615824679544 0.69607817723846 1.6278382849234 -13.455967686959177 1.3403639912442662 23.098459948993288 -2.9741118677775966
Cyclist 0 0 0 813.5808503739015 427.8133695431171 889.8795470865031 562.2084245483366 1.720173393616 0.60992489386141 1.6829625622726 3.130365369595127 1.2683492073630178 15.511789175353943 -1.6018728642426485
Car 0 1 0 734.4308183172633 415.3111468652087 838.8723017614577 452.2875074404109 1.6912040593423 1.8681774015511 4.7330508028896 7.944644803246561 -0.5728636033166522 54.76648981741624 2.9339834938585896
Cyclist 0 2 0 284.598774066365 431.79208040003454 301.8552949775116 456.3346131104902 1.532656412591 0.68073502428016 1.9024166953092 -21.901015085034096 -0.43424961061832307 73.34850601777318 1.5215418157641034
Pedestrian 0 3 0 433.12971778718304 450.04617919240445 460.93776622384905 507.58825447727673 1.1828394534193 0.46736146137711 0.47897305410475 -3.759676243447047 0.93956192511054 23.514832636954658 -3.0688044874097966
