Cyclist 0 1 0 729.3709923474981 451.3479422403349 865.5012021112627 573.4289207861469 1.557397841136 0.67838060830059 1.7354100365762 2.360483367700004 1.4341449435180387 15.229465495304844 -2.7586675689981965
Car 1 1 0 -942.4996651401297 490.5590121240604 221.4450878638992 1146.4916173374268 1.4978646571716 1.8233836221706 4.1799318904676 -3.511396012703751 1.816243587957036 5.287462198028845 -1.5808689970850935
Car 0 1 0 162.4239100723371 447.84740818050034 379.6649622365186 551.7906864689095 1.4671003062009 2.0007750863726 4.5503161530315 -6.25936273166702 1.3140350159258705 20.349766248768333 1.7379383716681893
Car 0 1 0 325.15320189444003 432.0512613901524 494.9987807219369 515.7038144496261 1.772512042003 2.0814909212938 4.6084970871081 -5.308272700269482 1.0911225736961878 28.210046533303412 1.9694343022018899
Pedestrian 0 2 0 49.18024285052991 461.5929923101748 147.27616860066917 611.5617056456364 1.7257850970116 0.6453112243299 0.8006206732689 -6.301625947701438 1.7381172044206918 13.376727560432924 -3.0672753190199966
Pedestrian 0 1 0 56.78336377390747 493.9174544553268 132.12936546374306 613.113103686612 1.323432891988 0.48669028655958 0.58872296340007 -6.152032510740713 1.712613240943901 12.940168711624434 -3.0688044874097966
Cyclist 0 0 0 1148.1446959967727 435.5075740818105 1277.1861213281886 570.1729449323188 1.7282860051124 0.77890007032291 1.6829625622726 8.189777245866996 1.3875371726406056 15.516194988970073 -0.4921134620517966
Car 0 0 0 566.6900326560007 426.3286852970476 711.8630847000446 481.0655523928494 1.6877928737905 1.8681774015511 5.0250091492415 0.5565525154796935 0.491509509263106 39.423421725098926 2.5428626878179896
Car 0 0 0 807.4956814843789 419.56079411765546 943.7631480258932 471.2163073005728 1.847903971918 1.896690172606 4.9286135967951 9.815948193506497 0.2304112693348549 43.59916416994872 2.8570835034023894
Car 0 2 0 1042.5344027041083 414.337817811942 1164.4000360479045 461.54446345464055 1.7833468064447 1.9196582656434 4.1710216040089 19.37015825164375 -0.11673654976822845 45.08030556967098 2.9612778989075896
Cyclist 0 1 0 267.5155522292251 437.7810395505432 289.4388846424142 466.4830122294362 1.532656412591 0.9435254811715 1.9024166953092 -19.779266116111103 0.18478736425284265 63.44323491643696 1.4196886612287032
