Cyclist 0 1 0 720.5958529112826 451.5044766851808 864.5993410603909 584.2183035567133 1.6254739264391 0.67838060830059 1.794417959955 2.1728714489882086 1.5057292913584255 14.410457375551081 -2.9151053782462966
Car 1 1 0 -1681.516637113616 500.2212020941179 156.57850164938935 1466.4068853553383 1.4978646571716 1.8233836221706 4.1799318904676 -3.5333779793408246 1.8465043416237346 4.313526259585354 -1.5808689970850935
Car 0 0 0 114.60469619774096 448.1691170265865 358.3967809655791 561.8236158865523 1.4671003062009 2.0007750863726 4.6126981955324 -6.3498094264824525 1.3403268257862435 18.8871150375102 1.7379383716681893
Car 0 1 0 298.5135451037866 432.2351637785079 487.8013651490001 517.3718208074598 1.6623154638169 2.0814909212938 4.9120824538265 -5.376145499579232 1.0340917468800113 26.609843322339206 1.9694343022018899
Pedestrian 0 2 0 -43.85739156454747 460.68688115157227 57.783956562972776 624.196791696964 1.7444266029328 0.65375679325555 0.68895222581521 -6.866016394347169 1.746804024372685 12.425634045359486 -3.0672753190199966
Pedestrian 0 1 0 -56.0347391927304 506.8860526195204 25.504822110678106 632.9195975003979 1.2756806093431 0.48669028655958 0.52954086951553 -6.811866532155067 1.7748376275383737 11.873662405034139 -3.0688044874097966
Car 0 0 0 537.5219080991901 428.1100138667067 686.9712989366031 484.67027776205856 1.6498042272465 1.8681774015511 4.9642122737236 -0.3734125463473753 0.5739026359548461 37.682441191131225 2.4954337246050895
Car 0 0 0 783.2175167002677 419.8103719156706 921.8233200316414 476.3447190773224 1.9616908043242 1.8125990555243 4.8822769870279 8.612546928814824 0.4088172916454482 42.140807990621745 2.8570835034023894
Car 0 2 0 1012.9640488631904 413.4232549148245 1143.3593371664194 466.47229046432506 1.9301442032292 1.9196582656434 4.4899820796096 17.750545946084834 0.059838937540272696 43.604043394566276 2.8882232333635898
Cyclist 0 1 0 257.54375014502097 439.8970871125359 289.10804222937617 469.0343378640968 1.532656412591 0.9435254811715 1.9024166953092 -19.708606406981154 0.3270248307369279 62.30064799011745 1.7284391630637899
