Cyclist 0 1 0 733.384504303982 443.19214958204594 826.1651009468393 531.1998565710763 1.4855603597472 0.62208644802962 1.5306280498173 2.7528508507358613 1.1676127354830328 19.780182804973546 -2.7480236054110967
Car 0 0 0 -18.435414137358062 461.7336534171517 364.9761519339845 700.7909896685654 1.4132732163952 1.8233836221706 4.1799318904676 -3.6362363070338333 1.5402873211375887 9.908641265267116 -1.5808689970850935
Cyclist 0 2 0 -19.38248740809854 461.08110274262856 161.85806198096373 630.3864759302918 1.6736153619044 0.70582310662386 1.6164459107787 -6.14166402332751 1.7100199365575353 12.431480123749479 2.4096629401856897
Car 0 2 0 295.0733048426687 435.8106055261619 456.65379937432647 509.6538162483503 1.4671003062009 1.8082829470223 4.5955096673646 -5.933836042625648 0.9121448645260541 27.137544941197188 1.8942515478070892
Car 0 1 0 412.6043253964357 426.3812515716295 556.3948738451651 490.0682732196359 1.7325227531349 1.9892065306775 5.0058426500062 -4.375727020829823 0.6666376072963284 35.542504154007595 2.10246293321239
Pedestrian 0 2 0 298.7452932844213 440.5749670079022 348.02716671249186 543.8593385488831 1.648221721865 0.58583826675723 0.59549472105816 -4.941793533239022 1.3068268661525926 18.27995105262925 -3.0672753190199966
Car 0 1 0 104.09037912020938 438.7253586510079 224.73965897315145 478.82773190815954 1.7148062612891 1.924678531215 4.7974426384993 -21.46445269339016 0.6823367203329983 51.94720219495273 3.1044652073866894
Pedestrian 0 1 0 318.45649568834403 471.22984103510646 361.0329876070917 548.0365588353151 1.1828394534193 0.46736146137711 0.52165357438626 -4.552100662866985 1.3439143391473627 17.779140108981945 -3.0688044874097966
Cyclist 0 0 0 912.7320461926564 434.9885028646973 988.5859187997796 562.9081751674895 1.6390305557921 0.77890007032291 1.6829625622726 4.617100694754527 1.287904138393978 15.716996245093524 -1.1079389611088766
Car 0 1 0 666.2200156786213 422.1281761852979 787.6374263564163 466.17802246981137 1.6912040593423 1.8681774015511 4.8224991818277 4.337214830462307 0.0475697247458417 47.2691233518317 2.7808084341405896
Cyclist 0 3 0 281.74293724018366 436.9055028299907 308.43072516120446 463.5678466664351 1.532656412591 0.91248750602276 1.9024166953092 -20.14317547956924 0.0316530887287185 67.86059985753171 1.678674281921289
