Cyclist 0 1 0 736.3360762124709 440.92787424540006 854.5255251703582 554.0867747824815 1.632818802034 0.71265325607018 1.6644064561344 2.617601020217664 1.3282302182822614 17.09323172583436 -2.7078210914126966
Car 0 0 0 -348.84554603885715 471.20629934246494 302.8650347565085 867.1580495995029 1.4978646571716 1.8233836221706 4.1799318904676 -3.5116489890539597 1.7040191295469205 7.160666943177715 -1.5808689970850935
Car 0 1 0 227.47805216461904 436.9294952536717 409.5055748642294 524.5299402922997 1.4671003062009 1.8082829470223 4.4094665727408 -6.182275495251412 1.0283335963121993 23.046133621329602 1.8045602983670896
Car 0 1 0 371.08308612311686 421.85284776552726 522.0036944795745 490.6404686130608 1.6623154638169 1.9892065306775 4.5897852096143 -4.894984970881929 0.5901576102143685 31.2499098975731 2.01959617320669
Pedestrian 0 1 0 177.25774309273322 444.57257895766367 251.11088234066384 567.2083560605462 1.648221721865 0.6453112243299 0.7277339133885 -5.705665905745354 1.418599182443569 15.512261532545297 -3.0672753190199966
Car 0 1 0 -59.98185202059358 434.5713769514268 71.06687619305478 476.5998387673591 1.7148062612891 1.924678531215 4.6354163232337 -27.352483742601486 0.5495863511514042 49.19590545152803 3.1313299821203895
Pedestrian 0 1 0 181.5214986702399 471.9066727471908 248.20053255015648 570.740047428555 1.2803943201103 0.46736146137711 0.67910373893727 -5.504493672159408 1.4276330703960776 14.967664109069574 -3.0688044874097966
Cyclist 0 0 0 1015.1752049677552 434.6766981275571 1128.1763656432695 570.216772087435 1.7129394440106 0.86454704252344 1.6829625622726 6.225468715825792 1.3640946759905301 15.486550096278675 -0.7710200281890566
Car 0 1 0 610.120881243529 417.1685135360743 742.8112277687832 467.0588860574664 1.7351610157113 1.8681774015511 4.8925522179425 2.017630028736174 0.049581593931691675 42.981260891978444 2.64322137366149
Car 0 1 0 841.9657433967396 417.19944806525103 972.343020856687 462.267266451237 1.7319365931699 1.8125990555243 4.9639389624325 11.721193916045177 -0.09349233228864941 46.2793711069913 2.9565184795020896
Cyclist 0 1 0 269.23577399639726 431.8667654485683 300.8383032930301 459.5416418207081 1.532656412591 1.0515389950683 1.9024166953092 -19.890236696532853 -0.20351857712923033 65.03671386342782 1.7258771363450895
