Cyclist 0 1 0 721.5088843706438 430.8097352909112 815.3501657228076 517.695797357824 1.6416376177193 0.91230452687642 1.6949715456254 2.9031521272592666 1.0324367169779773 22.613996556028923 -2.286307717388077
Car 0 0 0 155.63626510102546 449.9144363529811 409.1074518915429 619.6030144511213 1.460268461271 1.8233836221706 4.1799318904676 -3.7805255406353355 1.4250042018252755 13.107670466147537 -1.5808689970850935
Cyclist 0 0 0 314.80080155855006 441.3764409171461 430.0479452040681 542.22153902165 1.4773443742597 0.87649545307079 1.6164459107787 -4.024320741512869 1.1798743826065594 17.742135560227258 2.7477050333977897
Car 0 1 0 342.2852206494018 432.4422347197554 473.3193085714103 493.2433701115134 1.4722246000715 1.8082829470223 4.5167674944511 -6.169629614256348 0.6920795083957203 32.17187340422269 1.8942515478070892
Car 0 1 0 452.8862310407743 422.59382519373696 577.900059843703 474.5325258781232 1.6623154638169 1.9892065306775 4.9225923435554 -3.9540841687167054 0.27128975088658014 41.017372409058105 2.15970816199909
Pedestrian 0 1 0 387.6892096537626 433.426586778463 430.7201266207247 520.2608719309002 1.648221721865 0.54335758277675 0.68379231330093 -4.183291621473715 1.101409272156862 21.616865429952103 -3.0672753190199966
Car 0 2 0 257.02944727401854 426.8871753427842 358.9866425332374 464.0692530645599 1.7148062612891 2.0515827773642 4.518219505046 -15.727939575987842 0.010720064582635497 55.33201247633979 3.1044652073866894
Pedestrian 0 0 0 409.1121571946051 453.4105586444233 443.4770608155756 519.7080965609268 1.2271959329225 0.46736146137711 0.53600281346604 -3.7830916919574142 1.073752405772438 21.20391893829622 -3.0688044874097966
Cyclist 0 0 0 833.9398460820927 427.3575083388837 911.2271201046292 554.1830218177157 1.6390305557921 0.8538194828735 1.6829625622726 3.4510268029154574 1.1760075105891823 15.657449935898685 -1.4377917685587365
Car 0 1 0 713.1107839720291 414.6599225899046 819.513828928153 456.0851352675912 1.8012930847908 1.8681774015511 4.5676348606645 6.596621338981775 -0.37794827033843037 52.010906395904485 2.89347788834219
