Cyclist 0 1 0 726.4694711983055 434.0008871922948 826.2481784575152 527.4205311289942 1.598395242187 0.90741981357706 1.6682152152959 2.795166894783221 1.1065869328765265 20.666312155103498 -2.2057510316848568
Car 0 0 0 38.03259121923941 457.5558292114594 378.4107555391907 686.4290004734657 1.5260618040971 1.8233836221706 4.1799318904676 -3.6721384759727767 1.604616153685985 10.725267540557471 -1.5808689970850935
Cyclist 0 1 0 55.01420064238357 455.1210508005255 215.28461109084435 590.0007109904005 1.4773443742597 0.70582310662386 1.6164459107787 -6.002987712862381 1.4354310137084791 13.71597019283588 2.4096629401856897
Car 0 1 0 309.3313117867879 434.0570695318687 461.5259726637103 503.6597442658796 1.4671003062009 1.8082829470223 4.5801347669593 -6.004349659810121 0.8308041596049148 28.5037604196036 1.8942515478070892
Car 0 0 0 425.9146705993288 428.3679544305873 562.8868501893762 487.310674748534 1.6623154638169 1.9892065306775 5.0058426500062 -4.242023214088332 0.6190882936287965 37.04240188993978 2.10246293321239
Pedestrian 0 2 0 324.75174571627826 438.4293813123568 377.8837031875147 536.6184401907815 1.648221721865 0.54335758277675 0.73143290979569 -4.702788541821994 1.2517596536978524 19.17017666047017 -3.0672753190199966
Car 0 1 0 153.21803403159203 431.87404809573405 268.41583179623774 470.9610015529863 1.7148062612891 1.924678531215 4.7386562520544 -19.643618715668953 0.3300438463359606 52.87108507655612 3.1044652073866894
Pedestrian 0 3 0 351.30126776532313 463.2294010645013 390.9907659646876 536.2007664438263 1.1828394534193 0.46736146137711 0.52165357438626 -4.252353978462829 1.215626739743971 18.660692009229955 -3.0688044874097966
Cyclist 0 0 0 874.9442961517361 427.75267093895656 957.1148643819008 562.0005391950563 1.7382051353546 0.88391917900528 1.6829625622726 4.142227454629773 1.2777770998322902 15.765246629117375 -1.1395641225981565
Car 0 1 0 683.2827255089294 414.2107456333375 796.0162672613836 460.6463992036347 1.8780532670398 1.8681774015511 4.5676348606645 5.020634973156439 -0.17710723590782665 48.681941355304055 2.7808084341405896
Cyclist 0 2 0 281.0372702670051 434.0422601867356 308.67602046893063 460.26084611638765 1.532656412591 0.87540710894394 1.9024166953092 -20.41731348103982 -0.16857382422270964 68.7345043388084 1.7572930919594896
