Cyclist 0 0 0 730.2388785849115 427.8437879634239 798.1802869017192 509.49645741325696 1.7019795334523 0.63816833512268 1.6949715456254 3.076904112546818 0.9649856840265478 24.72783834725713 -2.0223168601067467
Car 0 0 0 224.24165784109164 446.4986298675939 425.3401862404283 583.7966081069648 1.460268461271 1.8233836221706 4.1799318904676 -4.005545339878464 1.3435222504652815 15.59511379362035 -1.5808689970850935
Cyclist 0 0 0 428.1763392226445 437.25503525285 524.5614644747146 525.9553600416953 1.5564878228808 0.88097524413018 1.7385876790659 -2.829544574248194 1.1152373037093306 21.36918968605087 2.196225039323389
Car 0 1 0 367.5699110481884 432.6840918317558 477.3368835116818 481.9295233369422 1.3366033790448 1.8082829470223 4.0832916439871 -6.395168179208178 0.46654220804124413 35.566258120245244 1.8850659505237894
Car 0 1 0 477.0456598123117 421.95351192364745 600.5692787326814 469.28416207111576 1.6623154638169 1.9995134813979 5.3913204910994 -3.408066411733531 0.10360324451800351 45.12809773840219 2.22059153588469
Pedestrian 0 1 0 428.8508249463168 428.6626334350766 469.56677657266914 507.0600100430306 1.6586224809009 0.73145208043153 0.71911344660295 -3.816372653260428 0.9431731520129587 24.213638960075592 -3.0672753190199966
Car 0 2 0 348.67007472384734 425.1328874291983 437.8927919499705 460.7168506285565 1.7148062612891 2.0515827773642 4.3741457835403 -12.019551069523132 -0.16153201015267252 57.890360534738385 3.0469999920134896
Pedestrian 0 0 0 449.13467476646525 449.3332220834636 476.2841134924577 506.2042841436632 1.1828394534193 0.46736146137711 0.47897305410475 -3.467816814246352 0.9212656062180913 23.78490836406638 -3.0688044874097966
Cyclist 0 0 0 -56.17017535121636 449.4371210922393 39.9246375496424 526.2094053463171 1.5699931455197 0.69607817723846 1.6278382849234 -13.42972387167515 1.3170420062162898 23.62519991391709 -2.9741118677775966
Cyclist 0 0 0 807.4309024219556 427.97762556446935 886.6015936408697 556.8824881251459 1.6390305557921 0.59302737621526 1.6829625622726 3.0513188974003427 1.1915539101143817 15.44632326943411 -1.6423800649800435
Car 0 1 0 735.9960597704014 415.4298890451294 845.1158105652136 452.1133216088882 1.6912040593423 1.8681774015511 5.0373183545039 8.223635615903826 -0.5893131351255056 55.34200165768232 2.9339834938585896
Cyclist 0 2 0 282.84857109973046 431.5601831586246 302.4531505676316 455.9005900582296 1.532656412591 0.68073502428016 1.9024166953092 -22.097000834112105 -0.4645928920610129 73.87868895899182 1.61519463925279
