Cyclist 0 0 0 721.7801882767318 428.7425527609994 792.9520389298465 512.1971627028759 1.6936228417987 0.63816833512268 1.6949715456254 2.8509243448417148 0.9955966225600437 24.10450621522026 -2.0610656054367964
Car 0 0 0 198.26003252556472 445.2176958359338 418.5515750173062 593.482655858524 1.460268461271 1.8233836221706 4.1799318904676 -3.9217628271765035 1.3388506719599356 14.562775648956299 -1.5808689970850935
Cyclist 0 0 0 388.68368457250585 436.1976848596825 493.7055071948483 529.7804410439519 1.5466206275788 0.88097524413018 1.6164459107787 -3.2805276735001168 1.1145578768632292 19.900773517031848 2.63843154047169
Car 0 1 0 357.15139059427474 433.88789393115206 479.6237141448378 489.3087047133367 1.4334756797781 1.8082829470223 4.4027141664875 -6.273372330045686 0.6427730158800743 34.3033107432532 1.9194050935883897
Car 0 1 0 466.12827761905584 419.63973693516107 584.9004649673577 472.5946957412115 1.8115059536177 1.9892065306775 4.9663282393456 -3.775659878292316 0.22322397742488065 43.163021313952086 2.15970816199909
Pedestrian 0 1 0 409.117351923065 433.1431906939956 444.4351724678977 511.4386142495696 1.5987742316471 0.54335758277675 0.59549472105816 -4.133204660324917 1.0039150770159084 23.238111711692845 -3.0672753190199966
Car 0 2 0 313.16021515085083 427.7633628007158 410.78732408972735 464.2497890356789 1.7148062612891 2.0515827773642 4.6319079457846 -13.379459375949178 0.014397634444086788 56.772442420828774 3.0469999920134896
Cyclist 0 0 0 810.6737683574155 427.5198704771616 895.6231237837978 561.2961863755909 1.7268357641381 0.8291192909586 1.6829625622726 3.169620711292045 1.2678311679866614 15.627092240822307 -1.5414774892199146
Car 0 1 0 727.1768032146455 416.0022342447372 837.7475630705421 454.8994787666351 1.7512526186779 1.8681774015511 4.9770267592235 7.63161362731101 -0.4450200431756115 54.0093054119823 2.9339834938585896
Cyclist 0 2 0 284.3516368270339 432.0736596115537 309.78728392631155 456.78795360267407 1.532656412591 0.83991587173994 1.9024166953092 -21.455876940990873 -0.3991915658865925 72.7094809098464 1.7516479770885898
Pedestrian 0 3 0 426.8832290712903 452.0674220446169 456.3055564520254 512.8261847947567 1.1828394534193 0.46736146137711 0.47897305410475 -3.672896897487307 0.9936550905277137 22.29557917549754 -3.0707456698221964
