Cyclist 0 1 0 735.1147327975922 442.4909890857468 829.9119491921281 537.2936505545462 1.5654755233349 0.62208644802962 1.5275585362683 2.7374832137468346 1.2426179680774916 19.32931796689866 -2.7480236054110967
Car 0 0 0 -54.64481439365432 464.2669560080727 356.9569469211445 719.1837977324234 1.4132732163952 1.8233836221706 4.1799318904676 -3.616157580270199 1.566674647687934 9.465772549081825 -1.5808689970850935
Cyclist 0 2 0 -109.11665273903724 466.3604934415805 91.66371692685368 641.5749150740562 1.5787179864047 0.70582310662386 1.6164459107787 -6.492347236356934 1.6741646097986373 11.485540177253183 2.4096629401856897
Car 0 1 0 286.7872688698298 436.8695502032039 441.53406100880966 512.615915680287 1.4671003062009 1.8082829470223 4.5955096673646 -6.061474718663347 0.9525941829641691 26.477836324905173 1.8045602983670896
Car 0 1 0 408.0875861401862 429.50240377840765 550.8035857796069 492.5461233317175 1.6623154638169 1.9892065306775 5.0058426500062 -4.4479829435702065 0.7220663062541159 34.89434143257695 2.058477882548189
Pedestrian 0 1 0 275.65526099777884 442.0987240160505 327.3479316509949 548.8078057982189 1.648221721865 0.58583826675723 0.59549472105816 -5.134260924436733 1.3424359840215478 17.708875807532856 -3.0672753190199966
Car 0 1 0 75.58442317121057 436.9323770945617 198.80934143576485 478.64146704545567 1.7714144533837 1.924678531215 4.7974426384993 -22.49498284717192 0.6656923859617624 51.40312419117985 3.1044652073866894
Pedestrian 0 0 0 293.116540840783 473.6307320698522 343.86984901985795 552.9244275164226 1.1828394534193 0.46736146137711 0.61906388231491 -4.743043403094201 1.377343137208329 17.244272798059413 -3.0688044874097966
Cyclist 0 0 0 919.72596328651 434.9713898602319 1004.0444870581072 569.0010634214403 1.7161614054764 0.77890007032291 1.6829625622726 4.7655137369462395 1.365954311524504 15.6860363080673 -1.0279394528182666
Car 0 1 0 657.1748700744436 419.5326922121738 779.5574002123622 467.92973644100806 1.8450539629994 1.8681774015511 4.7711959990423 3.9088968250967215 0.11608775838562116 46.5012668996022 2.7808084341405896
Cyclist 0 3 0 278.9613341805741 437.2406771145082 304.7238504033832 464.1669230049706 1.532656412591 0.91248750602276 1.9024166953092 -20.172687066495122 0.06554146288339432 67.29852902097991 1.6303327195441897
