Cyclist 0 1 0 730.7763029063325 433.6104636252635 823.7003455858522 523.8369016658519 1.6063211690078 0.74050236110017 1.5786997470994 2.879779475694805 1.0882720235050698 21.094309165247278 -2.4756010870750065
Car 0 0 0 73.48082770259941 454.78022855002354 387.1964182560803 667.4356137293744 1.5260618040971 1.8233836221706 4.1799318904676 -3.6994144547298156 1.5687702473734313 11.326883262364305 -1.5808689970850935
Cyclist 0 1 0 167.58217909415723 449.6127379675199 308.6183537466657 571.0933357118736 1.4773443742597 0.70582310662386 1.6164459107787 -5.21025001820029 1.3486022921304603 15.0693375675639 2.4096629401856897
Car 0 1 0 314.13171850299864 433.2387528328703 462.3578450167721 500.90671546917366 1.4671003062009 1.8082829470223 4.5801347669593 -6.082264123835605 0.7902216515801835 29.19056334382829 1.8942515478070892
Car 0 0 0 430.5127621046635 425.6919193495244 567.230007099984 482.9995354885444 1.6623154638169 1.9892065306775 5.0058426500062 -4.181319130328828 0.4998079677787335 37.77864457906278 2.13561600087459
Pedestrian 0 2 0 342.328500153359 437.2713345662299 392.4016890432977 532.8643211876334 1.648221721865 0.54335758277675 0.71028159097376 -4.544740697412464 1.2202011136465138 19.67780706527896 -3.0672753190199966
Car 0 1 0 173.33079958647522 432.9841701273088 284.71508975468123 471.8615743686071 1.7148062612891 2.0515827773642 4.6114478056904 -18.949269580524774 0.3727416287478147 53.354799260635126 3.1044652073866894
Pedestrian 0 0 0 359.9469068851405 461.24015380678577 405.8066740185026 532.0702196583037 1.1828394534193 0.46736146137711 0.65472301289593 -4.175982120646167 1.1818379676097004 19.215430430820145 -3.0688044874097966
Cyclist 0 0 0 870.6002503408315 427.9066528694896 949.3015998516128 564.8035228876454 1.7795188891457 0.96428629388409 1.6829625622726 3.9993627258936324 1.3206445555876596 15.757853993871732 -1.3455489665790366
Car 0 1 0 687.6318767905962 410.3897128964345 799.4936016940661 451.44568285232185 1.6912040593423 1.8681774015511 4.5676348606645 5.250156320010261 -0.5670513087915496 49.305524234277165 2.8448927052620894
Cyclist 0 2 0 281.58533787887126 433.8282642550489 303.6143321330784 459.9171198223728 1.532656412591 0.72846337697254 1.9024166953092 -20.683141593852845 -0.19156751360410432 69.15046357826768 1.62704418268709
