Cyclist 0 1 0 726.7883280514817 429.086081922661 806.3182153970214 513.1766156471269 1.6852661501451 0.718577770588 1.6949715456254 3.0147461851402864 1.0030590489536808 23.820388656398098 -2.1647467782299366
Car 0 0 0 185.89182017401424 446.4123152015322 414.78455787195867 599.9241724265145 1.460268461271 1.8233836221706 4.1799318904676 -3.903957551098863 1.362250245036046 14.170051555906213 -1.5808689970850935
Cyclist 0 0 0 364.4665779574841 438.1748738224956 468.5793494316285 536.5488560367157 1.5812587542383 0.70582310662386 1.6164459107787 -3.5785361218060396 1.1976243115297047 19.129551039641285 2.7759155412324894
Car 0 1 0 353.5763853906281 431.0515834983624 479.0006468614971 489.4195990994498 1.4915990602181 1.8082829470223 4.4027141664875 -6.19712741581308 0.6279078046775058 33.5702844832097 1.9194050935883897
Car 0 1 0 461.7749274928179 422.2131405791425 582.6757629024678 472.2612304256523 1.6623154638169 1.9892065306775 4.9663282393456 -3.838821935384779 0.2047023350079185 42.471245886456934 2.15970816199909
Pedestrian 0 1 0 400.5752525351328 433.77068261847376 436.6733265046321 513.3330762617868 1.5987742316471 0.54335758277675 0.59549472105816 -4.235892350699187 1.0263825340489017 22.87552508402327 -3.0672753190199966
Car 0 2 0 295.71939996794293 425.6061812253716 400.2264803920354 462.1535826192229 1.7148062612891 2.0515827773642 4.8193713365078 -13.9750078853568 -0.08437028663592028 56.28768781203281 3.1044652073866894
Pedestrian 0 1 0 426.8832290712903 452.0674220446169 456.3055564520254 512.8261847947567 1.1828394534193 0.46736146137711 0.47897305410475 -3.672896897487307 0.9936550905277137 22.29557917549754 -3.0707456698221964
Cyclist 0 0 0 819.0740878198134 427.4207077099297 909.7525818122654 562.0399241420636 1.7356162849727 0.74510503503061 1.6829625622726 3.3294157648618548 1.2748009041567874 15.638248629203709 -1.6423800649800435
Car 0 1 0 725.6652236760088 415.70438787880175 829.3902835041666 453.60317640906095 1.6912040593423 1.8681774015511 4.5676348606645 7.310482874814302 -0.4978540536282036 53.42386071386889 2.9339834938585896
Cyclist 0 2 0 284.1088704885902 432.2995888879472 301.5498418326405 457.29239169637646 1.532656412591 0.85633719044627 1.9024166953092 -21.589331873372572 -0.36894365174613564 72.22075092424556 1.4196886612287032
