Cyclist 0 0 0 870.8553350834366 456.9180557462376 1003.0999532246084 636.5250435981695 1.661010705597 0.89156848669087 1.8003056566095 3.2203458803500102 1.6577676567772441 11.779949733541534 -1.52740658823516
Cyclist 0 0 0 813.2201844327402 449.4248961008893 892.3370199376956 581.6436114360779 1.661010705597 0.75738530435797 1.7075047735097 3.1360400124119456 1.5275069314222194 15.501685316990653 -1.52740658823516
Cyclist 0 0 0 717.2611369419566 439.6015774255793 750.8165845734832 497.5307871998251 1.661010705597 0.82109736391054 1.8281459215395 3.4343636949593774 1.006858673314089 34.224343645653455 -1.553499868616736
Cyclist 0 0 0 712.6210975426745 439.1870217689317 736.7739138054314 484.0398793705729 1.661010705597 0.79751852206771 1.9195679248259 4.079834539611727 0.7929189840436413 44.02851688537166 -1.52740658823516
Truck 0 2 0 786.6047422493298 402.1423383252255 982.9256320469984 552.0366973755708 2.5931265246245 2.0540061111712 9.4100083264184 5.325058419198571 1.313390280412774 24.42764204708795 -1.540461822859323
Truck 0 0 0 123.1820560251573 394.0771085765856 382.8644465036464 561.670511498022 2.6539078819689 2.2692583726206 8.811942955463 -6.832042581209771 1.3154046548109344 22.172321335432244 1.5898118321989472
Car 0 1 0 904.3544033441452 450.5773027509857 1115.347423326562 593.5203384870254 1.5340304161915 1.4990958646786 4.1158548163531 5.195550167007901 1.4795710854713429 15.596877087482458 -1.540461822859323
Car 0 2 0 359.5635248833817 435.241274107875 443.2539493784893 495.65953907832784 1.8229026100514 1.8136554860437 4.4696715488185 -7.60787581866943 0.9665776009637044 38.85822430121971 1.648953118336948
Car 0 2 0 478.6787395040909 429.3830260489765 520.4365212119602 465.8106350165028 2.1562197738813 2.0070930922255 4.4696715488185 -7.850117747075011 0.09323894902381932 72.48758436301918 1.648953118336948
Car 0 2 0 421.2523187701888 444.3272754654587 476.0377423004581 483.4995440231044 1.6508624060174 1.7869191282135 4.4696715488185 -8.447124462519092 0.8730091475266608 54.84522694528363 1.648953118336948
