Cyclist 0 0 0 732.4236110690921 441.4200319809968 791.6377893822773 537.0377205618847 1.6432141623227 0.90162780019711 1.8003056566095 2.5706188290019094 1.2944328412909087 20.882114007229564 -1.52740658823516
Cyclist 0 2 0 759.9223536164591 443.4843584990567 804.6606038602314 524.1590019317357 1.6165193474114 0.74166607646274 1.7075047735097 3.4360392297811995 1.2510210921324665 24.143033803716566 -1.52740658823516
Cyclist 0 0 0 680.0226321762772 438.6178978037328 706.7485677560845 489.1535792790856 1.661010705597 0.75036083838203 1.8281459215395 2.5079919651355853 0.8728801249584799 39.07256598171259 -1.576018448905085
Cyclist 0 0 0 661.6358388611086 436.5770300995989 683.0493827627034 477.51435030453285 1.661010705597 0.85239645714848 1.9195679248259 2.197940728276817 0.594569663568325 48.05520981000266 -1.52740658823516
Truck 0 0 0 -996.389746208484 13.404212802284746 357.0475791970075 917.9966130472584 4.1132564470922 2.8956665785364 16.379783392148 -6.208231823563058 1.616801291519295 13.437814806526537 1.5466393094815611
Car 0 0 0 863.6369862768886 430.1657587590768 1090.119297355534 588.553704307868 1.9177420282653 1.9343918589707 4.5628431563559 5.075941309597059 1.5140602661390625 16.78948988428929 -1.540461822859323
Truck 0 0 0 373.3116831419935 375.0067804536724 484.97664687136 491.51227140077634 3.9692657120808 2.8182010292942 13.746370024938 -7.414937727458956 0.5844706345103436 45.07034188756262 1.5466393094815611
Truck 0 2 0 695.3858158766634 414.980853510091 760.3176394110434 479.4765831740345 2.4524973831184 2.1328363842 6.8728974783186 4.504811884982105 0.485796999906673 47.99227853879462 -1.540461822859323
Truck 0 2 0 458.0273774693585 416.4914814394305 508.516026530433 466.8947010086174 2.6995603952647 2.395177766655 10.211589161383 -8.436984175502843 -0.04170770135982298 69.27773527597164 1.5466393094815611
Car 0 2 0 714.0197668547195 436.033842490409 790.8302266258743 496.9143535721397 1.6943660767337 1.8868714800426 6.7451292302619 4.4657136079455455 0.9096848678269185 38.9616236062585 -1.540461822859323
