Cyclist 0 0 0 856.0097333038766 449.8477690408442 981.7138442885 618.3080559080312 1.661010705597 0.92716157323938 1.8003056566095 3.2073331766247275 1.5704824086217681 12.432069424309814 -1.52740658823516
Cyclist 0 0 0 811.8551450909072 447.75422634111527 885.4773298060597 575.2903682701027 1.661010705597 0.72179221780946 1.7075047735097 3.187491169455676 1.496249507016298 16.017187809810274 -1.52740658823516
Cyclist 0 0 0 712.5002354822266 444.2625579106658 744.0935195057774 497.8912991674972 1.5453331743144 0.78179929417248 1.8281459215395 3.2996979352130746 1.0314637817765342 34.648776994408344 -1.553499868616736
Cyclist 0 0 0 711.942745153609 439.96390427702295 735.8866161452872 486.5504097978055 1.7410951503311 0.79751852206771 1.9195679248259 4.080397273585931 0.8977136001169479 44.36240605432025 -1.52740658823516
Truck 0 2 0 780.5990908736569 411.7792057032923 959.3517286895936 545.0091825201753 2.3914388995055 2.0540061111712 9.2352106796074 5.350651835166264 1.300824597787834 25.776756130138722 -1.540461822859323
Truck 0 0 0 197.1140964695808 400.51139418718776 414.0571015451269 546.9968605168992 2.6888562808485 2.1640924344699 8.9754635463891 -6.763301807129263 1.3159471973588206 25.336037000864046 1.6203098284135473
Car 0 2 0 885.7212521132923 448.3814037994991 1072.126734472997 573.0428254449668 1.4885552062253 1.526242469874 4.1158548163531 5.2761766684179685 1.3807246180116368 17.112735028250473 -1.540461822859323
Car 0 2 0 380.4846992993346 431.1570710181669 455.5039835029581 489.19875214583976 1.9238012785044 1.7869191282135 4.4696715488185 -7.603655998150875 0.8297503318667879 41.98514081147192 1.648953118336948
Car 0 2 0 485.2190950502472 429.6809977797759 522.0003122003451 463.2076610700048 2.052446324198 1.7869191282135 4.4696715488185 -7.8671922718499365 -0.06837972267579143 75.13020745286681 1.648953118336948
Car 0 2 0 434.0739192650621 439.110213449897 485.0478018438203 475.67892168268975 1.6508624060174 1.7869191282135 4.4696715488185 -8.363874599714743 0.5407515094811705 57.979878231771245 1.648953118336948
