Cyclist 0 0 0 879.4247651754695 458.27355717314606 1018.8595830967786 639.6288718973664 1.6031437380631 0.89156848669087 1.8003056566095 3.213890726639515 1.6169111627765649 11.333773865356276 -1.52740658823516
Cyclist 0 0 0 822.4523226034844 453.9942199663432 905.1661281551208 587.3105794480174 1.6165193474114 0.75738530435797 1.7075047735097 3.192443855123012 1.5532398164878243 15.06534463827225 -1.52740658823516
Cyclist 0 0 0 720.0013642921923 436.8248477294043 753.9483546569685 495.0395812509017 1.661010705597 0.82109736391054 1.8281459215395 3.498556558817362 0.9248011206759654 33.97758136978882 -1.553499868616736
Cyclist 0 0 0 714.4321677018488 435.90162579436935 738.7793446532227 480.83371989505287 1.661010705597 0.79751852206771 1.9195679248259 4.1352964669013765 0.6649767104449366 43.81988575646947 -1.52740658823516
Truck 0 1 0 789.7021829781341 409.3220651028123 1010.983892794388 566.8622766146162 2.4470647040538 2.0277875607706 10.367812745357 5.31177943907166 1.4084629564260494 23.419775079179043 -1.540461822859323
Truck 0 0 0 19.044086465156624 391.5581755564628 349.6796314883687 593.480537857101 2.6293244074718 2.299024309309 8.9710018585901 -6.84393279774799 1.4454786847201153 19.12337545287657 1.572304932922561
Car 0 1 0 923.7686190268198 454.6218614332317 1174.5602063698968 615.9855763152638 1.5431254581847 1.5972489754731 4.1158548163531 5.175236664931592 1.5624121184472664 14.216608147572229 -1.540461822859323
Car 0 1 0 335.39408221699455 435.3003242553253 425.2281669938033 503.4684117169099 1.8834418111232 1.6824872170548 4.4696715488185 -7.651819767345194 1.105786605398265 35.67402356727323 1.648953118336948
Car 0 2 0 471.4632293046542 431.344539735496 512.0074461268377 468.9209229572684 2.1219328239512 1.7869191282135 4.4696715488185 -8.019711159008715 0.2722690337446787 69.51557746437477 1.648953118336948
Car 0 2 0 406.7993070384284 442.6272107405107 465.89745376528816 484.49764452822967 1.6700079681054 1.7869191282135 4.4696715488185 -8.545006628988949 0.8586496568448293 51.788760761260086 1.648953118336948
Truck 0 2 0 494.40493980269775 424.0409812904061 534.0986333150523 463.2706419540097 2.6033558299885 2.0240104627303 6.0347500048872 -7.728611211531552 -0.10597826368648008 81.47936898648857 1.648953118336948
