Cyclist 0 0 0 910.9493694419924 471.3230475576267 1081.5754480971 669.7154109388401 1.46513592201 0.89156848669087 1.8003056566095 3.1529265941519324 1.6091061294073068 9.776765661161225 -1.52740658823516
Cyclist 0 0 0 835.6367823011145 455.187302233203 922.790148683714 602.5749299281231 1.6165193474114 0.68664877882945 1.7075047735097 3.0834868985330695 1.5784021883005939 13.716479407188388 -1.52740658823516
Cyclist 0 0 0 740.4252160579949 443.35141536248216 776.2316180698757 498.3052245862384 1.518638359403 0.82109736391054 1.8281459215395 4.061699523280743 0.9992943844180056 33.269829407537785 -1.553499868616736
Cyclist 0 0 0 721.8594114616589 440.6058274142461 746.9761737970473 480.7244911153815 1.4385539146688 0.79751852206771 1.9195679248259 4.360543424494538 0.6475098039739849 43.02407823416196 -1.52740658823516
Truck 0 1 0 826.6608410204575 400.9206421034156 1175.4670303834878 622.3300830630176 2.5236677784292 2.0540061111712 10.644958879714 5.3461273380812875 1.5530167318734027 18.292275922842293 -1.540461822859323
Truck 1 1 0 -1799.545701335749 269.9263247783021 133.76904271415253 1112.5854562119796 2.6992788663719 2.2692583726206 9.4035323053436 -6.674982905856198 1.8091186648129125 8.375492534501767 1.5420623329847611
Car 0 1 0 1056.4852746219158 466.14236546611374 1576.2401204821815 755.3358304463833 1.5634830372479 1.6168213558709 4.1158548163531 5.10609840852368 1.7323117628199032 9.06832699543712 -1.540461822859323
Car 0 0 0 196.920494789671 434.8690493136683 345.6232338219804 531.5596212267772 1.7882195293155 1.9749806597147 4.3588419379652 -7.650738459104087 1.2651836569629276 24.713766394821686 1.5765352516014612
Car 0 2 0 446.2628526680263 429.1499155386642 496.6123089927211 469.8850245102406 1.9595091372215 1.8736523066744 4.4696715488185 -7.96599720036295 0.2615106462312075 59.65365360873483 1.648953118336948
Car 0 2 0 343.17617230108215 438.49330316374494 425.02942885133245 491.1662777116541 1.6508624060174 1.8330762896758 4.4696715488185 -8.645379651175395 0.8710245185218892 40.89100874868207 1.648953118336948
Truck 0 2 0 469.8117841272537 416.46032150678656 520.7809659568404 463.4252836781713 2.7684217673427 2.2594705035628 6.2954173523058 -8.016756136401696 -0.1150824606582392 71.80667423570635 1.648953118336948
