Cyclist 0 0 0 729.7437134294228 446.89968435242736 788.0033539523382 538.2689158796377 1.661010705597 0.95444539827177 1.8003056566095 2.6690583028842725 1.4023350249310647 22.133346027581425 -1.52740658823516
Cyclist 0 2 0 731.292383325602 446.81071016939154 768.1272977472462 523.2794376795661 1.661010705597 0.68664877882945 1.7075047735097 2.9667107101673396 1.3423172855158556 26.137629374989835 -1.52740658823516
Cyclist 0 0 0 676.162795408019 442.6400686500475 702.4548545285295 492.6675468241696 1.661010705597 0.8393435547533 1.8281459215395 2.396412071446631 1.0084545691345714 39.57896590196686 -1.52740658823516
Cyclist 0 0 0 657.0280173355615 441.1216271698775 679.4230197046298 481.6841569547354 1.661010705597 0.91468435860837 1.9195679248259 2.0480029511809206 0.7827031461740196 48.705538749367705 -1.52740658823516
Truck 0 0 0 -90.4163975966419 248.7767566312349 412.2795370147626 642.737821910579 4.1811817829157 3.0076625191502 16.379783392148 -6.444734081183006 1.4323896918849888 20.178882039022447 1.5466393094815611
Car 0 0 0 823.3017793107812 435.04996371540335 995.5876007940324 561.5193132964026 1.8274487174174 1.8727501509193 4.5628431563559 4.910674612613465 1.432832784417955 19.834422779766275 -1.540461822859323
Truck 0 0 0 402.2845262494696 391.6700829950741 493.7140364233358 485.0846934577879 3.721885217506 2.775673182379 13.746370024938 -7.715170776386911 0.49758955317189313 51.52647415974821 1.5466393094815611
Truck 0 2 0 690.8619790384344 423.15622492157576 746.6060766598886 473.9110370066927 2.0365171965902 2.0540061111712 5.2753323200461 4.356725780588428 0.3440400289384736 50.36705794552937 -1.540461822859323
Cyclist 0 1 0 -203.39226637869444 484.65962656678965 -81.24988515082987 603.5651051046866 1.5236702307865 0.70299431057933 1.7096277060278 -11.276590713210707 1.9231418923408414 16.49391974003553 1.490650993218361
Truck 0 2 0 457.4929845698821 421.89970968274696 509.6813048962904 472.2134687443989 2.9113014569956 2.775673182379 10.358871697364 -9.157262692204217 0.3134239549088662 75.39387208209104 1.5466393094815611
