Cyclist 0 0 0 885.1809592489208 460.65823267300016 1029.554129140707 644.0449157964134 1.5720279892257 0.89156848669087 1.8003056566095 3.209948836260925 1.6123167493495552 11.051901927548995 -1.52740658823516
Cyclist 0 0 0 821.5362924553646 449.6688747888388 907.2476310062348 587.9478862449346 1.661010705597 0.7809641462008 1.7075047735097 3.1541616116376 1.5383308991764364 14.862594493062316 -1.52740658823516
Cyclist 0 0 0 723.2574249460474 437.1225328787654 754.7509069684066 495.4417471624658 1.661010705597 0.7410129191764 1.8281459215395 3.5547292970785525 0.9352582172639861 33.91416551249849 -1.553499868616736
Cyclist 0 0 0 715.0735736297812 437.10451767152216 739.5085942038311 482.1991289063436 1.661010705597 0.79751852206771 1.9195679248259 4.15194472028678 0.7158015440465669 43.71350833238679 -1.52740658823516
Truck 0 1 0 801.4146234603793 409.105922612556 1032.8591605734357 570.7907942083139 2.3986420352777 2.0540061111712 9.4100083264184 5.323768573045831 1.4142026177939817 22.048225629595674 -1.540461822859323
Truck 0 0 0 -58.75526800066643 378.19591457908064 327.8911365011135 618.1804688597348 2.7781540909136 2.299024309309 8.8748839815338 -6.858814437671297 1.545329559956206 17.45853243038386 1.572304932922561
Car 0 1 0 934.1362654349564 455.57352474546826 1207.398676830607 626.148607728873 1.5240683761675 1.6168213558709 4.1158548163531 5.12214428318916 1.5618038198498492 13.45826521342066 -1.540461822859323
Car 0 1 0 321.61906271904803 436.944229282779 413.94114030706805 508.9101328572626 1.8834418111232 1.8760403209809 4.4696715488185 -7.698626908641124 1.1985270196117666 34.13172645253268 1.5765352516014612
Car 0 2 0 470.0591554470942 432.0894450566117 512.9800442162348 470.24751053057525 2.1123600429072 1.8887650588537 4.4696715488185 -7.8920307289736975 0.34364538482491724 68.30876253119119 1.648953118336948
Car 0 2 0 393.057891513842 445.0514454587668 455.0292448452057 488.0153444182827 1.6508624060174 1.7869191282135 4.4696715488185 -8.848825156619968 0.9802382048747023 50.276266843261325 1.648953118336948
Truck 0 2 0 490.8927882942625 424.6826683677983 532.1535972082555 466.970663408979 2.7628014375994 2.0829335679563 5.9078517516924 -7.7765406430903035 0.15272348351922765 79.93572233864053 1.648953118336948
