Cyclist 0 0 0 722.8988171892214 446.4954152348244 777.701783557044 533.3056154749952 1.661010705597 0.95444539827177 1.8003056566095 2.630896242822357 1.378376537148837 23.241951340490143 -1.52740658823516
Cyclist 0 2 0 725.866429042033 443.9371481330629 760.1615927740332 515.6993538541537 1.661010705597 0.68664877882945 1.7075047735097 2.9882428737088342 1.2465685018517123 27.73319835376714 -1.52740658823516
Cyclist 0 0 0 674.8741240132936 439.0608833316885 699.3493056713353 487.465536867584 1.661010705597 0.80375046820479 1.8281459215395 2.389939657037603 0.8539111138760647 40.74342376941776 -1.52740658823516
Cyclist 0 0 0 653.5500192004105 440.1522837888397 674.7668438869689 480.2614518854237 1.661010705597 0.87909127205986 1.9195679248259 1.8899861342946278 0.7295691881683259 49.19589485449224 -1.52740658823516
Truck 0 0 0 97.1296369868926 299.08720219601776 427.3897450602091 585.945818854807 4.3170324545628 2.8956665785364 16.379783392148 -6.8574667690032225 1.3765511685551761 25.129632714345284 1.5466393094815611
Car 0 0 0 798.2526298046641 431.9897093898064 946.6478659516288 546.1606025610324 1.8999341808481 1.9329456914846 4.5628431563559 4.841485624472602 1.377386431101655 22.3184986668167 -1.540461822859323
Truck 0 0 0 418.2191849036539 391.80897266155154 497.428710745018 481.467673107808 3.9547639968372 2.6697420038923 13.746370024938 -7.9875277910100975 0.43565900036213157 56.271701860229086 1.5466393094815611
Truck 0 2 0 680.7506174386441 421.73992200565294 732.2171305718285 471.3076253638056 2.1245460299261 2.0540061111712 5.2753323200461 4.039499661514046 0.2565505890466118 53.33774733806344 -1.540461822859323
Cyclist 0 1 0 -31.7537300732738 467.0941022498878 52.11251976961307 559.747120242777 1.5236702307865 0.70299431057933 1.7096277060278 -11.283372483238121 1.6688192964276012 20.580401665254772 1.490650993218361
Truck 0 2 0 468.3022657890052 419.5294261972078 516.7295759027412 462.99271327911777 2.6132386143223 2.6864551158025 13.746370024938 -9.253217526802114 -0.3650772618617846 81.75456551719324 1.5466393094815611
