Cyclist 0 0 0 717.8840039138557 444.21184203740745 769.6492983272702 526.6784468181467 1.661010705597 0.95444539827177 1.8003056566095 2.622581021426247 1.3106662002577594 24.373132854531967 -1.52740658823516
Cyclist 0 0 0 714.4287232145064 444.67694554615787 747.0064548855955 514.2827039252362 1.661010705597 0.68664877882945 1.7075047735097 2.767399357821292 1.2521328025268752 28.58479893441701 -1.52740658823516
Cyclist 0 0 0 671.1473641426958 441.8968331780668 697.6456046071919 489.9044255763074 1.661010705597 0.89273318457606 1.8281459215395 2.3156189293218588 0.952263653704956 41.18871188989513 -1.52740658823516
Cyclist 0 0 0 651.2386235424027 441.3887430001973 672.3326725813193 481.0935554379823 1.661010705597 0.88798954369699 1.9195679248259 1.805956225144228 0.7750673206059706 49.74577268873559 -1.52740658823516
Truck 0 0 0 205.34286962961704 330.17486760884924 445.2207872090916 551.3366501019785 4.2943906759549 2.8956665785364 16.116536873346 -7.053220807155796 1.2511116996716438 29.87819996283124 1.5466393094815611
Car 0 1 0 781.9003019996484 433.03892885125504 908.2276746773124 536.2793260125386 1.9177420282653 1.8727501509193 4.5628431563559 4.79367342296378 1.3564184244898323 24.674855630686196 -1.540461822859323
Truck 0 0 0 428.97969015322985 388.4596945774667 502.1154663286819 475.6728514434069 4.2264653401314 2.775673182379 13.746370024938 -8.28786478696895 0.2370342213475118 61.13778841870801 1.5466393094815611
Truck 0 2 0 675.9832295721409 423.1872011435164 727.8958538649276 472.8733774140336 2.1727794640211 2.1487246455342 5.2753323200461 3.9044352815550587 0.33856019523023156 54.461409987870546 -1.540461822859323
Cyclist 0 1 0 74.44329239423166 460.9121148966864 136.57228895327796 536.4843051139723 1.5236702307865 0.70299431057933 1.7096277060278 -11.524544052510219 1.5453785866776515 24.881982319509444 1.490650993218361
Truck 0 2 0 468.8990668404839 420.73256798072896 515.8882880308915 463.5074533110112 2.7321079520135 2.775673182379 13.746370024938 -9.803080730189103 -0.3251729738005318 86.4555661508026 1.5466393094815611
