Cyclist 0 0 0 875.1753294888252 456.4519928350836 1011.0561028880304 639.8277007804235 1.661010705597 0.89156848669087 1.8003056566095 3.217149366104223 1.6536449968201197 11.551560810048189 -1.52740658823516
Cyclist 0 0 0 817.9885128183939 450.1123594391101 898.8639730643118 584.3270074975134 1.661010705597 0.75738530435797 1.7075047735097 3.168799375400738 1.5398608885329954 15.29151760497159 -1.52740658823516
Cyclist 0 0 0 715.8853500650616 433.8281862545091 750.6738207538978 491.66607142766736 1.661010705597 0.85669045045905 1.8281459215395 3.3987382165160414 0.8275994293856571 34.10917044987797 -1.553499868616736
Cyclist 0 0 0 717.5658224970077 430.6188318744631 741.9731774183585 475.19454484367645 1.661010705597 0.79751852206771 1.9195679248259 4.272875796001567 0.4487054548510565 43.94756729751907 -1.52740658823516
Truck 0 1 0 790.8825633993773 410.453143635723 995.8705593373776 563.7066774919911 2.4958842799511 2.0540061111712 9.4100083264184 5.338965465273981 1.4627810227051017 23.790778235107194 -1.540461822859323
Truck 0 0 0 72.84746416861026 392.4196777986448 364.1604360234317 577.2419907946639 2.6453235984418 2.2692583726206 9.0564451723716 -6.8711328627467525 1.37953043538275 20.608969829516695 1.572304932922561
Car 0 1 0 909.7804584543172 451.0622502614726 1142.8704286400196 605.1288657803715 1.5704105841644 1.5994982699151 4.1158548163531 5.149126435000179 1.5309140203876719 14.897596974457215 -1.540461822859323
Car 0 2 0 346.3335179176224 435.8365468546634 434.6854128650101 500.7727399938258 1.8834418111232 1.8136554860437 4.4696715488185 -7.679054940826107 1.0839013521947127 37.38384446878859 1.648953118336948
Car 0 2 0 475.4498033992923 431.424508157777 516.0302535249039 466.25635641548064 2.0004092467923 1.8607479404853 4.4696715488185 -7.931773642584985 0.11606887235826141 70.96559133048339 1.648953118336948
Car 0 2 0 410.517615826388 445.3229958573705 467.2314758850905 485.4068709572164 1.6508624060174 1.7869191282135 4.4696715488185 -8.749736760806787 0.9404238420534492 53.75660124576723 1.648953118336948
Truck 0 2 0 496.5888831905199 418.6927984699568 536.6935250045049 461.0696035016932 2.9038913629002 2.1116059984844 6.0347500048872 -7.674296282936422 -0.26298750014236993 82.81338404832395 1.648953118336948
