Cyclist 0 0 0 914.908066093151 468.09204300761394 1092.5457613832814 693.083225969973 1.6031437380631 0.87439194664019 1.8003056566095 3.076611276727473 1.7137434828687488 9.37955400190386 -1.52740658823516
Cyclist 0 0 0 844.9582053207963 459.47667444582936 953.1204014778084 611.0748781016586 1.5364349026772 0.82700796793629 1.7075047735097 3.0951089018323636 1.5570160752453286 12.82460200252408 -1.52740658823516
Cyclist 0 0 0 747.0748278669505 439.9921247475294 783.6695930066559 500.3120543949706 1.661010705597 0.82109736391054 1.8281459215395 4.224825987184029 1.0455320750699664 32.910660110812486 -1.553499868616736
Cyclist 0 0 0 727.7765193107506 439.1254125153756 751.3961943466296 485.2317096679716 1.661010705597 0.72678199653919 1.9195679248259 4.541715254770407 0.8148739807508527 42.84057196059267 -1.52740658823516
Truck 0 1 0 863.4081500362539 399.2326839951442 1327.899162321632 650.2373095110667 2.2469506716663 2.0547050759061 9.7421814500097 5.305955425836306 1.4251934795840469 14.998939005699691 -1.540461822859323
Car 1 1 0 1209.220023258021 477.9679316246307 2242.6806911547646 976.4981578213504 1.5748596556056 1.6168213558709 4.1158548163531 5.133406171863916 1.820997338155132 6.232840930116645 -1.540461822859323
Car 0 0 0 45.21298881496261 436.9540230681502 270.3379338638455 572.9563834448888 1.8213206082296 1.932659645578 4.4696715488185 -7.558385888023822 1.48809941001064 18.638705031271684 1.5765352516014612
Car 0 2 0 423.9946813460849 427.6391299241901 482.739503063186 476.9166682480976 2.1563571397859 1.9493717481879 4.4696715488185 -8.081551486455979 0.5497907398572821 54.01281082190434 1.648953118336948
Car 0 2 0 297.93023914147466 445.2814433073431 387.9368676168114 502.89273139204215 1.4828281968335 1.5376791076243 4.1344461826571 -8.53353325899844 1.0563149152053055 34.36378272413736 1.648953118336948
Truck 0 1 0 451.2143826823309 412.3801512204471 514.3643871383796 469.16318988690114 3.118350217852 2.6757661923649 6.1963650100526 -8.129845985221968 0.20729768812865956 66.31415242908548 1.648953118336948
