Cyclist 0 0 0 919.4686113529524 459.4768807239129 1091.6903047205026 677.8314841450746 1.5809262608629 0.83817885686811 1.8003056566095 3.1218107873614436 1.6121514487736366 9.45706800982635 -1.52740658823516
Cyclist 0 0 0 836.7206366231644 454.3522663471087 939.4140543233708 602.7267675249182 1.5542314459515 0.81286922793267 1.7075047735097 3.05247198045799 1.5096002167664628 13.162317116775377 -1.52740658823516
Cyclist 0 0 0 745.5757940707254 436.6901975499875 781.7143861350046 496.2208947854096 1.661010705597 0.82109736391054 1.8281459215395 4.216578776666425 0.9376375966497985 33.23866393408231 -1.553499868616736
Cyclist 0 0 0 725.5970453751729 435.2471592311632 750.9303100998196 481.0764248863465 1.661010705597 0.79751852206771 1.9195679248259 4.502017010878753 0.6596868706688889 42.95250319302545 -1.52740658823516
Truck 0 1 0 847.1893090183208 400.57919598243865 1251.9329685942644 622.0978326128584 2.2175531612685 2.0908167831293 9.8930086923658 5.32457773393096 1.345733051876886 16.342364969654927 -1.540461822859323
Truck 1 1 0 -21117.410316592657 -1203.4372161149722 -41.478382862065246 4977.874119336767 2.7894217598685 2.2692583726206 8.8132585863584 -6.599058096687397 1.941997280754323 5.038888533198718 1.5420623329847611
Car 0 1 0 1117.7111232250925 467.0960743966238 1820.2598499374692 830.4324912830749 1.5575365696499 1.6168213558709 4.1158548163531 5.072719780577261 1.7293901433749648 7.624393778185323 -1.540461822859323
Car 0 0 0 130.10594625893026 433.16682686404994 311.9158935401771 551.0396342563512 1.8968062266005 1.9749806597147 4.4696715488185 -7.653411745223443 1.4124507689820636 21.726149794804893 1.5765352516014612
Car 0 2 0 435.54360201176246 425.6219731467166 487.6002873639145 471.6209785629732 2.1265690422636 1.7869191282135 4.4696715488185 -8.083164832617639 0.32682039644167227 56.77832207641383 1.648953118336948
Car 0 2 0 323.89155259630854 436.6599771610908 410.2647916597906 495.2465361772132 1.6987517440405 1.6833695146569 4.4696715488185 -8.55181174664199 0.9196254312119347 37.74887931637316 1.648953118336948
Truck 0 1 0 458.3276113152624 412.868961871209 513.7429732039479 462.34938500946487 2.8344822072174 2.4765202658277 5.4714468208701 -8.243224308762771 -0.1580163412358124 68.68659439585872 1.648953118336948
