Cyclist 0 0 0 730.4528728315084 440.2924290088352 787.4641963703949 535.1388336291882 1.661010705597 0.88325922517476 1.8003056566095 2.5578846179942643 1.2832524296894334 21.23154300402951 -1.52740658823516
Cyclist 0 2 0 754.7229610551503 439.9187271740601 798.6111225981326 521.5945550980762 1.661010705597 0.74166607646274 1.7075047735097 3.349655929070152 1.210472413610104 24.39224453969987 -1.52740658823516
Cyclist 0 0 0 678.8799714288375 437.53797690548106 707.0393996299568 487.73072699556576 1.661010705597 0.8393435547533 1.8281459215395 2.5075338413869317 0.8292454171314069 39.300933627313384 -1.5577784903726737
Cyclist 0 0 0 660.5311087727843 436.82611280065606 683.0734205961962 477.6234420000661 1.661010705597 0.90578608697124 1.9195679248259 2.1827219390048644 0.601567307275514 48.23783962629565 -1.52740658823516
Truck 0 0 0 -627.6537693737606 61.23937961742212 370.367825189237 775.6986459147835 4.2264653401314 2.8956665785364 16.379783392148 -6.292997061597589 1.3892341118781115 14.974815993025015 1.5466393094815611
Car 0 0 0 850.979196903076 430.54236462844193 1061.839850635823 574.1640883931328 1.8283132639404 1.9407996483345 4.5628431563559 5.031595136804448 1.4079068699706185 17.605061499014145 -1.540461822859323
Truck 0 0 0 381.3070890920051 375.9149011045096 486.4253109937441 485.6827454239047 3.9064829503783 2.775673182379 13.746370024938 -7.528959576203722 0.4206725546989051 46.76831135878421 1.5466393094815611
Truck 0 2 0 692.3879874560645 415.7397844998569 755.9838305931756 476.3139123380839 2.3256440701984 2.1347309466657 6.8728974783186 4.4091865957779 0.36700467608158205 48.63679440774627 -1.540461822859323
Truck 0 2 0 455.1209127747953 399.62313208270297 513.2011624566394 472.5397198309144 4.2264653401314 2.775673182379 13.746370024938 -8.687578176823514 0.18998370197545394 72.42142084665278 1.5466393094815611
Car 0 2 0 712.422867008728 434.97938183578754 779.6044337938505 492.5571182979503 1.6977411720696 1.7818685140369 4.97578885287 4.2688163126992285 0.8440843446047723 38.84259136027785 -1.540461822859323
