Cyclist 0 0 0 915.5132604241012 461.3578045853495 1082.1422022264471 674.3289514099472 1.5645657597072 0.8245156684177 1.8003056566095 3.1170155807141056 1.6130807934716525 9.603408507571453 -1.52740658823516
Cyclist 0 0 0 839.7362483535763 454.70286916557984 933.6872278507736 600.0169293017008 1.5542314459515 0.73380646251513 1.7075047735097 3.1025535402644806 1.512013660587213 13.42189212278225 -1.52740658823516
Cyclist 0 0 0 743.9297937533149 436.6429183893371 779.922345892189 496.0826771053797 1.661010705597 0.82109736391054 1.8281459215395 4.1714740615776975 0.9350687142741254 33.28699950487727 -1.553499868616736
Cyclist 0 0 0 724.3091291464433 435.083578702 749.4737134671667 480.7013853439673 1.661010705597 0.79751852206771 1.9195679248259 4.468965003895727 0.6486342368757466 43.140985500410444 -1.52740658823516
Truck 0 1 0 842.4913679336764 402.59342077377966 1207.58127367698 622.5524143880481 2.3569667875605 2.0908167831293 9.4864466913097 5.326154091259545 1.4871474375893425 17.00159703344363 -1.540461822859323
Truck 1 1 0 -3479.023815397526 125.88466250878662 53.01585502699129 1566.7734389117004 2.8044455754513 2.3744250817 8.673857308191 -6.624632085291498 1.913681754108595 6.624103503005671 1.5420623329847611
Car 0 1 0 1083.588783840239 467.2386140155171 1682.9581699379096 784.6295274494028 1.5389142522474 1.6514675277824 4.0717563718922 5.081877516285746 1.714057947699884 8.340200721209511 -1.540461822859323
Car 0 0 0 169.76198741676535 433.39608043226417 328.4357989596145 539.8567812402212 1.8411207969865 1.8585978708387 4.4696715488185 -7.631544598749182 1.3224313233999865 23.22604798412269 1.5765352516014612
Car 0 2 0 441.07684923098026 425.85777218236126 491.69207240925056 470.7758755245225 2.1375715870539 1.8061931678715 4.4696715488185 -8.06067942862814 0.2978219002644765 58.38765591663519 1.648953118336948
Car 0 2 0 332.8572567015611 436.1934023821992 417.37029558224856 492.246653930853 1.6983586626157 1.7731935796683 4.4696715488185 -8.626577371584652 0.8660930546232637 39.31901237185822 1.648953118336948
Truck 0 2 0 465.4903709348968 414.516853557456 514.4794207696998 461.2689115693833 2.7389468835791 2.3009628741548 4.4696715488185 -8.115341503103014 -0.19267095339962853 69.51234398207573 1.648953118336948
