Cyclist 0 0 0 907.7564818688272 472.62114041670645 1069.6257876898428 672.3149797482323 1.5097400877658 0.85597540014236 1.8003056566095 3.1560692279538927 1.6677681834783689 9.976056348738773 -1.52740658823516
Cyclist 0 0 0 827.6565001451876 459.6105362160636 919.4271928263812 598.726750446335 1.5275366310401 0.76265597427047 1.7075047735097 3.0376796204188348 1.5472734512987285 13.828557938268286 -1.52740658823516
Cyclist 0 0 0 737.2150973688967 441.43964163472737 772.685432117272 500.8930064160338 1.661010705597 0.82109736391054 1.8281459215395 3.979233363572246 1.0799831994221567 33.42094588688645 -1.553499868616736
Cyclist 0 0 0 720.9756828665584 438.9716620953026 745.9711441132476 484.710269760888 1.661010705597 0.79751852206771 1.9195679248259 4.340622163552668 0.8018642233459887 43.18402378184819 -1.52740658823516
Truck 0 1 0 820.2512278018025 405.9673366698435 1144.501267821932 616.7624734185237 2.4958842799511 2.0540061111712 10.644958879714 5.347062424304527 1.5935649804486642 19.051611236927997 -1.540461822859323
Truck 1 1 0 -1079.7733126817493 309.65094159617183 170.49016368836283 905.7982429087232 2.6842550507891 2.2692583726206 8.9710018585901 -6.66808380387164 1.7348659349651254 9.614034390995007 1.5420623329847611
Car 0 1 0 1032.5364903141672 466.5610090538588 1505.312271893841 729.9718124331424 1.5515648276576 1.6895816918167 4.1158548163531 5.142993187568263 1.7274681453499023 9.715906211679771 -1.540461822859323
Car 0 0 0 222.730666451472 432.4256988398215 360.1657839975697 527.4279230785969 1.8940220646574 1.9749806597147 4.4696715488185 -7.689179441791344 1.2704626563323138 26.337006789165944 1.5765352516014612
Car 0 2 0 447.7087365265998 429.3128584048002 499.7785901319812 471.2368238432713 2.0766719451282 2.0454666030541 4.4696715488185 -8.038306828449306 0.3434740298193611 61.16819487653866 1.648953118336948
Car 0 2 0 356.38194620449394 438.57663979969726 432.8515111568548 490.7278197350623 1.7082990922814 1.7869191282135 4.4696715488185 -8.590036856810865 0.8973814686582813 42.50208939206003 1.648953118336948
Truck 0 2 0 470.6666330587698 417.78694426657535 521.3525723043151 465.719999564318 2.8858625493422 2.3313767680772 6.1336923914397 -8.122553780604479 0.03617380377946422 73.16105625563533 1.648953118336948
