Cyclist 0 0 0 736.4897489819379 446.3221118481115 797.0537268822169 546.6360319351936 1.661010705597 0.88325922517476 1.8003056566095 2.57145461302885 1.4172933597403916 20.223758653230213 -1.52740658823516
Cyclist 0 1 0 773.1960731590766 445.5015062004699 820.5579889153335 531.2862097119445 1.661010705597 0.74166607646274 1.7075047735097 3.6276146337129163 1.3524042312642868 23.366214333299773 -1.52740658823516
Cyclist 0 0 0 683.2501215170671 442.9603520957617 711.8107113747585 494.63114952532567 1.661010705597 0.82050835378953 1.8281459215395 2.604365823637495 1.0410632106365 38.38266720188745 -1.5591236959925296
Cyclist 0 0 0 666.4134900944389 441.6738848255859 687.8099109714011 483.2264955404555 1.661010705597 0.83459991387423 1.9195679248259 2.3792138672705514 0.827962454635694 47.575357035802895 -1.52740658823516
Truck 1 1 0 -40669.90093820709 -19911.080441319977 122596.07874162986 34822.15631464523 4.2264653401314 2.8956665785364 16.379783392148 -5.940004471284966 1.7766948964365952 8.464870306442531 1.5466393094815611
Car 0 0 0 902.2991668481236 433.8489227226288 1176.4707889514114 620.18992455175 1.875041327895 1.8116970672899 4.5628431563559 5.079930369484186 1.593792861590958 14.436671980433028 -1.540461822859323
Truck 0 0 0 344.0005686598839 374.0962656613127 476.47213071385374 506.57213247528097 3.9466564437296 2.8496123756171 13.746370024938 -7.213567237487185 0.9097184060424564 40.28892859583226 1.5466393094815611
Truck 0 2 0 700.4067711011048 420.1837220309191 772.5683249749918 488.88650624788096 2.4063689056929 2.1055711591503 8.7591361404457 4.692379865001755 0.7520310240627879 46.63669856927689 -1.540461822859323
Truck 0 2 0 452.7468473421246 420.47941645794 503.8268567916322 472.7574187057097 2.6188990589743 2.3222719241124 7.1922971737622 -7.99819227143773 0.34205584110434156 63.1114120203719 1.5466393094815611
Car 0 2 0 726.2450092828774 441.2104206877369 801.8790040354281 505.04988498622953 1.7168326204343 1.7818685140369 5.5355650988179 4.608567792961071 1.1454573109739015 36.75863107538425 -1.540461822859323
