Cyclist 0 0 0 893.6332455167095 461.6050387331971 1030.0916807231883 657.8301368567286 1.661010705597 0.78478922704535 1.8003056566095 3.208380222440682 1.7109762992038824 10.89327466562012 -1.52740658823516
Cyclist 0 0 0 821.402082885084 452.3753573831654 913.2464664498872 594.6503389305519 1.661010705597 0.82812182988648 1.7075047735097 3.1101114264487384 1.579749143608343 14.501404656062988 -1.52740658823516
Cyclist 0 0 0 730.9386567158365 449.893947414833 765.692487736717 501.3912635441078 1.4296556430317 0.82109736391054 1.8281459215395 3.818231369654146 1.106131185809908 33.74980564757701 -1.553499868616736
Cyclist 0 0 0 717.1142628419941 445.1521862685001 741.769682349563 488.2652796721068 1.5620700064303 0.79751852206771 1.9195679248259 4.212345403518709 0.9438689588226221 43.47157302886381 -1.52740658823516
Truck 0 1 0 807.7136866604212 408.2986348191582 1069.9918466482318 590.4352434959476 2.4958842799511 2.0540061111712 10.018189134513 5.348371382867622 1.5467011224666898 20.99514078019291 -1.540461822859323
Truck 0 0 0 -260.34763944859685 367.0326698788924 275.2108191100337 685.3539301004079 2.7756696413192 2.2692583726206 8.9710018585901 -6.798279614126997 1.6822799791675498 14.331570207760546 1.5420623329847611
Car 0 1 0 970.4596861831528 461.2346002269017 1308.601211544281 659.0189177909037 1.515840332205 1.6861136996939 4.1158548163531 5.190685949804685 1.633854927516022 11.957671933198158 -1.540461822859323
Car 0 1 0 285.60486351162064 439.7118452059201 394.7524355065119 517.7961113697736 1.8305405434523 1.9749806597147 4.4696715488185 -7.7540553751441 1.2984708889588485 31.054879131451802 1.5765352516014612
Car 0 2 0 463.6997746745559 433.3169682718877 507.14054313336464 471.2333520761741 1.9975416741817 1.7869191282135 4.4696715488185 -7.927090357873031 0.379386415012411 65.49131654003777 1.648953118336948
Car 0 2 0 381.090101210018 442.44923094401673 448.1017968588749 488.17263570711606 1.6508624060174 1.7869191282135 4.4696715488185 -8.690997455785933 0.9133294832027539 47.13231183358657 1.648953118336948
Truck 0 2 0 486.9835818916238 423.64607147129954 529.2208205215403 464.86947925938847 2.5868014086694 2.0221772092191 5.950151169424 -7.735948899258787 -0.0012363436771837544 77.08197328912641 1.648953118336948
