Cyclist 0 0 0 901.096959581323 455.9774063960544 1061.641370200682 666.4361215389669 1.661010705597 0.88267021505374 1.8003056566095 3.154290036173697 1.6559264043772473 10.17392663669213 -1.52740658823516
Cyclist 0 0 0 831.1082097011359 454.2452607872564 927.7563910843934 602.0623267599933 1.661010705597 0.82812182988648 1.7075047735097 3.150625029272209 1.6089666707057964 14.008823340225808 -1.52740658823516
Cyclist 0 0 0 734.3745903556435 442.3850528264148 769.5264391656318 501.6201221661962 1.661010705597 0.82109736391054 1.8281459215395 3.906900024487879 1.106512229496156 33.568950687078015 -1.553499868616736
Cyclist 0 0 0 721.1927810564684 441.7325400692888 746.1347945840591 487.4742156775851 1.661010705597 0.79751852206771 1.9195679248259 4.358959205026018 0.9094841972900822 43.290336988377966 -1.52740658823516
Truck 0 1 0 815.1568222244596 408.1842859344678 1110.8740320387324 605.6907917820154 2.4795366679001 2.0540061111712 10.34927916132 5.347671795111986 1.585796700212091 19.83701498218662 -1.540461822859323
Truck 0 0 0 -667.7186387977314 350.1711302765434 210.5948146221725 799.5515173317926 2.6842550507891 2.2692583726206 8.9710018585901 -6.763636488979071 1.7523510213593825 11.259497627569147 1.5420623329847611
Car 0 1 0 1006.8231628542756 467.01115996080586 1412.9246259788845 707.4284010379505 1.5613155421711 1.6168213558709 4.1158548163531 5.107404271430306 1.7451226599802556 10.501090607136863 -1.540461822859323
Car 0 1 0 243.4522095048212 435.771054729404 370.8037111339773 525.2925437088336 1.8834418111232 1.9749806597147 4.4696715488185 -7.7525792763401995 1.3098548250503093 27.842569640761532 1.5765352516014612
Car 0 2 0 454.98029844477855 435.3476645513946 500.95604751496217 473.23849867848986 1.8886257381846 1.7869191282135 4.4696715488185 -7.992465227351259 0.4643636843745651 62.57223996056635 1.648953118336948
Car 0 2 0 365.8402188618882 444.42197542602855 439.5368849495712 493.759225561318 1.6508624060174 1.8156374713455 4.4696715488185 -8.580884730860031 1.050453612480341 44.01697622678207 1.648953118336948
Truck 0 2 0 480.9353549255519 418.7419915906115 524.7713875120245 466.5557273981595 2.9413050500136 2.0221772092191 5.7386540807661 -7.806044937886859 0.1069951154199672 74.30952529193605 1.648953118336948
