Cyclist 0 0 0 897.1517161468287 459.1925605753606 1035.370421944123 652.589299641344 1.6165193474114 0.77898946071044 1.8003056566095 3.2104625972283003 1.641442335111398 10.763458537288471 -1.52740658823516
Cyclist 0 0 0 824.1581925021236 456.3201710279947 911.5280157537306 592.3992223199857 1.5969792765904 0.7809641462008 1.7075047735097 3.151352015107851 1.5691614094709212 14.64592066111017 -1.52740658823516
Cyclist 0 0 0 727.2785945272055 441.0590434049705 761.8498231399142 499.9070210935667 1.661010705597 0.82109736391054 1.8281459215395 3.704177557236604 1.0620202720562228 33.74572463348997 -1.553499868616736
Cyclist 0 0 0 717.5671676313073 440.8085283186121 742.25586264483 486.3315124999109 1.661010705597 0.79751852206771 1.9195679248259 4.229475181436329 0.8694848977073408 43.4577779150158 -1.52740658823516
Truck 0 1 0 805.2095803821132 407.6522657504444 1048.6940996990954 581.2331889936501 2.4926097962019 2.0540061111712 9.4545348502032 5.311609097026479 1.5051020267634398 21.40688451321875 -1.540461822859323
Truck 0 0 0 -143.41651949772097 378.7038271600132 309.4973501152268 643.4983600740569 2.704217630318 2.2692583726206 8.9707443999908 -6.80569308031325 1.5888297446449844 15.97942376156039 1.572304932922561
Car 0 1 0 950.613797567392 456.1474458996626 1262.14277206982 644.1144388183897 1.5682940325854 1.7259618597897 4.1158548163531 5.174730093255007 1.6185650492510175 12.678648508699425 -1.540461822859323
Car 0 1 0 300.8756675814597 437.851855517343 403.4069938405952 513.0412931952238 1.8622813040548 1.9749806597147 4.4696715488185 -7.779969129226938 1.2425796157503968 32.52167344373766 1.5765352516014612
Car 0 2 0 465.14650194892585 433.9414001917733 509.4355480079801 470.58059160901263 1.9645172270083 1.8972947300968 4.4696715488185 -7.970319030910836 0.35181057192449944 66.78572291373074 1.648953118336948
Car 0 2 0 392.02127602845314 441.0087973646391 456.0420771761236 485.0855342772189 1.6508624060174 1.7869191282135 4.4696715488185 -8.564765275534725 0.8203413239012214 48.66913398857602 1.648953118336948
Truck 0 2 0 486.3258760871815 423.6109829868587 529.2568736323865 465.7966227317267 2.72083243354 2.1917206485232 5.442558156645 -7.887493103535298 0.08050642451364176 78.34578017077816 1.648953118336948
