Cyclist 0 0 0 735.2757969123381 454.8421199995917 799.6075681628478 544.9461637615084 1.4741470012173 0.95444539827177 1.8003056566095 2.589895437144169 1.3919728225742725 20.28173414948046 -1.52740658823516
Cyclist 0 1 0 766.8784329364045 445.2299230360315 813.1401990056199 529.9196721285575 1.661010705597 0.74166607646274 1.7075047735097 3.5277146599058447 1.3421156152494054 23.653012137470387 -1.52740658823516
Cyclist 0 0 0 680.3566254517616 439.9940849221121 710.4913450895309 491.3118588792949 1.661010705597 0.88279625524941 1.8281459215395 2.54261239008612 0.9331572707567704 38.551717378131364 -1.5591236959925296
Cyclist 0 0 0 665.1551448018002 439.4102418289992 686.0645078130718 480.84466267264304 1.661010705597 0.81680337059997 1.9195679248259 2.3167144056685784 0.728482745697529 47.606631677485126 -1.52740658823516
Truck 1 1 0 -3747.950600955532 -780.8998748115138 320.13868132306607 1729.8536781858838 4.2466812138884 2.7819161888787 16.204285712946 -5.975108825930485 1.7873369716023084 10.18453196165534 1.5466393094815611
Car 0 0 0 885.3582238831494 432.0451849398935 1142.6896585110476 606.507208373401 1.8800302387147 1.8894293319509 4.5628431563559 5.059601802200601 1.5498534915262299 15.255961119871598 -1.540461822859323
Truck 0 0 0 363.0405300398583 373.7589750461053 472.0369274114177 502.2395993970068 4.0104482141023 2.5596705855692 9.7697415534381 -7.045557653707978 0.9561180279081767 39.87219401516174 1.5466393094815611
Truck 0 2 0 701.0486942573817 420.4926802868084 774.5829368982947 487.3631075136981 2.3007264551606 2.1163001487658 8.7591361404457 4.686036334676184 0.6813486970455015 46.081718796545296 -1.540461822859323
Truck 0 2 0 455.0982308922192 420.9732627690657 507.92011082886376 471.6271187088335 2.5509737231507 2.4188009160731 9.3392031402208 -8.113994878643474 0.23068475691146556 65.74157276702672 1.5466393094815611
Car 0 2 0 722.7009187660693 442.95582294365 795.0554594899797 501.7545629562742 1.6022839302462 1.7818685140369 4.97578885287 4.473964235757 1.0778301309336924 36.94598094698191 -1.540461822859323
