Cyclist 0 0 0 733.8190434753227 443.6365427289636 794.022842547114 541.8758937744133 1.661010705597 0.90105576844901 1.8003056566095 2.5672377305533205 1.3604242334535042 20.587400631529217 -1.52740658823516
Cyclist 0 2 0 760.3091470960765 443.63286157992167 805.2263147990117 526.6991471678886 1.661010705597 0.74166607646274 1.7075047735097 3.435324180260892 1.3000428947174203 24.06885226004041 -1.52740658823516
Cyclist 0 0 0 683.126766683966 438.0861148137504 711.7508194593356 489.1386415546407 1.661010705597 0.78965890812009 1.8281459215395 2.622252135958703 0.8625009268551821 38.67987016185624 -1.582515486797868
Cyclist 0 0 0 663.778234770141 439.3466061898681 685.7762238042747 480.5463749626472 1.661010705597 0.87019300042274 1.9195679248259 2.294200357070284 0.7202898280055594 47.87945062920041 -1.52740658823516
Truck 0 0 0 -1771.725336156424 -246.03263058430844 340.57140398212965 1129.8311680340207 4.2259801591612 2.8956665785364 16.379783392148 -6.1209158077973616 1.6229600145247844 11.810017000872898 1.5466393094815611
Car 0 0 0 871.3903715690487 431.3185568584385 1116.4248084784128 594.299889623082 1.8458267022053 1.953010871673 4.5628431563559 5.021775318408093 1.4859700936716376 15.92265752297755 -1.540461822859323
Truck 0 0 0 364.74767800096697 374.0502609431912 481.6002410213069 498.4253432387629 4.0529760610175 2.775673182379 13.746370024938 -7.345087366763695 0.7675626569465918 43.40562021793646 1.5466393094815611
Truck 0 2 0 698.7587493617754 421.2590912190912 763.7858113846539 482.7002912772412 2.2333871153476 2.0540061111712 6.8728974783186 4.544114320420647 0.5957432620467688 46.92372032506174 -1.540461822859323
Truck 0 2 0 457.4349305656452 417.22841352336536 507.9132215146229 467.7483887526507 2.6912238760056 2.4782796271241 6.6050080615361 -8.087833626373062 0.10566989450154349 65.80537625590935 1.5466393094815611
Car 0 2 0 718.0881217405147 437.1553946766282 790.7533011433264 497.4493889462362 1.735924068799 1.8868714800426 4.97578885287 4.465488654717855 0.9803094395430034 38.09589420338138 -1.540461822859323
