Cyclist 0 0 0 864.5057202910933 450.2907778954402 991.530263912584 623.3394922122778 1.661010705597 0.89156848669087 1.8003056566095 3.224677124358989 1.5788837360089234 12.128469269840604 -1.52740658823516
Cyclist 0 0 0 814.8771634985966 446.7874177383202 892.9578709583242 576.667620141059 1.661010705597 0.75738530435797 1.7075047735097 3.2012780556687135 1.485680881289549 15.733046613640864 -1.52740658823516
Cyclist 0 0 0 715.4355189367874 439.8042478213944 747.261815761444 497.1401192317413 1.661010705597 0.78179929417248 1.8281459215395 3.3869290201820075 1.0061633300803279 34.56922175029386 -1.553499868616736
Cyclist 0 0 0 714.2488491310372 437.6493656930826 738.3510243174937 482.2166646859314 1.661010705597 0.79751852206771 1.9195679248259 4.163947651534132 0.726045944814334 44.241774209260356 -1.52740658823516
Truck 0 2 0 782.0566219262973 411.6175246393335 969.0002868733452 546.1654745749388 2.3303288765198 2.0540061111712 9.4100083264184 5.313202265247574 1.2644791591927635 25.161705259337225 -1.540461822859323
Truck 0 0 0 151.56166968939908 398.8345478438901 403.373506430566 553.4851530258874 2.5995584707834 2.2682732128792 9.1934910009573 -6.790446852925125 1.2804812283782274 23.616907256243476 1.6203098284135473
Car 0 2 0 887.0821043389702 451.7320441761804 1094.8904863639968 582.7890713884235 1.4703651222389 1.6652072345646 4.1158548163531 5.181533377304326 1.4279945158215612 16.335189197790626 -1.540461822859323
Car 0 2 0 370.6299609635083 431.58657905027127 449.23562999755296 491.297918190619 1.9036215448138 1.7869191282135 4.4696715488185 -7.629680395220454 0.8666334588284031 40.52906297696253 1.648953118336948
Car 0 2 0 480.95499785261467 429.0437277363208 519.9326892593424 463.3324140331578 2.0626344983091 1.8753177495696 4.4696715488185 -7.933763838842419 -0.061897758022426405 73.77625831145821 1.648953118336948
Car 0 2 0 423.42046566715067 442.3015037836767 476.5566238026296 480.1673134174024 1.6508624060174 1.7869191282135 4.4696715488185 -8.624489374081367 0.7408448186550416 56.43239309130024 1.648953118336948
