Cyclist 0 0 0 831.0472843915869 451.1275791780062 931.9190111039056 599.6554444415286 1.661010705597 0.85597540014236 1.8003056566095 3.169248138301476 1.570037814625923 13.994430795003197 -1.52740658823516
Cyclist 0 1 0 807.5098941946411 444.0962559254576 868.3125901102555 561.4823277159888 1.661010705597 0.62377186724855 1.7075047735097 3.285357194517271 1.4202363123424664 17.27410747902623 -1.52740658823516
Cyclist 0 0 0 706.5193230701419 440.60570598622775 737.3239406735738 496.94268005609615 1.661010705597 0.78179929417248 1.8281459215395 3.151502766328819 1.019604324273791 35.19219065556084 -1.553499868616736
Cyclist 0 0 0 704.6155422276845 442.3551136903824 725.9478458439136 486.38834653788 1.661010705597 0.71892238259158 1.9195679248259 3.7872174398345524 0.9043336034902085 44.949174221306066 -1.52740658823516
Truck 0 2 0 -7786.96992134621 -1883.115824410485 143.27793356755012 2472.3910753972395 4.1048094853568 2.4867054276734 9.9416089233817 -5.993976348238121 1.8218591366523902 6.20326495122801 1.574842809871961
Truck 0 2 0 762.2182577357854 412.97614084758686 905.9705329841436 524.5486677207854 2.3631791348609 2.0540061111712 9.2352106796074 5.352760111847818 1.1312625927257038 29.70659567951376 -1.540461822859323
Truck 0 0 0 305.2796279419204 406.29633354083575 454.67378693632713 513.4049451734321 2.6564592479707 2.2901050855247 8.9754635463891 -6.895370592064653 1.0456927212376605 33.143735536397244 1.6203098284135473
Car 0 2 0 832.026363002511 449.5298489414939 976.6396289646984 549.4618379308034 1.4686437916934 1.6291369271195 4.1158548163531 5.082531450402724 1.3404955356560213 20.680814496122455 -1.540461822859323
Car 0 2 0 419.6329948125681 436.3748604570781 479.6229619344352 480.10464966790886 1.7082990922814 1.7869191282135 4.4696715488185 -7.658339880132831 0.6345497941318362 50.03686604788309 1.648953118336948
Car 0 2 0 497.1069899184786 431.30873970625566 531.9580718546061 460.1683153992865 1.9189002752494 1.9205568259541 4.4696715488185 -7.785461590321982 -0.28035591385215053 82.04929833257283 1.648953118336948
