Cyclist 0 0 0 722.9799329379106 445.0363574829626 771.349375908168 529.0224649896097 1.661010705597 0.85656441026338 1.8003056566095 2.6503153121307608 1.3354537892743241 23.956039337969422 -1.52740658823516
Cyclist 0 0 0 720.4809013366512 443.357037326044 753.9977933783205 514.1275238591836 1.661010705597 0.68664877882945 1.7075047735097 2.8831184900365034 1.2254974231561253 28.09762231251607 -1.52740658823516
Cyclist 0 0 0 674.4770052846885 440.1068204468983 698.4428572506882 488.0667967402533 1.661010705597 0.79485219656766 1.8281459215395 2.3907297853944662 0.8849988529689352 41.14899450820264 -1.52740658823516
Cyclist 0 0 0 650.9809309912001 438.7702339756156 672.9400852175623 478.5002666125888 1.661010705597 0.9235826302455 1.9195679248259 1.8079627249440133 0.6588478884275004 49.60226799745824 -1.52740658823516
Truck 0 0 0 183.5613558173158 320.0828621177337 440.7828739113591 559.422919040885 4.3170324545628 2.7800317806463 16.379783392148 -6.933035117343545 1.2670038533979755 28.46257006399978 1.5466393094815611
Car 0 1 0 787.9697980961133 433.3090117790407 922.3634678470936 536.869582392106 1.8479438657527 1.9128805112961 4.5628431563559 4.839340138247886 1.3141594740694118 23.872020740546116 -1.540461822859323
Truck 0 0 0 425.32036605756457 391.60411087653705 498.80032568714535 476.21653710833925 3.9774057754451 2.6478279967397 13.746370024938 -8.249842576546772 0.24361896592238486 59.508844126971276 1.5466393094815611
Truck 0 2 0 679.0989888675068 422.38684216590815 729.3311846667235 472.4447771371194 2.2272715293451 2.0887149667978 5.2753323200461 4.0739125185739145 0.32563516556547034 55.192369272142635 -1.540461822859323
Cyclist 0 1 0 46.39206795033476 462.3798077878516 114.25916644080117 542.7646035535861 1.5236702307865 0.70299431057933 1.7096277060278 -11.403313561536047 1.578949079523193 23.47904957691897 1.490650993218361
Truck 0 2 0 472.3249445613209 420.8566666822278 519.5852204130076 462.2766485919248 2.5736155017586 2.775673182379 13.746370024938 -9.347643209743863 -0.4133640531307577 84.84361475217551 1.5466393094815611
