Cyclist 0 0 0 725.8210914752505 443.8680564278023 784.6310683176836 536.381770344002 1.661010705597 0.95444539827177 1.8003056566095 2.5574877967585046 1.3448831570058843 21.815615280737873 -1.52740658823516
Cyclist 0 2 0 753.8495517133861 441.1501513085874 795.3012830498521 518.5017312178494 1.661010705597 0.74166607646274 1.7075047735097 3.4924399859479878 1.2130704349813402 25.7342242682515 -1.52740658823516
Cyclist 0 0 0 677.4493311742312 441.2281678860945 704.7312866408687 491.4758477001824 1.661010705597 0.81264873984192 1.8281459215395 2.446966272465043 0.9609932966038317 39.382443241430515 -1.5580585285637405
Cyclist 0 0 0 658.3410503039978 440.1700003170546 680.1916222693463 480.7411004955276 1.661010705597 0.88798954369699 1.9195679248259 2.091277956558908 0.7412723224801453 48.647867172135896 -1.52740658823516
Truck 0 0 0 -210.5716917400204 219.69738520943267 396.5402951091591 673.8454645684518 4.0906146684843 2.8956665785364 16.379783392148 -6.431818690077097 1.4260082584229852 18.390789405815607 1.5466393094815611
Car 0 0 0 830.7344563443982 434.746175323436 1013.3894395438772 566.3214447163244 1.8274487174174 1.8911165273514 4.5628431563559 4.936432297041155 1.4439212701852155 19.14293892678142 -1.540461822859323
Truck 0 0 0 400.3870970728081 384.0881417890356 490.64037883323306 485.5535477249216 3.9094804396215 2.5662367302564 13.746370024938 -7.598296958717699 0.4861471462191921 50.03124437852026 1.5466393094815611
Truck 0 2 0 691.4276247285977 422.3418446968325 748.2169993896284 478.0548206936632 2.212574863262 2.0540061111712 5.2753323200461 4.331372715958189 0.5105485053358754 49.551823053000135 -1.540461822859323
Cyclist 0 1 0 -304.06420820009123 485.9291446332087 -156.22187349989383 619.9761856574642 1.5236702307865 0.70299431057933 1.7096277060278 -11.23063403469219 1.9055319166955629 14.753200390807994 1.490650993218361
Truck 0 2 0 459.4848298210292 421.5528206657086 512.4152127156095 468.94053428981806 2.66418261619 2.775673182379 10.579795501336 -8.837174743784125 0.0915902930442826 74.08183811421172 1.5466393094815611
