Cyclist 0 0 0 904.1000640773748 473.9536340304878 1051.5441918625238 664.4506404467061 1.5066987921733 0.80278087929494 1.8003056566095 3.2042170558102128 1.6821363354711318 10.407521925089338 -1.52740658823516
Cyclist 0 0 0 822.1666304082946 461.4745657199526 915.8146445019354 597.7475743975064 1.5420951945847 0.82812182988648 1.7075047735097 3.0735217095691794 1.5863164159090548 14.24325625181385 -1.52740658823516
Cyclist 0 0 0 734.2234845891294 442.2184022208328 769.2165782108437 501.1918570503181 1.661010705597 0.82109736391054 1.8281459215395 3.916701367722874 1.0988412521832678 33.708922824154556 -1.553499868616736
Cyclist 0 0 0 719.3242647175825 444.86845503600887 744.1507139480211 485.3461975796757 1.4563504579431 0.79751852206771 1.9195679248259 4.287810220879758 0.8291129789253106 43.33077265859261 -1.52740658823516
Truck 0 1 0 810.6818303351242 409.7124958593755 1091.800028210748 598.8038610632542 2.4542090322339 2.0540061111712 10.34927916132 5.348033983854381 1.5669688685180778 20.424592434166986 -1.540461822859323
Truck 0 0 0 -415.7603090737588 366.7578187562995 249.206216903752 717.4339338064309 2.6144414391276 2.3734391510299 8.8268250430056 -6.779715385476785 1.6435416128109963 12.852300176657751 1.5420623329847611
Car 0 1 0 985.266808551443 468.64169659256345 1353.5017689328097 684.9674398308372 1.515840332205 1.6601290707603 4.1158548163531 5.129525828060767 1.72263073408784 11.243708606498823 -1.540461822859323
Car 0 1 0 263.25559497654586 437.9447601218273 381.513325930363 520.6136084209467 1.8305405434523 1.9749806597147 4.4696715488185 -7.788936958103887 1.2824451761648525 29.365990814016598 1.5765352516014612
Car 0 2 0 458.0590396720231 434.3379553542005 505.2847358312444 474.0096180245199 2.0402301600156 1.9321558514688 4.4696715488185 -7.960831617500706 0.5214527319656587 64.0166172047257 1.648953118336948
Car 0 2 0 375.9837075756782 443.36701022425103 446.5127159383038 491.409025123917 1.6748070750289 1.8252102523895 4.4696715488185 -8.542611130620127 1.003860575283802 45.60327350571681 1.648953118336948
Truck 0 2 0 478.37543125077264 423.9128134615058 526.2807359543078 467.7224381888871 2.7102034237186 2.33989199779 5.8867020428266 -7.997397005681855 0.1842172373126274 75.84014423891436 1.648953118336948
