Cyclist 0 0 0 730.0883781165654 439.4155021925499 788.9682806137008 533.3455102275693 1.661010705597 0.92775058336039 1.8003056566095 2.5914794743715968 1.2622003736543534 21.41759261160573 -1.52740658823516
Cyclist 0 2 0 751.0603748627988 441.8438313052494 792.9585250111089 520.4331129210407 1.661010705597 0.74166607646274 1.7075047735097 3.381007925261461 1.2364977389930218 25.356674359698022 -1.52740658823516
Cyclist 0 0 0 678.9342543957703 440.09842973856576 706.8593952775675 490.0435848631891 1.661010705597 0.75036083838203 1.8281459215395 2.525099379111501 0.9159479705466138 39.59502070591257 -1.608399217650836
Cyclist 0 0 0 658.5541290727343 437.4477037414609 681.6106380784262 478.2084566995533 1.661010705597 0.93248090188262 1.9195679248259 2.1112664245995294 0.6274632934376121 48.31315971834365 -1.52740658823516
Truck 0 0 0 -388.28015793066993 141.206129593865 382.9541360272445 737.3415706704185 4.4075995689942 2.8956665785364 16.379783392148 -6.3790024100462706 1.5638806825562122 16.61344607815902 1.5466393094815611
Car 0 0 0 840.2193680910237 433.6182831822204 1033.5166400783485 574.0812729279809 1.8663739382225 1.8727501509193 4.5628431563559 4.9517303177145156 1.4815708633451838 18.34490432819602 -1.540461822859323
Truck 0 0 0 392.930281114094 384.5529034270429 483.8381831121524 487.43486252227154 3.8018450142075 2.5923699406226 10.358871697364 -7.425395862856244 0.6194505765449437 46.587413928329845 1.5466393094815611
Truck 0 2 0 696.5424355170262 421.260143347476 759.6131119956034 480.3902284385372 2.201571259095 2.0540061111712 6.8728974783186 4.520401669687865 0.523360938425857 48.0271023480922 -1.540461822859323
Cyclist 0 1 0 -398.41502816845184 495.1394857551455 -222.9885176784637 646.1258256993591 1.5236702307865 0.70299431057933 1.7096277060278 -11.070413535022697 1.991081521182044 13.305877809243405 1.490650993218361
Truck 0 2 0 460.5461287789721 416.43291376048654 512.1317049074339 466.7706511630521 2.8226750664449 2.6244584466766 10.064306625401 -8.568047770810491 -0.03415182239530107 71.98337957659241 1.5466393094815611
Car 0 2 0 711.7139085170148 438.77219690660695 777.3597241186478 495.6152800936609 1.6977411720696 1.7818685140369 4.97578885287 4.308567824959845 0.9682938793767253 39.63773183869073 -1.540461822859323
