Cyclist 0 0 0 721.3010717294403 445.574614471397 774.9093857042618 530.6334939237471 1.661010705597 0.95444539827177 1.8003056566095 2.636862891033379 1.3518441681347368 23.684089854550702 -1.52740658823516
Cyclist 0 2 0 721.5279839414138 443.9391820799085 755.5394396614139 515.6559708004272 1.661010705597 0.68664877882945 1.7075047735097 2.878438863174006 1.246306692007499 27.750854211871022 -1.52740658823516
Cyclist 0 0 0 677.7480797821132 434.81024568790144 700.8876954216815 483.0801923041646 1.661010705597 0.75036083838203 1.8281459215395 2.4683409300978214 0.6958084008867635 40.69458641263905 -1.52740658823516
Cyclist 0 0 0 657.6886180001569 435.15827568477926 675.2870093600699 474.8577710601519 1.661010705597 0.71892238259158 1.9195679248259 2.0048471072579566 0.49805170749706396 49.435257971950634 -1.52740658823516
Truck 0 0 0 138.6385199107974 318.5751733715384 433.551363865841 574.6031298408243 4.2264653401314 2.8956665785364 16.379783392148 -6.944791063600905 1.3692503886424652 26.757362097890432 1.5466393094815611
Car 0 1 0 792.9674095963328 430.8601980436845 931.2517573268234 536.5669708993101 1.8274487174174 1.8727501509193 4.5628431563559 4.8182219038456315 1.257421676701316 23.11160472119047 -1.540461822859323
Truck 0 0 0 421.6531254399426 385.9875551980881 500.0467610809884 478.7601193397512 4.2264653401314 2.775673182379 13.746370024938 -8.066026491499676 0.3390881533034632 57.89309555572671 1.5466393094815611
Truck 0 2 0 681.2223193044723 422.8082117822927 730.9140683408198 464.4736414789133 1.8274487174174 2.0540061111712 5.2753323200461 4.16411223517589 -0.05171722465253559 55.16972296198575 -1.540461822859323
Cyclist 0 1 0 4.411761165134749 466.6597403425623 80.08751297884373 553.008078846477 1.5236702307865 0.70299431057933 1.7096277060278 -11.436143099209762 1.6662645782590733 22.006439513846516 1.490650993218361
Truck 0 2 0 470.16611871902006 415.998156132498 518.6894159059486 461.7373787826375 2.8679586236606 2.775673182379 13.746370024938 -9.271170973717402 -0.4505943983944963 83.18413234576482 1.5466393094815611
