Cyclist 0 0 0 912.219968025292 468.4800001370693 1089.3342023675427 684.6832920440163 1.5542314459515 0.89156848669087 1.8003056566095 3.086281147098194 1.6691250266469315 9.47803607782978 -1.52740658823516
Cyclist 0 0 0 839.3331760615722 454.241060136344 946.813617348021 606.8246584401246 1.5878319295894 0.85170067172932 1.7075047735097 3.086028856426124 1.542577203998277 13.066704583716003 -1.52740658823516
Cyclist 0 0 0 746.9659595200477 436.9216744426071 783.4026469373969 496.8256942834317 1.661010705597 0.82109736391054 1.8281459215395 4.236841484298125 0.9491704440415356 33.043713685148845 -1.553499868616736
Cyclist 0 0 0 724.2830916190712 435.1498222328669 749.6373636149325 481.116350226557 1.661010705597 0.79751852206771 1.9195679248259 4.437926882083434 0.6589647780729816 42.82351638130471 -1.52740658823516
Truck 0 1 0 858.2368797500136 390.9813456101522 1286.675502114218 638.4780655468368 2.3986420352777 2.0908167831293 9.4864466913097 5.324552726162527 1.4343905112379927 15.559438070934885 -1.540461822859323
Car 0 1 0 1160.262916189998 470.629562819346 2004.6749158090684 903.327208897988 1.618167370495 1.6168213558709 4.1158548163531 5.099265693048163 1.815063104954509 6.915364737037964 -1.540461822859323
Car 0 0 0 92.02237112392277 435.23043698267486 292.49185251311854 557.7028518983803 1.7987997828497 1.9432398991121 4.4696715488185 -7.601002701397446 1.396108592932761 20.17931036303945 1.5765352516014612
Car 0 2 0 430.6340577910131 427.1594918204258 486.1431168420716 472.4099859960296 2.0289472819362 1.8858706711004 4.4696715488185 -8.049310863386657 0.3529934304836155 55.4418590440386 1.648953118336948
Car 0 2 0 314.1053663019727 440.3348569753393 401.40019687316783 497.6115837594644 1.5610383410061 1.5536236429739 4.4696715488185 -8.493565349050343 0.9446078265325739 36.15661192676544 1.648953118336948
Truck 0 1 0 455.4117712308717 411.9035478804608 514.6402622201683 465.8046034456004 3.0321359608287 2.5997550989079 5.7044562388216 -8.147879800327042 0.03556935338125519 67.46021192734362 1.648953118336948
