Cyclist 0 0 0 787.4808629977427 439.2062496819793 831.0891898979248 501.7359184310111 1.7127888113513 0.84366958146188 1.5227617282138 5.358010514234281 1.0782164223496427 32.32995270601888 -1.676129514601569
Cyclist 0 0 0 735.881102784592 434.6948986952853 765.240233582375 482.8153506792103 1.7428571428571 0.78667906893378 1.4146362796487 4.765376270310909 0.7284425314037395 42.22030848199196 -1.677235601296409
Truck 0 2 0 113.59567540683656 426.14778979893583 222.7484583576837 475.7881754794562 2.8343960256506 2.3076683248255 5.659150703534 -27.253645764025524 0.7374030495512942 65.46760622832022 0.12189036682486099
Cyclist 0 0 0 183.9172069048668 453.67730945772416 230.1175046238485 513.0173809679613 1.569246648295 0.7258926799432 1.8211937139134 -12.059239613377729 1.375554311594187 31.7382746475999 1.535457298945961
Pedestrian 0 0 0 787.8826172579973 434.9408933521035 811.9771654761213 485.4111600059684 1.9407405895691 0.5582407547037 0.89056077784525 6.830876030328694 0.890112249174988 43.340042854535255 -3.031301110551439
Pedestrian 0 1 0 317.1301343613188 441.4417121765727 337.62232749497736 473.6737128508622 1.7877551020408 0.72980417505815 1.3379755968165 -17.198490554291634 0.6234233279183702 63.796065940932884 1.6615779783076476
Cyclist 0 1 0 1124.6943178255297 424.9039279006527 1171.5952814598363 454.3389823007311 1.1448979591837 0.71932883879675 1.5669354901906 20.998736917679622 -0.3343556410196189 43.82700465413463 0.033579027293860975
Cyclist 0 1 0 214.4977843095973 447.18169035309495 255.69429241598385 479.77830250000926 1.5641410529527 1.0216189310136 1.6619259234072 -19.59566689692931 0.8417511285891083 55.243856487822946 0.29493889953156094
Cyclist 0 0 0 196.26876759534105 448.5804803308949 239.3205399319477 479.8327344302201 1.4605442176871 0.89001601267857 1.7826294071397 -19.896610740505242 0.8247736531033629 53.656963979193264 0.27658119416496096
Car 0 0 0 437.5362515344327 438.35815881661273 495.3906111438909 475.4790710185618 1.5315641564197 2.0042528978353 4.2613896012282 -7.533354696937611 0.48429641696497916 53.06021085955067 1.6366346998943477
Pedestrian 0 0 0 997.0507475041896 426.6021849613069 1020.2376834474038 479.5056153198181 1.9963265306122 0.64788361436946 0.6613091157578 14.794925103053385 0.6395750958136862 42.41986925594431 -2.446244792639759
