Pedestrian 0 0 0 847.3261977143638 417.9362108062411 881.7661765170488 487.09717105285097 1.9407405895691 0.5582407547037 0.89056077784525 6.81699008159813 0.6903026819038375 31.53232343614935 -3.031301110551439
Cyclist 0 0 0 776.7388632730011 422.2742092124559 818.8544797820609 486.0016954280964 1.8423408832061 0.84366958146188 1.5986436650924 5.228639752634413 0.6558534465127698 33.66160604511549 -1.676129514601569
Cyclist 0 0 0 743.9225872171307 421.3185261200132 772.0824145892298 465.1474207810316 1.6347966125226 0.78667906893378 1.4146362796487 5.154035119723147 0.07060423357468318 43.09463998318037 -1.650929556179906
Truck 0 2 0 -0.1736401029660328 410.9468085060017 138.88145977367537 475.8599876794042 3.0623358272311 2.5886878891346 5.659150703534 -27.297307158949454 0.5870088602678042 53.71338585519875 0.12189036682486099
Cyclist 0 0 0 1056.7692753406145 455.2734494251426 1203.7024602881834 627.3914278492214 1.4983875131394 0.61433830376499 1.3834212402013 4.904904883771721 1.470418116354068 10.72183183499176 -1.731316372356279
Car 0 0 0 642.730056439558 417.170530387097 743.7009042224288 456.0580932540226 2.0491307335303 2.2117720007364 5.4051066974505 3.8477030954098668 -0.4680502733006403 63.1935905645469 0.6738625261121611
Car 0 0 0 -385.88843904984014 455.225279540826 103.94094777810506 694.2281667339541 1.7270755897697 1.9596868114685 4.2613896012282 -7.291933778979045 1.7767360096725344 11.14373523627298 1.5797934764818473
Pedestrian 0 0 0 1146.9750607354945 419.7794915771903 1184.8668765791765 491.31793771129855 1.9757823129252 0.64788361436946 0.83429097516823 15.322130924680545 0.7876548605699908 30.915130842370267 -2.446244792639759
Truck 0 1 0 934.0582391713168 390.1409580810194 1091.412824355347 445.5767130550738 3.3435442367384 2.3356722493872 9.0540874648977 23.96350982287739 -1.095244718785553 68.20877961445413 -3.057920129362139
Cyclist 0 0 0 192.7241428018388 440.7114460859445 223.99318488490923 480.0790124578738 1.5349882208801 0.72612442442823 1.5957467729177 -17.258568832441927 0.683981118969781 45.50087448077564 1.5609978279023609
Cyclist 0 1 0 105.54777981182131 447.4108774367028 154.56050478346185 485.1818134348314 1.4326686802077 0.95267893129899 1.4911617760288 -19.57760378242011 0.8759387153678488 43.26027579582623 0.132868461368161
Cyclist 0 1 0 85.80431959012935 448.5216109825265 138.47290445941042 487.884379329021 1.4537342989485 0.8656776818196 1.6189756425456 -19.691135859821223 0.9550782976216914 41.953068105922554 0.132868461368161
