Pedestrian 0 0 0 838.3046401828449 418.6664638527593 870.9207200064191 484.5628624838403 1.9407405895691 0.5582407547037 0.89056077784525 6.856918840396735 0.6502201063161306 33.09798111508308 -3.031301110551439
Cyclist 0 0 0 777.6803187142232 425.4211945058007 819.9627903985098 482.6007923976228 1.6380697482221 0.84366958146188 1.5986436650924 5.242365968085086 0.5530319708475503 33.54857411052291 -1.676129514601569
Cyclist 0 0 0 741.3971565963703 421.3764966954652 769.5285940625546 464.38025015362985 1.6003798417326 0.78667906893378 1.4146362796487 5.046939854442489 0.041150965262600675 43.02370556013946 -1.650929556179906
Truck 0 2 0 20.91305455654083 409.2566938545775 155.19642682544503 473.4135358459604 3.1242011974782 2.5886878891346 5.659150703534 -27.177710980851103 0.4860332976555317 55.38433130712308 0.12189036682486099
Cyclist 0 0 0 1072.814508000174 456.7443800976689 1226.133724516787 638.4733037180629 1.5395520052586 0.61433830376499 1.3834212402013 4.96015905112991 1.5281602569145798 10.439693356509103 -1.731316372356279
Car 0 0 0 628.6502909432454 413.9513989992024 723.8798327920547 450.2888530194176 1.9853638126088 2.1609039087243 5.4051066974505 2.971766675661029 -0.81074282177067 65.29853738884296 0.7420434195900611
Car 0 0 0 1.8952344875004885 443.13637649554926 249.6556793290532 578.6292736070353 1.6310909296161 1.9596868114685 4.2613896012282 -7.410443801036152 1.4388844711493958 16.797265178282704 1.5797934764818473
Pedestrian 0 0 0 1122.423317697831 414.7903186454241 1152.2472690460284 482.4720825928011 1.9763265306122 0.64788361436946 0.6613091157578 15.270495465715467 0.5743259000886497 32.57390350753769 -2.446244792639759
Truck 0 1 0 928.587167402592 389.06200037403823 1082.162029159263 441.5195326636018 3.2358291388351 2.3356722493872 9.0540874648977 24.047844340889412 -1.3721344836573464 69.7868962817607 -3.057920129362139
Car 0 0 0 568.3780588011701 423.4601846707631 601.2356348866582 448.10548190415136 1.6290139763092 1.809682303742 4.1131353289968 -2.9609436935296483 -1.1242647185715064 80.85510501810131 1.421862061224361
Cyclist 0 0 0 215.2246950878893 436.06265340434913 247.92907252338023 470.19853027507406 1.4108745829865 0.72612442442823 1.5957467729177 -17.21256674317132 0.30264752022743907 48.10477710659633 1.6975289761805472
