Pedestrian 0 0 0 900.7398739597492 424.45837053496007 944.6420547585352 508.592964930068 1.9407405895691 0.66605967634643 0.7503961797097 7.0680855823009345 1.0592083417343716 26.245874133763714 2.7526579473574473
Cyclist 0 0 0 782.7174272814307 430.9841529097773 825.1973739553147 485.9922502125693 1.5670189186624 0.84366958146188 1.5986436650924 5.401468230032172 0.6536569324778028 33.56721266931661 -1.676129514601569
Cyclist 0 0 0 761.0782561969329 427.8911969101332 789.8941202051963 471.255369698575 1.6003798417326 0.78667906893378 1.4146362796487 5.802993464995065 0.30212893375295286 42.86603107347059 -1.650929556179906
Truck 0 2 0 -63.32288250505508 414.606235551937 93.03632951800546 484.6072278974568 2.9695377718605 2.5886878891346 5.659150703534 -27.099276545388086 0.8996263766770292 48.47142352214501 0.12189036682486099
Cyclist 0 0 0 1019.0249310515012 456.92747409062366 1146.7017257216444 616.9514053192767 1.5545056370897 0.61433830376499 1.3834212402013 4.9294694075967795 1.5382225346841838 11.902184099007606 -1.731316372356279
Car 0 0 0 758.7187540396071 415.3338259442661 876.131236410658 458.7788684956012 2.0369030771129 2.2930207681104 5.4051066974505 9.614152014575978 -0.2733978287420431 55.383302112273654 0.4569420741237611
Truck 0 1 0 962.1231503257216 395.1583092664896 1133.907626013316 452.2096690662355 3.1691824088671 2.3356722493872 9.0540874648977 24.118542824230822 -0.6427992462264785 62.83598992819527 -3.057920129362139
Cyclist 0 0 0 106.11386055575896 449.7129445156886 153.46863285681167 496.998585270154 1.5527187405792 0.86433254684324 1.5957467729177 -17.39806679101203 1.1577091007055729 38.45375364305219 1.6592508930988474
Cyclist 0 1 0 42.44539798218807 451.1581911856955 98.50698153547694 500.1059003446957 1.6349741443556 0.8736514512524 1.4911617760288 -19.23652484240223 1.2783657570814764 37.839188790961835 0.132868461368161
Cyclist 0 0 0 15.545780565506677 451.3361971870066 77.72229272682682 504.4185520119199 1.7340397716892 0.73060783847202 1.7280086960232 -19.49205715997955 1.3908152812300507 36.72136264858001 0.132868461368161
Pedestrian 0 2 0 67.60328313195862 449.696880216312 93.4097797405833 495.872137458065 1.6457142857143 0.6616708490969 0.52977465427275 -19.923067091793776 1.2075939786137913 39.91624121130054 0.17545038551626102
Cyclist 0 1 0 4.623087401930775 450.9083570082706 48.49139523988504 502.214512664148 1.7426533704992 0.71474799918488 1.4062549749894 -21.47577405390446 1.376899560686929 39.07032855603429 -1.4796960295190889
Car 0 0 0 562.1610318843545 432.73740780744697 613.6781540068471 458.26951488295225 1.4277813008093 1.8840864543125 4.5777944478408 -2.443210204478788 -0.38554974633185873 71.75152207653153 1.2243327592508613
