Cyclist 0 0 0 788.7758370227839 437.00404275171394 832.5728312842839 493.0354013555175 1.5492562112725 0.84366958146188 1.5986436650924 5.474518014465759 0.8400618887846746 32.78574676584245 -1.676129514601569
Cyclist 0 0 0 733.1026115255313 428.910252794084 758.3039861513415 477.9528186520356 1.8154846591698 0.91779740542938 1.4146362796487 4.657568121871238 0.5587193979204348 42.785570286768326 -1.398416773651269
Truck 0 2 0 72.01282791056144 420.3832552835962 194.23705171093235 481.1893565264312 3.200501820783 2.5886878891346 5.659150703534 -27.038477338060964 0.953258103359282 60.26641421757738 0.12189036682486099
Pedestrian 0 1 0 263.67075751578994 438.3342415457628 292.4369293311668 475.5531381670328 1.7877551020408 0.8939857660619 1.2287238961362 -17.300140240147606 0.6271808045835544 54.94349036908456 1.7561826767064472
Cyclist 1 1 0 1115.5059687370103 476.7455989816526 1306.6810846634094 677.1876293244602 1.4819217162917 0.61433830376499 1.3834212402013 4.968904821189912 1.6597967781244842 9.34279096661763 -1.884078575210319
Car 0 0 0 597.3591435580942 422.4923795667568 658.2288960538384 457.9949359074636 2.151728707689 1.8350830420709 4.7951965331329 0.1371828336478345 -0.40902966676949665 73.4831878983434 1.0722758432756612
Car 0 0 0 331.8411444487713 437.5952141631699 424.5378543571474 498.8064561560733 1.5830985995393 1.9596868114685 4.2613896012282 -7.464038327094212 0.9212624681345478 33.86993555034107 1.5797934764818473
Pedestrian 0 0 0 1058.9424337951457 425.8175922060416 1085.15634491827 485.28602352226136 1.9763265306122 0.64788361436946 0.6613091157578 15.200996163651675 0.7546157321617595 37.284125992877904 -2.446244792639759
Pedestrian 0 0 0 808.5303479967988 433.03545871776254 836.4787485161027 490.73419180552025 1.9407405895691 0.5582407547037 0.89056077784525 6.748589835648173 0.9571399082682508 37.90422246065207 -3.031301110551439
Truck 0 1 0 911.8839779263214 402.6854834606969 1055.1044384600043 450.504387244689 3.1356024211674 2.3356722493872 9.0540874648977 24.19765836382826 -0.8602876493934598 74.56673491199867 -3.057920129362139
Cyclist 0 1 0 175.39893253320207 446.65832400534447 220.37046961135675 482.5947348153573 1.5591974801798 0.94638777732758 1.6619259234072 -19.37338851402457 0.8839624801351362 49.76998798862502 0.29493889953156094
Cyclist 0 0 0 154.10319670641036 448.53522483534806 202.1153735360405 485.70261819156855 1.5718399068081 0.89001601267857 1.7826294071397 -19.734476182011893 0.9973125993541929 48.40561225779019 0.27658119416496096
