Pedestrian 0 0 0 908.6554355401444 419.5849201183474 953.6034582397772 505.4136633145137 1.9407405895691 0.66605967634643 0.7503961797097 7.1145726754052605 0.9630403288768115 25.6819230766489 2.7526579473574473
Cyclist 0 0 0 782.3478993857921 429.3849612070088 823.3544573438248 483.4102709541367 1.5492562112725 0.80572861302255 1.5986436650924 5.396059915115927 0.5810433029849593 33.740305944519704 -1.676129514601569
Cyclist 0 0 0 761.0781206016444 427.6721263893165 789.8943054805678 472.1589225616621 1.6434008052201 0.78667906893378 1.4146362796487 5.803242500955385 0.3364832045574667 42.868089282359925 -1.650929556179906
Truck 0 2 0 -71.66233685542693 416.2030165552016 86.78774486822897 489.5482450152581 3.0778021697929 2.5886878891346 5.659150703534 -27.145003753244737 1.1005522289699923 47.973373191448495 0.12189036682486099
Cyclist 0 0 0 1009.0315164435732 455.93354051147446 1133.2857078953448 612.9320391081599 1.5545056370897 0.61433830376499 1.3834212402013 4.888034876655571 1.5256673881382652 12.116759594978438 -1.731316372356279
Car 0 0 0 766.5596640237457 415.7848194550785 883.4776091976532 461.5841906582497 2.1415513565108 2.2930207681104 5.4051066974505 9.918382416627177 -0.12888411499833272 54.89969791179222 0.38981143953476094
Truck 0 1 0 964.1728244068674 395.16139022328207 1137.3785846695664 453.92426370225945 3.2402577747188 2.3356722493872 9.0540874648977 24.093115984868838 -0.5428312527056003 62.3589685245572 -3.057920129362139
Cyclist 0 0 0 94.25099409937252 450.5414483868981 143.0196788826241 499.07849669829983 1.5615840004287 0.86433254684324 1.5957467729177 -17.443218380812116 1.204114213916293 37.68465389132816 1.6592508930988474
Cyclist 0 1 0 35.95491139918568 449.87158554052434 92.72761000765456 501.0831963715355 1.6975141389484 0.8736514512524 1.4911617760288 -19.272902848647707 1.2996867226515028 37.48771518677747 0.132868461368161
Cyclist 0 0 0 5.2182416779122605 454.1562466388087 68.38516186388256 506.0047414633638 1.6668394335105 0.73060783847202 1.7280086960232 -19.546940534447288 1.4229821495710182 36.191095615691154 0.132868461368161
Pedestrian 0 2 0 61.837999459373805 449.8421418110321 88.05704914499893 497.0446151663634 1.6631292517007 0.6616708490969 0.52977465427275 -19.89491857399301 1.235477952951508 39.44741479355881 0.17545038551626102
Cyclist 0 1 0 -2.286962178911608 452.90477911362507 42.14006122593344 501.3375997584821 1.6215038818064 0.71474799918488 1.4062549749894 -21.500487194087874 1.3319626963437774 38.671621242471346 -1.4796960295190889
Car 0 0 0 563.4496092515822 434.303382641158 616.4218540424014 460.6433296728308 1.4277813008093 1.8840864543125 4.5777944478408 -2.2558174652673113 -0.23505069539553786 69.9169330040956 1.2243327592508613
