Pedestrian 0 0 0 887.5457074583475 426.3521725534284 932.1904151298248 507.25805007071193 1.9407405895691 0.59058643119652 0.89056077784525 7.036761377505164 1.0710411969631763 27.314198732714335 2.7526579473574473
Cyclist 0 0 0 776.3498331044498 429.6460074177192 818.2532603599074 486.2951374908373 1.6291883945271 0.84366958146188 1.5986436650924 5.235772173989568 0.6676227890007537 33.80271732266963 -1.676129514601569
Cyclist 0 0 0 757.7625250946918 426.6086125146787 786.4931856857762 471.0813504385949 1.6434008052201 0.78667906893378 1.4146362796487 5.670987434540022 0.29536536224077853 42.851019650894784 -1.650929556179906
Truck 0 2 0 -47.28821296317028 415.2140099088601 105.2339055705661 482.7769585740289 2.9231387441752 2.5886878891346 5.659150703534 -27.00692083236987 0.839072770938103 49.470968859686295 0.12189036682486099
Cyclist 0 0 0 1027.6727578056348 455.3943614557501 1167.5831263316247 620.2553226550992 1.5717779219463 0.61433830376499 1.5580632315287 5.04422302507839 1.5429251657295784 11.809806155063663 -1.731316372356279
Car 0 0 0 727.566512751302 416.1645465667779 842.4497845273822 459.16754135268553 2.0623810856475 2.2930207681104 5.4051066974505 8.178047006209729 -0.25802968292542344 56.7035664804839 0.4569420741237611
Pedestrian 0 0 0 1230.335687406732 419.4878333350493 1266.6262928568708 501.88125244224113 1.976462585034 0.64788361436946 0.6613091157578 15.331571842833567 0.9383379074221934 26.738094320058508 -2.446244792639759
Truck 0 1 0 957.4165644007752 395.1512418432296 1126.0130995359368 452.2194682189426 3.2276005177863 2.3356722493872 9.0540874648977 24.1794948412729 -0.6522045201670063 63.96245121600023 -3.057920129362139
Cyclist 0 0 0 124.04233095196844 448.4565145659087 169.2009754714449 493.660805851138 1.5349882208801 0.86433254684324 1.5957467729177 -17.36459546308615 1.0791569487952357 39.76084341366275 1.6592508930988474
Cyclist 0 1 0 55.56824417115729 449.1265959125842 109.817493207834 497.145936634566 1.6528427142393 0.8736514512524 1.4911617760288 -19.358247001377023 1.2121931041612053 38.95842616436674 0.132868461368161
Cyclist 0 0 0 25.147369000540152 450.820911965032 87.69722968851659 501.5433954863388 1.6956395784442 0.8656776818196 1.7280086960232 -19.719915873480613 1.327347998237031 37.80828596162787 0.132868461368161
Pedestrian 0 2 0 82.89091962933048 447.8135726127974 107.80091884985131 493.2200761389127 1.6631292517007 0.6616708490969 0.52977465427275 -19.897877498316518 1.1417312425022195 41.012529849490264 0.17545038551626102
Cyclist 0 1 0 17.71361611666839 450.0015205456395 60.00233022087252 497.5680250827761 1.6519851923804 0.71474799918488 1.4062549749894 -21.53463118559131 1.243015441886207 40.01643111296812 -1.4796960295190889
