Cyclist 0 0 0 791.7905820250136 439.1536715882586 835.5583522497548 500.1327882924181 1.6697539165937 0.84366958146188 1.5227617282138 5.489276223389287 1.0332384287545837 32.345196069409866 -1.676129514601569
Cyclist 0 0 0 733.1870696485299 428.32135011671966 764.0510039218494 472.9327636396346 1.6175882271276 0.84690841781619 1.4146362796487 4.687543381169893 0.35806178074153744 42.18778981238234 -1.677235601296409
Truck 0 2 0 101.4887738316022 413.6650749411292 212.87207231965877 470.3581861177525 3.2129903519339 2.3076683248255 5.659150703534 -27.458251347515066 0.40928981203183856 64.39023568609444 0.12189036682486099
Cyclist 0 0 0 153.29907110893356 443.7407561108409 203.2718380948905 507.1395739010106 1.569246648295 0.7258926799432 1.6725248393082 -11.902299628910699 1.1180281723751395 29.27224607100717 1.535457298945961
Pedestrian 0 0 0 787.200212746115 427.79597790540623 811.8985401303669 479.50117480790914 1.9407405895691 0.5582407547037 0.89056077784525 6.645331614791635 0.6431351418915854 42.25641517819839 -3.031301110551439
Pedestrian 0 1 0 303.83341226797324 433.2566084005013 326.8405401607369 466.2878758001757 1.7877551020408 0.72980417505815 1.2585198145035 -17.343663972138252 0.19469353638613834 61.802430115539906 1.7928191624077474
Cyclist 1 2 0 1166.298295093297 479.7587770485567 1385.1903458103695 695.6381372966648 1.4390248507567 0.61433830376499 1.3834212402013 5.031648810114184 1.6317159460402482 8.516843901735188 -1.884078575210319
Car 0 0 0 583.7497378712746 421.0452058637861 632.4394981276445 450.0807356252324 1.8866611571677 1.8350830420709 5.0349563597896 -1.2599846972431323 -0.9895255385855083 79.49791524628084 1.2309070776806612
Car 0 0 0 422.4801090804252 433.1339091974232 472.108970408623 471.6469643870816 1.4816517224521 2.0840241574506 4.2613896012282 -7.948900072873479 0.26857510876530566 49.56477280747834 1.4396872295869612
Pedestrian 0 0 0 1011.6222422943642 420.9705450755428 1035.13904644353 474.602659217277 1.9963265306122 0.64788361436946 0.6613091157578 15.126853708960942 0.4447941680219436 41.73629703354631 -2.446244792639759
Cyclist 0 1 0 1131.550894635863 430.3505571046627 1185.3339666237675 467.8766589865286 1.4211428826395 0.71932883879675 1.775860222216 20.82337925451124 0.19780242906199486 42.6092815099805 0.033579027293860975
Cyclist 0 1 0 205.54891193508183 439.1673097180423 247.7005736134015 471.934608852818 1.5473469387755 1.0216189310136 1.6619259234072 -19.592408927805483 0.44177134114156236 54.03809954219603 0.29493889953156094
Cyclist 0 0 0 191.5780618046859 441.25285037398766 235.38901804720865 474.2936864545492 1.5297278911565 0.89001601267857 1.7826294071397 -19.785891409564044 0.5477907692427946 52.791733254377725 0.27658119416496096
