Cyclist 0 0 0 787.4836366143384 439.2062496819809 831.089189897925 500.5313443967957 1.6783608955452 0.84366958146188 1.5227617282138 5.3577613976298535 1.0438510267680965 32.32789383062973 -1.676129514601569
Cyclist 0 0 0 734.7239659606258 434.708401176506 764.0534401433019 480.4026974455036 1.6515646258503 0.78667906893378 1.4146362796487 4.719410450427282 0.6380148180592788 42.20866318689911 -1.677235601296409
Truck 0 2 0 108.985220290999 418.91376937833655 219.24602233863976 476.3744281362746 3.280990147742 2.3076683248255 5.659150703534 -27.29684487385375 0.7657268183717236 65.00007187226328 0.12189036682486099
Cyclist 0 0 0 168.84408873544447 446.1885547846098 216.27225014034 512.047864543228 1.6993319135745 0.7258926799432 1.6725248393082 -11.97657435342047 1.2982964755992399 30.44936905915304 1.535457298945961
Pedestrian 0 0 0 788.7536256827514 435.14168762183226 813.1550989894364 486.2235657776417 1.9407405895691 0.5582407547037 0.89056077784525 6.7892488589356175 0.9105006115867063 42.824479260121535 -3.031301110551439
Pedestrian 0 1 0 310.17040306346456 437.96201639543455 332.24879628226927 474.9596196982791 2.0313643235072 0.72980417505815 1.3379755968165 -17.273513055022278 0.6854531224804995 62.76978379390087 1.7188742439177478
Cyclist 1 2 0 1182.8409798142377 480.5747069604112 1390.345051616904 700.3109272154858 1.4551936693045 0.61433830376499 1.3834212402013 5.06174530101281 1.6526562863895162 8.434050296516833 -1.690763594899869
Car 0 0 0 582.0396520086483 425.0078784945418 628.7176924843709 453.1418399860544 1.8445492771356 1.8350830420709 4.7951965331329 -1.4721494997231253 -0.7820595032823627 80.7178202991195 1.2309070776806612
Car 0 0 0 430.133290734842 435.8060988904031 476.1557078863629 474.26769496299903 1.5315641564197 2.0042528978353 4.2613896012282 -7.972995342433443 0.40075320728200514 51.340846047372345 1.4396872295869612
Cyclist 0 1 0 1126.644037812468 435.9049615875007 1174.3854169224533 468.8969755650522 1.2593877551021 0.71932883879675 1.5669354901906 20.773705113723967 0.2414261849994438 43.16073558445052 0.033579027293860975
Cyclist 0 1 0 210.2231845208564 443.446138488396 252.0967256464784 477.1045186650156 1.5961291673667 1.0216189310136 1.6619259234072 -19.49545320255406 0.6976701792665294 54.403893702484 0.29493889953156094
Cyclist 0 0 0 187.84649152086496 446.6190527828487 231.32805222707415 478.5534541544356 1.4827084364511 0.89001601267857 1.7826294071397 -20.127260321969988 0.7562703675805272 53.185768724353636 0.27658119416496096
Pedestrian 0 0 0 1007.2779070824208 423.0121264821692 1030.57086268405 476.1435486247366 1.9963265306122 0.64788361436946 0.6613091157578 15.10795642685817 0.5081311835929697 42.1650474374741 -2.446244792639759
