Pedestrian 0 0 0 881.7262976376337 427.5148867371946 925.4638191375512 506.6757945269212 1.9407405895691 0.59058643119652 0.89056077784525 7.011934811371679 1.0826927897783727 27.843888133291593 2.9185443367027473
Cyclist 0 0 0 777.7232200214742 432.7606524086517 819.6747710245318 488.34966614824754 1.5936629797473 0.84366958146188 1.5986436650924 5.280084977154453 0.7290055567958805 33.81237472890894 -1.676129514601569
Cyclist 0 0 0 757.7672262315334 432.9631025147241 786.4885714441428 475.1484113034616 1.5487546855477 0.78667906893378 1.4146362796487 5.67210809636146 0.4499595808610165 42.8602815908968 -1.650929556179906
Truck 0 2 0 -40.470722790685386 414.7022973398346 110.54762668187936 484.5594740583171 3.0528841734434 2.5886878891346 5.659150703534 -26.965394793723135 0.9264596898958375 49.91828064099143 0.12189036682486099
Cyclist 0 0 0 1020.8359024715024 458.0126732098893 1151.1966770420645 621.4041642808138 1.5560178021063 0.61433830376499 1.3834212402013 4.873679388313592 1.5529511657410164 11.68838005596992 -1.731316372356279
Car 0 0 0 713.2564564122329 421.944274524786 827.2511285255023 464.7928734311439 2.0491307335303 2.2930207681104 5.4051066974505 7.509216047643084 0.0123054752434624 57.45001925082372 0.5210459447200608
Pedestrian 0 0 0 1211.6991416669216 422.90208085334297 1254.8082422639209 503.86160358733713 1.9757823129252 0.64788361436946 0.83429097516823 15.271677511536089 1.0034498147378204 27.319331299997987 -2.446244792639759
Truck 0 1 0 951.3904062595544 395.1620859738256 1118.3337482712109 455.3902332046815 3.4391227538313 2.3356722493872 9.0540874648977 23.98988347952377 -0.4740382519841844 64.54857220619434 -3.057920129362139
Cyclist 0 3 0 134.1983929250943 449.14345249081424 178.1850204353005 493.0782687490113 1.517257701181 0.86433254684324 1.5957467729177 -17.321637304974615 1.0784389634377367 40.48984037434705 1.6592508930988474
Cyclist 0 3 0 64.41417039241105 449.2374947217456 117.80567034279414 496.6389214138223 1.6528427142393 0.8736514512524 1.4911617760288 -19.304407136228388 1.210247298968626 39.47831253243077 0.132868461368161
Cyclist 0 0 0 35.23064539329016 451.6123523055532 96.74624584957178 502.4609049255175 1.7244397233779 0.8656776818196 1.7280086960232 -19.662603077265906 1.3785996590634173 38.36116979511106 0.132868461368161
