Pedestrian 0 0 0 938.1495412387558 425.2119673479269 988.4434810852042 520.6416547592171 1.9407405895691 0.66605967634643 0.7503961797097 7.098026228257965 1.1792345905008448 23.15710497142074 2.7526579473574473
Cyclist 0 0 0 794.9330887760735 425.85983321518086 836.5542231892483 485.1332100815787 1.7091205777817 0.80572861302255 1.5986436650924 5.784244568707119 0.6317845790976151 33.70715696453137 -1.676129514601569
Cyclist 0 0 0 769.2096675846967 423.2785383122469 798.3203629667815 470.79440164990086 1.7617084548105 0.78667906893378 1.4146362796487 6.114853198841468 0.28419443663960947 42.80392515917321 -1.650929556179906
Truck 0 2 0 -114.54475259135006 417.3833200773464 55.17229193618528 497.3450634040011 3.1721213481851 2.5886878891346 5.659150703534 -27.245817966806477 1.3514933720277482 45.3742070612712 0.12189036682486099
Cyclist 0 0 0 997.4111132675444 454.4915266898511 1127.0484684739477 605.2057228294943 1.5545056370897 0.61433830376499 1.3834212402013 4.98270048471287 1.5056851365848223 12.597982431611213 -1.896213257038379
Car 0 0 0 855.0785486353085 415.22518584938746 969.7183437569704 460.3901137421676 2.0007468011946 2.06839832552 5.1001655304832 13.29593591706577 -0.15435363676980404 51.30560452292998 0.25970897488966105
Truck 0 1 0 977.6852035958152 388.1981183863605 1163.1833101963823 455.6790278664768 3.5702065791928 2.3356722493872 9.277177766615 24.175182129065213 -0.430543995680217 59.7777417307744 -3.057920129362139
Cyclist 0 0 0 37.270241448544766 454.0261003025947 93.13648566150177 509.0573689078778 1.614775559526 0.86433254684324 1.5957467729177 -17.63697013957126 1.4032450161753607 34.384339766838686 1.6592508930988474
Cyclist 0 1 0 -3.850104778434229 456.6214944574001 57.273026820357245 508.88916393111447 1.6081712895301 0.84174329074585 1.4911617760288 -19.15870077307603 1.4562127303105319 34.86127029215151 0.132868461368161
Pedestrian 0 2 0 24.176141485687022 447.8537633469819 52.930968891341536 501.0559951758645 1.7589115646258 0.6616708490969 0.52977465427275 -19.87903605181667 1.2911007984291887 36.912459867356795 0.17545038551626102
Car 0 0 0 573.0250775751147 433.55122695928446 628.5172786078664 461.7283506856549 1.4277813008093 2.0122427148724 4.5777944478408 -1.4817700261908215 -0.17008771887138227 65.56108080138586 1.2821998421037613
Car 0 1 0 37.619554018170334 443.7993360268206 145.26403312757463 478.3184442161161 1.5299897751033 1.7922733674885 4.4622478215851 -25.443654117965014 0.6998239621949863 52.07009720905392 0.17845410978306098
