Pedestrian 0 0 0 871.0238761610315 425.8157014838218 911.6781850492256 500.5935211249858 1.9407405895691 0.5582407547037 0.89056077784525 7.081663397493582 0.987538460652484 29.423703276848013 2.9185443367027473
Cyclist 0 0 0 775.4651410101709 429.6462418358494 817.3282930124424 490.1549711683852 1.7446459925616 0.84366958146188 1.5986436650924 5.209825639943075 0.7827460988824844 33.8149425757282 -1.676129514601569
Cyclist 0 0 0 752.1250198503959 432.4091938496957 780.5623607468935 474.4064486915479 1.5487546855477 0.78667906893378 1.4146362796487 5.470658930210893 0.4236600375233017 43.03587716781495 -1.650929556179906
Truck 0 2 0 -24.32670536042201 417.3398053246629 120.97897687091228 483.85122704308407 3.0040197440344 2.5886878891346 5.659150703534 -27.276553801350527 0.9294937688900968 51.67442547607549 0.12189036682486099
Cyclist 0 0 0 1036.817160290379 454.7545066913352 1173.8778492219856 626.2367879866049 1.5807164973778 0.61433830376499 1.3834212402013 4.907823534159161 1.5435030944878496 11.291277538011906 -1.731316372356279
Car 0 0 0 674.4682458001216 421.0490173893509 783.4134693688919 460.9064623644136 1.981787385181 2.2930207681104 5.4051066974505 5.59242198663446 -0.19115984718863455 59.951956101844935 0.580633697568961
Pedestrian 0 0 0 1183.9322564385511 421.4908902853774 1224.664767578557 498.1892111086356 1.9757823129252 0.64788361436946 0.83429097516823 15.331273557104621 0.9123551469750162 28.832611308877777 -2.446244792639759
Truck 0 1 0 945.2184686370688 395.15220334002896 1107.9189183249198 453.2017892664546 3.3956337171914 2.3356722493872 9.0540874648977 24.07509447091342 -0.6131303463184922 66.1326832768403 -3.057920129362139
Cyclist 0 3 0 161.79556166945366 449.2376095685635 204.8584386952561 489.8770781209645 1.4729314019333 0.95434502140583 1.5957467729177 -17.144932313803036 1.0139070834993493 42.59412524524906 1.6592508930988474
Cyclist 0 3 0 81.59327275351416 449.4596286877437 132.86285483335342 496.65493632959806 1.7075820745987 0.8736514512524 1.4911617760288 -19.403540548330316 1.2563782654911182 40.94904825324733 0.132868461368161
Cyclist 0 0 0 56.09231233334231 450.0029951710882 114.85937210244508 498.3244796511974 1.7052396267555 0.8656776818196 1.7280086960232 -19.732604471106505 1.2855480661025045 39.92279432365456 0.132868461368161
