Cyclist 0 0 0 791.8922505955157 439.0786556969975 835.8231456845098 495.1972255555743 1.5492562112725 0.84366958146188 1.5986436650924 5.570281905405152 0.9027157385660751 32.79259771923127 -1.676129514601569
Cyclist 0 0 0 732.4923944673138 437.9348332914423 758.3034153145754 480.2165714336329 1.5487546855477 0.94155453748855 1.4146362796487 4.646432793791326 0.6445891441747341 42.79240438175002 -1.398416773651269
Truck 0 2 0 72.48038306784042 421.67548082614206 193.54376643109435 481.0243851967984 3.1501695655174 2.5886878891346 5.659150703534 -27.29961921296134 0.9541812290003191 60.828772802875164 0.12189036682486099
Cyclist 0 0 0 -26.98426909062437 453.7212832106853 55.76433153681808 546.5578067843986 1.6435810855976 0.7258926799432 1.6725248393082 -11.812522572895979 1.5266190184547193 21.122437349776874 1.535457298945961
Pedestrian 0 1 0 269.0461116196579 442.1116835229004 296.24223586309284 478.6215633537395 1.7877551020408 0.8939857660619 1.1393361410341 -17.38391204373338 0.7972999709046498 55.95766390870047 1.7428213582943473
Cyclist 1 1 0 1122.8370687848967 481.9051568020252 1316.873780180367 685.0438677660667 1.4819217162917 0.61433830376499 1.3834212402013 4.999732821815427 1.705775580035561 9.259953706219061 -1.884078575210319
Car 0 0 0 596.8305154773055 429.7484512152239 648.3960859190655 454.757702146641 1.4571428571429 1.8350830420709 4.7951965331329 -0.21059725700113702 -0.6256448453792145 74.24276926673232 1.2309070776806612
Car 0 0 0 348.50076388374555 441.00859484667205 434.5280577314228 499.0530183055215 1.5830985995393 1.9596868114685 4.2613896012282 -7.480162316971704 0.9943610674522605 35.86182614893608 1.5797934764818473
Pedestrian 0 0 0 1052.228452607431 427.8817847484741 1078.060972008506 486.4896898525209 1.9763265306122 0.64788361436946 0.6613091157578 15.194535998708254 0.807788138989993 37.866168632816915 -2.446244792639759
Pedestrian 0 0 0 807.4674462333066 432.6009458406801 835.0725683173977 489.6311124049704 1.9407405895691 0.5582407547037 0.89056077784525 6.7840797387146905 0.9305320400967776 38.34404894446815 -3.031301110551439
Truck 0 1 0 903.8147844834668 401.71502011474166 1052.5403712196187 450.4612606721522 3.22025622709 2.3356722493872 9.5067918381426 23.999922533791754 -0.8695823606833121 75.10211225215761 -3.057920129362139
Cyclist 0 0 0 1127.8953492119508 442.4030559876022 1184.4272300739551 483.0517082952369 1.3411025019365 0.69941362728753 1.754756798038 18.537909500424163 0.680845689561568 38.09217503101431 0.5481347083309611
Cyclist 0 1 0 1182.828300132182 441.3440433553887 1243.1840750487368 479.0527513351572 1.2721088435374 0.71932883879675 1.871617391061 20.92187588031158 0.5602628786712044 38.72616332921977 -0.14377438289613886
Cyclist 0 1 0 176.61075199543183 447.1777841554612 221.2330440318927 484.045629573644 1.6145950109601 0.94638777732758 1.6619259234072 -19.490296460133617 0.9574235646623384 50.19639594618395 0.29493889953156094
Cyclist 0 0 0 158.61496522501744 453.8168439313469 205.94328537444449 486.4508537712528 1.3836734693878 0.89001601267857 1.7826294071397 -19.767627897337675 1.0417236082614216 48.9458555597419 0.27658119416496096
