Cyclist 0 0 0 790.5497293532683 431.00905918757815 834.9265435608482 487.6917224352097 1.5581375649675 0.84366958146188 1.5986436650924 5.473704090628423 0.6775051960245403 32.41983919045901 -1.676129514601569
Cyclist 0 0 0 732.3699437875084 420.384119538562 759.5555263811297 467.3359210153818 1.7294427321949 0.98457550097599 1.4146362796487 4.625237766884473 0.15439800239085316 42.39128903886671 -1.398416773651269
Truck 0 2 0 96.3343565870598 407.1908706031645 211.7180205053475 455.618224015932 2.6852980589535 2.5886878891346 5.659150703534 -27.206777497633517 -0.450660260647471 63.363047080723646 0.12189036682486099
Cyclist 0 0 0 109.68954841508298 432.2669842750691 166.80835171607788 508.65781661163726 1.7610434608644 0.7258926799432 1.6725248393082 -11.931704761432108 1.0586688026771636 26.89281686674465 1.535457298945961
Pedestrian 0 0 0 795.6051810405929 414.9941834961068 821.0541511169838 467.8817932654027 1.9407405895691 0.5582407547037 0.89056077784525 6.808339736252251 0.19706616647132846 41.208474305542 -3.031301110551439
Pedestrian 0 1 0 296.3418478291372 424.4659392868545 319.81029544565587 458.2192718459072 1.7877551020408 0.72980417505815 1.2783837600817 -17.295799667205973 -0.2471338678836722 60.20303622316699 1.7648948169950476
Cyclist 1 2 0 1150.7664313953392 469.8593923726428 1362.160227593563 684.7656654758689 1.4819217162917 0.61433830376499 1.3834212402013 4.990754292406122 1.5921234715384935 8.708115937780835 -1.884078575210319
Car 0 0 0 586.6149319774084 413.65788454279743 637.2225607601321 441.44157720381065 1.7935747481892 1.8350830420709 5.1947962442273 -0.9721985211125296 -1.5621796283103107 77.99128817958193 1.2309070776806612
Car 0 0 0 408.82545755427947 421.11319755149657 467.8270426817628 467.4205364318898 1.6919700890653 2.264285045498 4.2613896012282 -7.653480520192352 0.06703843905297324 45.542822838923094 1.4396872295869612
Pedestrian 0 0 0 1023.7620551838102 415.367682912496 1047.8379408772512 470.2458532017495 1.9963265306122 0.64788361436946 0.6613091157578 15.217915389760211 0.2733302983588128 40.69267622220577 -2.446244792639759
Truck 0 1 0 894.2200651406986 385.6268905636884 1037.656542549786 439.3860632467873 3.6955958189972 2.3356722493872 9.5067918381426 23.97364116783627 -1.668192892895362 77.75180642496358 -3.057920129362139
Cyclist 0 1 0 1145.4601627558352 430.47429350478245 1202.9867254678948 461.6812373959811 1.1448979591837 0.71932883879675 1.8629121938933 20.900849236356596 -0.04207214393240079 41.500815323775214 0.033579027293860975
Cyclist 0 1 0 199.8685692208046 429.5847607266103 243.007965506822 465.3509481181796 1.6683703703704 1.0216189310136 1.6619259234072 -19.439605393008044 0.1187575409659967 52.91974733320398 0.29493889953156094
Cyclist 0 0 0 182.52116574931316 429.546652811652 227.3999490479441 467.1811606031859 1.7232713529857 0.89001601267857 1.7826294071397 -19.786122787172122 0.20494266738683242 51.70729389729651 0.27658119416496096
