Cyclist 0 0 0 790.2894341246836 424.0876237564046 834.61950377178 480.0760614717334 1.5492562112725 0.84366958146188 1.5986436650924 5.468185065246467 0.4606172361413794 32.435991997150225 -1.676129514601569
Cyclist 0 0 0 737.6512887720612 420.3841195385621 759.5557147153503 462.5316608627773 1.5487546855477 0.78667906893378 1.4146362796487 4.721873548294687 -0.025829216448005343 42.3664176650983 -1.398416773651269
Truck 0 2 0 91.46657291773612 411.25530352503176 207.86183712878028 460.15515109292704 2.6852980589535 2.5886878891346 5.659150703534 -27.251622187411577 -0.19041515388820374 62.87344257857168 0.12189036682486099
Cyclist 0 0 0 87.3523126066483 441.96730030597257 148.41818052524593 514.4064982714291 1.569246648295 0.7258926799432 1.6725248393082 -11.847216721295476 1.1353771054104862 25.602230712172332 1.535457298945961
Pedestrian 0 0 0 796.7246272895698 415.27341498318754 822.5520902988079 468.9064713595534 1.9407405895691 0.5582407547037 0.89056077784525 6.762462544483399 0.23146170337593985 40.639918119145186 -3.031301110551439
Pedestrian 0 1 0 291.44809804698247 429.04063957369846 310.3329331992506 463.1321761087723 1.7877551020408 0.72980417505815 0.76192117504775 -17.347817839692283 0.03254260913397783 59.01865815711553 1.6559501419188472
Cyclist 1 2 0 1145.7587073749992 466.215227183731 1351.171595057894 675.2535562003006 1.4819217162917 0.61433830376499 1.3834212402013 5.043153738714949 1.5614605579482304 8.910148981045715 -1.884078575210319
Car 0 0 0 593.1319558987691 417.0393099196509 642.7037818482396 440.2986741273078 1.4571428571429 1.8350830420709 4.7951965331329 -0.540027383881826 -1.6106541906355927 76.8693855699679 1.2309070776806612
Car 0 0 0 402.23404481760366 427.8073777907199 468.9217155907797 473.88448865403024 1.5830985995393 1.9596868114685 4.2613896012282 -7.373767071123235 0.3065712561776069 43.517140500255096 1.5797934764818473
Pedestrian 0 0 0 1028.9234397023067 415.6368300313901 1053.314812843564 471.25791198322605 1.9963265306122 0.64788361436946 0.6613091157578 15.212604405772845 0.3060024068116331 40.14797797395476 -2.446244792639759
Truck 0 1 0 901.8650977696728 389.8773193972857 1039.755831233305 431.70654847242577 2.8505476556067 2.3356722493872 9.0540874648977 24.170376239725737 -2.188138238042798 77.23709674020826 -3.057920129362139
Cyclist 0 1 0 1159.834489036091 421.098728455788 1210.6367659431717 452.5051443311502 1.1448979591837 0.71932883879675 1.5669354901906 21.044160682697267 -0.3827082678191487 40.938934528729924 0.033579027293860975
Cyclist 0 1 0 196.85601940822283 443.1012728326312 240.25795657835744 473.124745589704 1.365306122449 1.0216189310136 1.6619259234072 -19.39972320175685 0.4834795717761292 52.41830405756154 0.29493889953156094
Cyclist 0 0 0 169.79501940085942 445.84372345131794 215.1682220125521 476.97119172174826 1.3836734693878 0.89001601267857 1.7826294071397 -20.106728947117954 0.6512371410296816 50.984237385476426 0.27658119416496096
