Pedestrian 0 0 0 822.0952069955138 428.9637566680428 852.0100701254966 490.1323428683464 1.9407405895691 0.5582407547037 0.89056077784525 6.831909230007093 0.8818298722578397 35.725626963019394 -3.031301110551439
Cyclist 0 0 0 782.5677011433401 431.1857216635908 825.7361154740514 488.9278576045031 1.6203070408322 0.84366958146188 1.5986436650924 5.322758474438962 0.7277335334708817 33.04539439378884 -1.676129514601569
Cyclist 0 0 0 740.0332653362747 427.6389148394211 761.6326920465422 472.9673448661031 1.67781757601 0.78667906893378 1.4146362796487 4.85760260721145 0.37024026064309445 42.81251703114535 -1.398416773651269
Truck 0 2 0 49.30957245370735 417.61353360670495 176.81898399046014 483.4936631883951 3.3498567314726 2.5886878891346 5.659150703534 -27.13695383030842 1.0350885848232378 58.071807750278445 0.12189036682486099
Pedestrian 0 1 0 244.36501383161828 442.849065787858 269.5874740342572 482.0089432876341 1.7877551020408 0.8939857660619 0.76192117504775 -17.250989119560284 0.904236177159776 51.59430537148556 1.6145086144361471
Cyclist 1 1 0 1095.7717555169916 471.63123160242696 1277.4718872337382 664.1032220292258 1.4819217162917 0.61433830376499 1.3834212402013 4.927166754230388 1.6155879097232473 9.672741790171028 -1.884078575210319
Car 0 0 0 608.8785301762505 423.57219339101465 681.0432804911657 459.12895538099417 2.0337081545791 1.8350830420709 4.941988263739 1.2026168899405318 -0.3230623085710237 69.64458204815014 0.9474848858404612
Car 0 0 0 240.7626242588653 444.2147700295312 371.6045073665806 525.621821054713 1.5830985995393 1.9596868114685 4.2613896012282 -7.448958732830039 1.2585363139859744 26.23228009802535 1.5797934764818473
Pedestrian 0 0 0 1086.571302861209 422.1293725744063 1114.235845010492 484.9270153870197 1.9763265306122 0.64788361436946 0.6613091157578 15.297646337517365 0.7008439802506776 35.23239550663118 -2.446244792639759
Truck 0 1 0 919.0766692559288 404.32750158048464 1066.6139681367658 449.181451091441 2.8505476556067 2.3356722493872 9.0540874648977 24.139118160134608 -0.9243223857738663 72.4649103750079 -3.057920129362139
Cyclist 0 1 0 156.430811218879 447.34002685871656 203.7871260402437 483.1971993618805 1.4761011840095 0.94638777732758 1.6619259234072 -19.20460822132678 0.8646149839940596 47.32183717801159 0.29493889953156094
Cyclist 0 0 0 132.85229341858792 447.5769291044053 183.2410698242533 487.836767571861 1.6312608870461 0.89001601267857 1.7826294071397 -19.73108546708348 1.0413833480759018 46.27474879977827 0.27658119416496096
