Cyclist 0 0 0 791.0812433669325 439.0573071048672 835.5583522497508 497.160886697602 1.5847816260523 0.84366958146188 1.5986436650924 5.483545525416035 0.9462090946923105 32.37764389834713 -1.676129514601569
Cyclist 0 0 0 732.0786955616271 428.2658463138302 763.5263796190284 473.4948406679284 1.6434008052201 0.87272099590865 1.4146362796487 4.664632499860417 0.37960477190822695 42.26261087299088 -1.677235601296409
Truck 0 2 0 101.97445792055224 407.13106074055656 214.2230606024794 461.5531854539878 3.0599908113656 2.3076683248255 5.659150703534 -27.163632923044922 -0.10315831461592749 63.8230556785701 0.12189036682486099
Cyclist 0 0 0 132.9029469894851 436.375154833605 186.3088271410533 511.69631667649946 1.8133516824742 0.7258926799432 1.6725248393082 -11.924211197398664 1.1862429350917367 28.13630235706049 1.535457298945961
Pedestrian 0 0 0 792.6873494818744 420.4866638215729 817.7956487929284 472.80690660209336 1.9407405895691 0.5582407547037 0.89056077784525 6.7727591967160015 0.3839386331571114 41.69946001759596 -3.031301110551439
Pedestrian 0 1 0 301.0641331404515 427.2803748459229 321.6101938126175 467.0151457382267 2.1552380952381 0.87348671474069 0.76192117504775 -17.321106898650264 0.24662461200261998 60.93290220280448 1.619478794666147
Cyclist 1 2 0 1155.7190624429627 470.24189520008736 1369.2416475022956 686.5693334511789 1.4819217162917 0.61433830376499 1.3834212402013 5.009072375744581 1.5950569096196008 8.656936537850605 -1.884078575210319
Car 0 0 0 585.60695491322 416.0458191926802 634.4881122675355 444.6897270197705 1.8649390887142 1.8350830420709 4.9550364175707 -1.1089026913128006 -1.3485933592609878 78.70469303781802 1.2309070776806612
Car 0 0 0 415.7331518596544 425.8605785668128 467.0725907052153 468.7930053192903 1.6164319131771 2.0541099350948 4.2613896012282 -7.843261763499273 0.13383425132005144 47.40771015587177 1.4396872295869612
Pedestrian 0 0 0 1015.7071519734608 415.1755301743049 1039.5444148330494 469.4799329163162 1.9963265306122 0.64788361436946 0.6613091157578 15.070050110368957 0.24806530470454552 41.132273688679106 -2.446244792639759
Cyclist 0 1 0 1138.9876256081625 426.6793123082535 1194.1233691120133 465.7123567874338 1.4669902543895 0.71932883879675 1.8019758137192 20.93517753328153 0.11251638837275929 42.18031219838863 0.033579027293860975
Cyclist 0 1 0 199.97409242096984 432.0273746139751 242.79850281120184 466.1751085063354 1.5996415343916 1.0216189310136 1.6619259234072 -19.568753709911697 0.15923154032247566 53.26109792361819 0.29493889953156094
Cyclist 0 0 0 182.01702171203615 433.57180805574 226.474688400286 467.24535148177 1.5474081632654 0.89001601267857 1.7826294071397 -19.963954222873685 0.20967610825076527 52.073988495635774 0.27658119416496096
