Pedestrian 0 0 0 849.9517257152966 418.267560152515 888.3413283039367 489.1835992908692 1.9407405895691 0.5582407547037 0.89056077784525 6.824846887291116 0.7245689319330847 30.959423592069538 2.9185443367027473
Cyclist 0 0 0 776.7373340154247 424.4798655100225 818.8495695482545 487.1117449956516 1.8068154684263 0.84366958146188 1.5986436650924 5.228878449335742 0.6887814265003179 33.66357880307341 -1.676129514601569
Cyclist 0 0 0 747.9337180418069 421.282312149006 776.1993386278244 468.68282638721416 1.7724636956824 0.78667906893378 1.4146362796487 5.315248700343327 0.20580524999191557 43.12047616130972 -1.650929556179906
Truck 0 2 0 -6.883473577018549 410.3696151976984 133.69784576578735 476.6148771470757 3.0983389224266 2.5886878891346 5.659150703534 -27.342702339924 0.6167724969869699 53.22208390962743 0.12189036682486099
Cyclist 0 0 0 1056.64161834181 455.2734494251475 1203.702460288183 633.5915356170841 1.5560178021063 0.61433830376499 1.3834212402013 4.9053218901911775 1.5279437501735869 10.725278270270966 -1.731316372356279
Car 0 0 0 651.6059192556866 417.4098399571176 754.1979359766235 455.9090147844799 1.9959808426914 2.2117720007364 5.4051066974505 4.336311832220208 -0.4712905486951298 62.299798869111356 0.6738625261121611
Pedestrian 0 0 0 1156.9593848335362 420.22215709079126 1195.5825023333823 493.0954809309916 1.9757823129252 0.64788361436946 0.83429097516823 15.336001422817057 0.8215848353315031 30.347116242959746 -2.446244792639759
Truck 0 1 0 935.7959288314552 396.1055752401508 1094.3152721943234 449.81461957179744 3.2129959905565 2.3356722493872 9.0540874648977 23.938401271586784 -0.8311166595178786 67.72549289926026 -3.057920129362139
Cyclist 0 0 0 189.12408572574012 444.0989449766848 220.72039496692804 480.8825981965465 1.4108745829865 0.72612442442823 1.5957467729177 -17.241500037903165 0.7095458243733553 45.07210034820226 1.5609978279023609
Cyclist 0 1 0 103.84381716360292 444.11696874707775 153.50070696251146 482.9353306063165 1.4575213764749 0.95267893129899 1.4911617760288 -19.3936285899206 0.7781216528595518 42.73344763724457 0.132868461368161
Cyclist 0 1 0 79.0007084333572 445.38906551541953 132.443301256057 488.8446541270205 1.5947014031794 0.8656776818196 1.6189756425456 -19.735839060917666 0.9812786178103188 41.521158916011835 0.132868461368161
