Pedestrian 0 0 0 874.6948958722602 426.3153308087764 916.6924824259146 502.4639096018596 1.9407405895691 0.59058643119652 0.89056077784525 7.076480687484905 1.017292913071195 28.927689059983276 2.9185443367027473
Cyclist 0 0 0 775.5406718026395 436.4836543071687 817.4023615514099 490.7747611183021 1.5492562112725 0.84366958146188 1.5986436650924 5.211151704371272 0.8009941903811425 33.807219821380436 -1.676129514601569
Cyclist 0 0 0 754.1000194197305 430.6505135595245 782.5977412029617 472.5911355541572 1.5487546855477 0.78667906893378 1.4146362796487 5.548073037215254 0.35439154221825636 43.03168001719113 -1.650929556179906
Truck 0 2 0 -32.66923700386042 417.5886650835089 114.513337563778 483.7556086127347 2.9540714292987 2.5886878891346 5.659150703534 -27.329470434563643 0.9140943157179133 51.10264506572717 0.12189036682486099
Cyclist 0 0 0 1034.1001003612091 457.8478905228516 1169.048462819347 620.1776688733913 1.5066204115632 0.61433830376499 1.3834212402013 4.924628935823759 1.502790300798394 11.418122666049126 -1.731316372356279
Car 0 0 0 691.2251313639846 421.280635062895 801.8102237068498 461.2923083183943 1.9563093766465 2.2930207681104 5.4051066974505 6.448251178086804 -0.17222681213333935 59.106350780314855 0.595147277889561
Pedestrian 0 0 0 1195.4843600237568 422.0378946257288 1237.1400247390134 500.39288117026473 1.9757823129252 0.64788361436946 0.83429097516823 15.326671726738828 0.9488894085451538 28.22336279336667 -2.446244792639759
Truck 0 1 0 947.2412368801316 395.1554196225224 1111.302731088301 452.1900477941018 3.3086556439117 2.3356722493872 9.0540874648977 24.046218095807347 -0.6683490643260799 65.60343015923081 -3.057920129362139
Cyclist 0 3 0 151.2104363041264 446.6264782876123 193.3616593336453 491.7275235420512 1.6146675783068 0.86433254684324 1.5957467729177 -17.245598698751866 1.0633473237893665 41.78108229134814 1.6592508930988474
Cyclist 0 3 0 75.45467529800464 449.9695692693716 127.30695020231924 497.61389029925874 1.7075820745987 0.8736514512524 1.4911617760288 -19.443440658021515 1.2797635180867504 40.563545120776396 0.132868461368161
Cyclist 0 0 0 48.72294705650279 456.9077830186385 108.29411158489644 499.9122979693668 1.4844385155969 0.8656776818196 1.7280086960232 -19.690088935244752 1.322082826132147 39.30783645036612 0.132868461368161
