Pedestrian 0 0 0 938.1495412387558 425.2119673479269 988.4434810852042 520.6416547592171 1.9407405895691 0.66605967634643 0.7503961797097 7.098026228257965 1.1792345905008448 23.15710497142074 2.7526579473574473
Cyclist 0 0 0 798.4737219385308 423.9380834746586 840.231343340513 482.4936048379696 1.6913578703918 0.80572861302255 1.5986436650924 5.896471482762508 0.5537025877947428 33.71785444547458 -1.676129514601569
Cyclist 0 0 0 768.5211881681378 423.2086536821691 797.5318730809985 470.1258383856771 1.7437830533574 0.78667906893378 1.4146362796487 6.102226628741419 0.2596281471727953 42.915753825931596 -1.650929556179906
Truck 0 2 0 -115.57869766459136 418.9989304275091 55.92984313448312 496.4945601342023 3.0326920039877 2.5886878891346 5.659150703534 -26.945213325447682 1.300932045140267 44.86321758131967 0.12189036682486099
Cyclist 0 0 0 993.6745104189566 450.1225629280821 1120.0415619655255 603.7133037076576 1.6322309189442 0.61433830376499 1.3834212402013 5.036350119165119 1.527307319597445 12.893699509499202 -1.896213257038379
Car 0 0 0 871.4986422618973 415.3503512565825 988.4857314588688 459.2012118953658 1.9224095419766 2.06839832552 5.0881596851751 13.933413734068727 -0.20115582414903074 50.6997308438898 0.22162304916146103
Truck 0 1 0 980.0829504684048 385.5013527862395 1167.2622994390786 453.34916805134895 3.5586738398968 2.3356722493872 9.277177766615 24.1472347103303 -0.5513150507212032 59.27049549579983 -3.057920129362139
Truck 0 1 0 1157.286492446629 416.18957628867497 1270.9795707234653 446.00667819515024 1.545565352486 1.9992272716094 5.2608017507688 32.24602550592134 -0.9392065324743415 59.6490040141042 -3.078106035030239
Truck 0 2 0 985.6572160781672 367.3256554108101 1191.8743825792862 447.9708678574575 4.5065855922232 3.3496484730252 10.687839647389 26.69296832762693 -0.914416927882199 63.48774075968554 -3.041256766873139
Cyclist 0 0 0 24.447995904875256 454.01897317175707 82.00915482734763 511.29363789804427 1.6502365989242 0.86433254684324 1.5957467729177 -17.675834799145566 1.4431886579264148 33.72232985396205 1.6592508930988474
Cyclist 0 1 0 -16.777364293705432 452.89295442182936 49.13114664859973 510.8522123204112 1.7511198485994 1.0114947046407 1.4911617760288 -19.21169920635434 1.4872748441483457 34.3492150070228 0.132868461368161
Pedestrian 0 2 0 17.518035873022313 446.68130865925775 46.86325624349536 500.9849798081895 1.767619047619 0.6616708490969 0.52977465427275 -19.778876791392012 1.2680051599064959 36.32306936541116 0.17545038551626102
Car 0 0 0 575.9078642977732 429.6015090420138 632.1120004175012 459.3302617048894 1.5172143103592 2.0122427148724 4.5777944478408 -1.279288055711351 -0.3048430910756234 64.95892837685311 1.2821998421037613
Car 0 1 0 31.981698890533156 442.5745328614834 140.7877408149194 479.10344081942935 1.6096463692138 1.7922733674885 4.4622478215851 -25.449058940877954 0.7290105209839883 51.58358876557833 0.17845410978306098
