Cyclist 0 0 0 786.7972420349357 437.04022484674914 830.2153716000458 492.7047812995895 1.5492562112725 0.84366958146188 1.5986436650924 5.4455481545344435 0.8363769673379018 32.999269530866584 -1.676129514601569
Cyclist 0 0 0 733.8501065181995 432.4137473321314 759.8414986790572 477.01494068495214 1.6434008052201 0.95015873018603 1.4146362796487 4.702917591330224 0.5232811558725686 42.79608773585014 -1.398416773651269
Truck 0 2 0 60.47332404342569 420.2701009290437 185.1213205867368 481.2030461192156 3.1504939798332 2.5886878891346 5.659150703534 -27.13611478100864 0.9360971658754291 59.21120409513561 0.12189036682486099
Pedestrian 0 1 0 256.3868057507742 441.2689937430567 280.24814125875014 479.6172271911109 1.7877551020408 0.52650277286462 1.129404168245 -17.251307324685346 0.8041509346437391 53.26489942348935 1.886792165293647
Cyclist 1 1 0 1093.9424377098867 461.7434732128215 1277.2738385434695 665.4364669712802 1.572483598954 0.61433830376499 1.3834212402013 4.877076115115471 1.6122577969649836 9.596718574680683 -1.884078575210319
Car 0 0 0 602.2979344003433 422.7405383419173 667.9204060674277 460.0813704355371 2.2094059738588 1.8350830420709 5.0083390320948 0.60255572252518 -0.27646315663522847 71.87735090380733 1.0451924901464609
Car 0 0 0 294.1375336839716 440.656772262505 402.6101603056307 512.648701203438 1.6375343443023 1.9596868114685 4.2613896012282 -7.420632429954959 1.1478982803640767 30.08183104594039 1.5797934764818473
Pedestrian 0 0 0 1071.0198286354898 424.6328295194763 1097.8952563541168 485.6270580375342 1.9763265306122 0.64788361436946 0.6613091157578 15.230020710461064 0.7459548588694422 36.32359132019819 -2.446244792639759
Pedestrian 0 0 0 818.0063074893213 427.9717844855983 846.9536591855796 487.3211059395493 1.9407405895691 0.5582407547037 0.89056077784525 6.887095178108457 0.8163612325458789 36.81170815434913 -3.031301110551439
Truck 0 1 0 915.3017950338468 402.80483914335366 1060.843014722647 450.4051386299681 3.0722569177094 2.3356722493872 9.0540874648977 24.135923512777516 -0.8549649128044763 73.42611692634794 -3.057920129362139
Cyclist 0 1 0 163.65772409814326 448.2336341849168 209.64433335069515 485.1940973038292 1.5701020408163 0.94638777732758 1.6619259234072 -19.490126890163587 0.9796656931058545 48.76014819662879 0.29493889953156094
Cyclist 0 0 0 145.24736182357952 449.79645483575024 194.4361752203792 488.7696813745424 1.6114538936334 0.89001601267857 1.7826294071397 -19.65832891418687 1.105198713006648 47.325642400521986 0.27658119416496096
