Cyclist 0 0 0 788.5295337941845 428.024855503262 832.536316149227 491.58992546029344 1.7712900536464 0.84366958146188 1.5986436650924 5.445608996181888 0.7944933304528212 32.64059163466099 -1.676129514601569
Cyclist 0 0 0 731.7832658108163 426.2656039227064 758.0825431339549 475.2072577290614 1.7982762737748 0.95015873018604 1.4146362796487 4.588100950113897 0.45021217339764763 42.41465612558254 -1.398416773651269
Truck 0 2 0 82.13714521160944 418.6612905654068 201.1531590096344 476.4278023444586 3.117929412896 2.5886878891346 5.659150703534 -27.215188209743502 0.7168688722807003 61.745908902561915 0.12189036682486099
Cyclist 0 0 0 39.15689475929594 445.7833628198004 114.21799860670518 525.3662709167635 1.569246648295 0.83922716009784 1.6725248393082 -11.734297424248155 1.2598813278324446 23.420253854414984 1.535457298945961
Pedestrian 0 1 0 279.65720409947454 435.99195531734085 304.6533130791024 471.36715764204274 1.7877551020408 0.8939857660619 0.9804245764083 -17.306847801885226 0.44957017627993945 57.32004724277163 1.7365312422555474
Cyclist 1 1 0 1139.9258541588472 465.8047057663337 1343.322654349275 683.9757429107386 1.5642507005301 0.61433830376499 1.3834212402013 5.022378364943213 1.640217690405199 8.974781759934613 -1.884078575210319
Car 0 0 0 588.9340638942004 421.548343267551 643.1810934452585 455.11151556373136 2.0837796699754 1.8350830420709 5.647675916801 -0.6757344223472248 -0.636568927308894 76.41172472358866 1.2309070776806612
Car 0 0 0 374.2322496300847 433.1660858366376 450.0155081705426 492.18979679213527 1.8435168529477 1.9596868114685 4.2613896012282 -7.546807299288153 0.8873580101212881 39.66219571348317 1.5797934764818473
Pedestrian 0 0 0 1036.510497236938 422.0846952279225 1061.6256012504668 478.9312952949109 1.9763265306122 0.64788361436946 0.6613091157578 15.057607935354257 0.566112448091729 38.97906646733719 -2.446244792639759
Truck 0 1 0 904.9028955012876 397.4450848883307 1044.9422079832573 446.4435955600362 3.2939661798122 2.3356722493872 9.0540874648977 24.116433697974305 -1.1537538312385054 76.16427393313442 -3.057920129362139
Cyclist 0 1 0 1164.0388431341908 425.1388831479308 1223.636411092099 466.6692678733151 1.467232065422 0.71932883879675 1.871617391061 20.79623289984914 0.1331413934110911 39.83414045345671 -0.07822350512843901
Cyclist 0 1 0 190.6231545786 442.91018333358096 234.08778212610773 479.5762570216023 1.6515266981469 0.94638777732758 1.6619259234072 -19.336461506162415 0.7751144028371797 51.45663117573289 0.29493889953156094
Cyclist 0 0 0 167.1635625538937 446.6691421479362 213.4781707053982 481.46395899174047 1.5223224232764 0.89001601267857 1.7826294071397 -19.843642505127967 0.8413980786171441 50.06817774073499 0.27658119416496096
Pedestrian 0 0 0 801.7260025867364 424.267787925467 828.3888174779956 479.51014290589177 1.9407405895691 0.5582407547037 0.89056077784525 6.770479428104445 0.6007158389962682 39.523768592305856 -3.031301110551439
