Pedestrian 0 0 0 920.0827293816056 423.42568994698826 967.0623458270978 512.9559105789963 1.9407405895691 0.66605967634643 0.7503961797097 7.112404077160439 1.0891093811719483 24.659674677083217 2.7526579473574473
Cyclist 0 0 0 789.9239975975868 428.8243369041212 831.3372553853599 482.90696380343536 1.5492562112725 0.80572861302255 1.5986436650924 5.62397136911844 0.565126379646516 33.68138146356634 -1.676129514601569
Cyclist 0 0 0 768.921301577334 430.0421009312212 797.9829922759624 472.1235844715772 1.5487546855477 0.78667906893378 1.4146362796487 6.110035290916756 0.3350923847343589 42.85418304829418 -1.650929556179906
Truck 0 2 0 -86.57677907711718 417.71083709212735 76.07894718025409 491.6945224177233 3.0314031421076 2.5886878891346 5.659150703534 -27.104053502789174 1.163949235518333 46.9102381610414 0.12189036682486099
Cyclist 0 0 0 1007.8277275770188 457.3682062566394 1129.77055755037 611.7624135882095 1.5545056370897 0.61433830376499 1.3834212402013 4.945662128654132 1.541497755718154 12.32299728125889 -1.731316372356279
Car 0 0 0 803.2101281200496 414.4683466178615 921.27870198248 462.0510103512867 2.177032124053 2.2930207681104 5.4051066974505 11.457420395988 -0.09917468518477582 53.367584543365716 0.33940355202776096
Truck 0 1 0 971.6509097887836 395.1567856018071 1148.116092139217 456.0948198742169 3.3049504212627 2.3356722493872 9.0540874648977 24.20343323210062 -0.41604083888151544 61.31109087702409 -3.057920129362139
Cyclist 0 0 0 71.99323090654627 452.145365110651 123.46791968963402 502.98067933269255 1.5754766176683 0.86433254684324 1.5957467729177 -17.52323385640608 1.2863511234037983 36.32169230599322 1.6592508930988474
Cyclist 0 1 0 11.8748444954457 450.97018445704833 70.82189225080481 504.2293266440284 1.7153827088321 0.8736514512524 1.4911617760288 -19.503748650318897 1.366227582592946 36.40499144933886 0.132868461368161
Cyclist 0 0 0 -18.441023217259044 454.870829650698 47.24030341286755 509.5990528474723 1.7052396267555 0.73060783847202 1.7280086960232 -19.665689646376734 1.4925804037976942 35.04377659875221 0.132868461368161
Pedestrian 0 2 0 49.94756091124589 453.8831549037423 76.9292395052887 499.60908217159096 1.5673469387755 0.6616708490969 0.52977465427275 -19.81393161039879 1.2941840417387012 38.45773310391787 0.17545038551626102
Cyclist 0 1 0 -18.265082341477523 454.3954590208163 27.76774617412468 503.7819977741821 1.6144601541489 0.71474799918488 1.4062549749894 -21.554180765856703 1.3847717550767464 37.79666468959227 -1.4796960295190889
Car 0 0 0 570.7356286283733 434.7957129812145 621.5312851432548 461.9305260363733 1.4277813008093 2.0122427148724 4.5777944478408 -1.822608442839387 -0.1589753088568053 68.22084916870313 1.3184886907253612
