Pedestrian 0 0 0 835.4543888746741 418.324159467924 867.5271749382225 483.2429049170088 1.9407405895691 0.5582407547037 0.89056077784525 6.864496381945492 0.6204449482976879 33.59405116958506 -3.031301110551439
Cyclist 0 0 0 779.8295298258613 425.06884219674976 822.5254220935926 483.8640824325536 1.6735951630019 0.84366958146188 1.5986436650924 5.2754921899615965 0.5856267438651704 33.307636526705316 -1.676129514601569
Cyclist 0 0 0 741.3971565963705 421.376496695464 769.5285940625547 465.731606605347 1.6520049979175 0.78667906893378 1.4146362796487 5.047313408382968 0.0926823714692967 43.02679287347346 -1.650929556179906
Truck 0 2 0 27.257099555412765 408.22765848684287 160.17273844675145 472.7022823759779 3.1706002251635 2.5886878891346 5.659150703534 -27.13075044880843 0.4552433286357306 55.892574699093004 0.12189036682486099
Cyclist 0 0 0 1075.4083563979414 456.9808023183701 1229.756561606868 639.5474359283492 1.5395520052586 0.61433830376499 1.3834212402013 4.968745973884559 1.5307621947455288 10.395224572451573 -1.731316372356279
Car 0 0 0 621.0508634320198 413.7096867999978 713.2842233694832 449.2316992687798 1.9676251563466 2.1609039087243 5.4051066974505 2.4711569205594577 -0.8856243723747155 66.3123615204275 0.7853384893057611
Car 0 0 0 68.90613981822639 432.7820750846756 283.1246816010964 560.0917818253095 1.751071754808 1.9596868114685 4.2613896012282 -7.349960457022966 1.3369303503222554 18.4916965135609 1.5797934764818473
Pedestrian 0 0 0 1114.8782033175105 414.4925862276917 1144.2501590557054 481.1266474971957 1.9763265306122 0.64788361436946 0.6613091157578 15.270832979155191 0.5434551220648015 33.089136932530764 -2.446244792639759
Truck 0 1 0 926.947709571284 396.7906450950383 1079.312250121828 442.55495524691605 2.8350078621659 2.3356722493872 9.0540874648977 24.074591446837438 -1.316013382737456 70.27675567990615 -3.057920129362139
Cyclist 0 0 0 106.12529086402104 440.43192773056 159.0926666149996 486.4893021374486 1.7996203310537 0.89001601267857 1.7826294071397 -19.929602856623042 0.9419519054190915 44.2762337583923 0.27658119416496096
