Pedestrian 0 0 0 828.3811293814692 427.4164077413094 858.8658894223857 489.4832806257596 1.9407405895691 0.5582407547037 0.89056077784525 6.940347168590367 0.848044668814781 35.19467720663367 -3.031301110551439
Cyclist 0 0 0 782.5639299382625 431.1857216635924 825.7361154740514 491.0590058508572 1.6824765166969 0.84366958146188 1.5986436650924 5.323208325914542 0.7897901111395796 33.04911228378646 -1.676129514601569
Cyclist 0 0 0 739.9585523434052 429.9440182831575 761.4867729253131 471.8033687983258 1.5487546855477 0.78667906893378 1.4146362796487 4.869030227778644 0.32730866689873483 42.95221289269706 -1.398416773651269
Truck 0 2 0 42.49963380477698 415.8949463329834 171.3669795033586 478.8761818151988 3.1706002251635 2.5886878891346 5.659150703534 -27.192223216163004 0.7875401915974541 57.47887700509149 0.12189036682486099
Pedestrian 0 1 0 234.5306954884761 441.2969323595945 266.62271420942534 481.5666923290712 1.7877551020408 0.8939857660619 1.1592000866124 -17.288573139993655 0.8517171628902398 50.8146708331888 1.8516416128380477
Cyclist 1 1 0 1098.486450825188 459.17792819036913 1274.816140180102 662.4026962758451 1.6465796847686 0.61433830376499 1.3834212402013 5.092977627113375 1.661046331288132 9.99526194331195 -1.884078575210319
Car 0 0 0 609.7354536062849 421.59841256901393 692.2116834465662 456.11972175409824 1.9464983350285 1.8350830420709 5.5460090515293 1.551354205929173 -0.5074917643392834 68.835797136574 0.8829487056503611
Car 0 0 0 208.0329741679123 437.8874507562495 354.1287443142995 532.5241097489163 1.7257884763101 1.9596868114685 4.2613896012282 -7.407491956767152 1.2829205504049692 24.215231336082333 1.5797934764818473
Pedestrian 0 0 0 1093.129598139138 421.22303450089765 1121.2640843119182 485.0955778183711 1.9763265306122 0.64788361436946 0.6613091157578 15.253257625608095 0.6936516518626005 34.623426378029805 -2.446244792639759
Truck 0 1 0 921.906827145932 396.7483728597202 1070.913509845225 447.6848200211427 3.2306206763543 2.3356722493872 9.0540874648977 24.159798051300246 -1.0132415132226926 71.82809814915069 -3.057920129362139
Cyclist 0 1 0 153.72181750006354 443.20121094737743 201.2943011151912 480.15510278545815 1.522265792993 0.94638777732758 1.6619259234072 -19.249427026031896 0.732388177861649 47.15228237701525 0.29493889953156094
Cyclist 0 0 0 124.55974120841744 445.85803842649705 175.47488216686327 484.10988212838384 1.5322259199828 0.89001601267857 1.7826294071397 -19.85843636577657 0.8761078097879171 45.76379829622574 0.27658119416496096
