Pedestrian 0 0 0 923.1682409780936 424.0439200485884 971.22410663609 515.5710633121374 1.9407405895691 0.66605967634643 0.7503961797097 7.0404858248198705 1.1211879531238422 24.132942589248373 2.7526579473574473
Cyclist 0 0 0 789.9191256018273 428.2533389786363 831.3389931250342 485.2956296227816 1.6380697482221 0.80572861302255 1.5986436650924 5.62448548509053 0.6360481826963429 33.685630480706465 -1.676129514601569
Cyclist 0 0 0 768.9216090094532 429.603989113268 797.9835687990638 471.6717548210254 1.5487546855477 0.78667906893378 1.4146362796487 6.109910772936597 0.3179152493320769 42.853153943849506 -1.650929556179906
Truck 0 2 0 -94.92113345445466 418.57189124180695 69.87218658258405 495.72629662626576 3.1297786485574 2.5886878891346 5.659150703534 -27.14697335512253 1.3182170694692865 46.44339835858994 0.12189036682486099
Cyclist 0 0 0 1004.4875531664576 457.0273969422967 1125.319481067782 610.4295823799567 1.5545056370897 0.61433830376499 1.3834212402013 4.931250117891981 1.5371307482239107 12.397632236379355 -1.731316372356279
Car 0 0 0 822.8192089431773 413.2339274443698 940.9799458585516 462.5789311238534 2.2407271453894 2.2930207681104 5.4051066974505 12.206087800397189 -0.06271631827473381 52.668459846745876 0.25970897488966105
Truck 0 1 0 972.855593187988 395.1483362967824 1154.8412291129382 454.3724054873218 3.1842737536712 2.3356722493872 9.277177766615 24.23128446375077 -0.5076956139496964 60.81964247800314 -3.057920129362139
Cyclist 0 0 0 61.99535119162272 454.5233966656728 114.6535971644072 504.7436853307416 1.5261229610306 0.86433254684324 1.5957467729177 -17.557526203088653 1.32159551318416 35.73756591227896 1.6592508930988474
Cyclist 0 1 0 11.505646502538298 451.37979828986585 71.27389556931735 505.6620943094775 1.7243169937739 0.8736514512524 1.4911617760288 -19.237910157181002 1.393772178896907 35.91307003918592 0.132868461368161
Cyclist 0 0 0 -28.23429422752463 454.7389432689955 38.52135477041861 511.081987906193 1.7340397716892 0.73060783847202 1.7280086960232 -19.712535947132647 1.520036783863234 34.59116140983037 0.132868461368161
Pedestrian 0 2 0 39.405520831311264 447.03239456185 67.14431972086595 498.36945128677553 1.7414965986394 0.6616708490969 0.52977465427275 -19.88090377642035 1.232516744011491 37.89053148799164 0.17545038551626102
Car 0 0 0 570.856549294901 433.3224823521849 624.7216984536634 460.7105135577151 1.4277813008093 2.0122427148724 4.5777944478408 -1.7002834651196708 -0.23009255638827067 67.33681628433825 1.2821998421037613
Car 0 1 0 48.16014522386763 444.8851938810113 153.4803674951184 478.72909092248784 1.5295800951669 1.7922733674885 4.4622478215851 -25.50322632300094 0.7350143200966529 53.14807243947447 0.17845410978306098
