Pedestrian 0 0 0 866.0232468728944 425.2786193460804 905.8850851389986 498.69407694270217 1.9407405895691 0.5582407547037 0.89056077784525 7.064264830183085 0.9552992359746848 29.963923897195833 2.9185443367027473
Cyclist 0 0 0 776.3929705122924 431.07862845615495 818.4302396323993 490.776889916851 1.7127888113513 0.84366958146188 1.5986436650924 5.224411661237306 0.7985340109840886 33.70901668328244 -1.676129514601569
Cyclist 0 0 0 750.9434185179927 427.7173157053462 779.2145587418868 470.70937431608365 1.6003798417326 0.78667906893378 1.4146362796487 5.44682556358809 0.2841743738690806 43.235237920088466 -1.650929556179906
Truck 0 2 0 -17.032034172995964 417.12176539172026 126.65487074462884 484.326617169872 3.0668991962959 2.5886878891346 5.659150703534 -27.229138280521333 0.9614690646366011 52.186429216406566 0.12189036682486099
Cyclist 0 0 0 1041.928128938736 452.945865821734 1180.8276667726288 624.9225334895386 1.572483598954 0.61433830376499 1.3834212402013 4.9264764748369165 1.516355566961914 11.19147682149742 -1.731316372356279
Car 0 0 0 664.6892083486728 422.24987375003457 770.0697395173659 460.9665392117661 1.9345427315599 2.2117720007364 5.4051066974505 5.024308749247738 -0.1971705345843949 60.80284666956773 0.6738625261121611
Pedestrian 0 0 0 1175.0160698178097 421.03257399798485 1214.9898740010626 496.35532573964224 1.9757823129252 0.64788361436946 0.83429097516823 15.353798910321927 0.8807051029028987 29.358167066984535 -2.446244792639759
Truck 0 1 0 939.8060486676228 396.5880048290456 1101.1201999175055 453.1165677873665 3.3272358479985 2.3356722493872 9.0540874648977 23.879768176483697 -0.6220708710855615 66.62709268728311 -3.057920129362139
Cyclist 0 0 0 176.61985090724676 447.10751043960096 202.26375017210063 488.6402011418497 1.5261229610306 0.72612442442823 1.5957467729177 -17.158744672300582 0.9759185995805193 43.22987471504804 1.345816212306461
Cyclist 0 1 0 92.15522402399142 448.7981381783577 142.4218803027041 495.0058570624304 1.6992978425097 0.8736514512524 1.4911617760288 -19.333156643732167 1.2151266147957491 41.6290768523667 0.132868461368161
Cyclist 0 1 0 63.82564648473874 449.513105190384 121.64451748229853 496.89503867010666 1.6956395784442 0.8656776818196 1.7280086960232 -19.737620449506057 1.251547757595669 40.49091152046946 0.132868461368161
