Pedestrian 0 0 0 857.7017632222747 418.6277855149609 896.8279291909304 490.7475447274375 1.9407405895691 0.5582407547037 0.89056077784525 6.936191660913226 0.7546771511978615 30.443405115761067 2.9185443367027473
Cyclist 0 0 0 777.0768416505974 431.0680617616407 819.2386045765478 487.4274108450442 1.6095050639331 0.84366958146188 1.5986436650924 5.234202321398215 0.6972627491365403 33.62522446947802 -1.676129514601569
Cyclist 0 0 0 747.9410028429602 426.73012757331753 776.1990438831835 469.1321015987202 1.5745672636402 0.78667906893378 1.4146362796487 5.315373218323487 0.22298238539419757 43.12150526575439 -1.650929556179906
Truck 0 2 0 -10.050316250875426 412.80422574535936 132.05396330873424 479.5555024671691 3.0845042515697 2.5886878891346 5.659150703534 -27.183505225991723 0.7475548515831685 52.683701397575135 0.12189036682486099
Cyclist 0 0 0 1048.79999145684 453.5744099070574 1190.4329049450184 634.6284092451974 1.6383467863447 0.61433830376499 1.3834212402013 4.9527138218661575 1.5899049619627315 11.062009252501062 -1.731316372356279
Car 0 0 0 662.1466793437008 416.2345299278248 766.4496193680477 458.6864946590399 2.1802951760861 2.2117720007364 5.4051066974505 4.90519612068708 -0.31888302737607277 61.41051290467749 0.6738625261121611
Pedestrian 0 0 0 1160.3798454099522 420.5431312722204 1199.4996497954498 494.34460048559606 1.9757823129252 0.64788361436946 0.83429097516823 15.248664380975523 0.8448195535713429 29.969865432900004 -2.446244792639759
Truck 0 1 0 937.8918709773316 396.5738571268156 1097.834290275636 449.3027553153733 3.1253688271777 2.3356722493872 9.0540874648977 23.906842735133345 -0.8554951751110942 67.14441961195995 -3.057920129362139
Cyclist 0 0 0 184.16294481512347 444.4178317105138 209.22947403652847 487.3345633240176 1.6068293861791 0.72612442442823 1.5957467729177 -17.103476497519047 0.9390346242717427 43.83882996519146 1.345816212306461
Cyclist 0 1 0 95.2097279252315 446.192147423312 144.73586711630935 488.8340914888296 1.5855904484242 0.8736514512524 1.4911617760288 -19.457029346907326 0.9945982280402825 42.11907990221915 0.132868461368161
Cyclist 0 1 0 70.55228665604955 446.977898964372 124.89390635936462 490.2445418566492 1.5626830487297 0.8656776818196 1.6189756425456 -19.749932790769492 1.0183799787722865 40.903593245788095 0.132868461368161
Car 0 0 0 558.9739246593456 427.6276782451707 598.697616873906 455.1882393523152 1.6887902870336 2.2117720007364 5.4051066974505 -3.2870934041578677 -0.6398205323162549 77.84914068850341 1.454007578360661
