Cyclist 0 0 0 788.5313070781357 428.02485550326026 832.5363161492271 490.75433914510137 1.7472167271573 0.84366958146188 1.5986436650924 5.445434804244564 0.7704637205158178 32.63915198958568 -1.676129514601569
Cyclist 0 0 0 732.5994490241027 420.38900253007694 757.9968456540424 469.3907276558057 1.8068804664723 0.91574195939609 1.4146362796487 4.6002476925251 0.231660493557166 42.399589342024 -1.398416773651269
Truck 0 2 0 86.93529323813152 412.3117656196393 204.9232164380919 469.07241541026673 3.0957176882108 2.5886878891346 5.659150703534 -27.17282661607525 0.3113934419131191 62.21134980897607 0.12189036682486099
Cyclist 0 0 0 71.14712275276008 442.4650811688903 135.31150190758848 517.4485932365355 1.569246648295 0.7258926799432 1.6725248393082 -11.791870981789833 1.1623097811100143 24.752798798478693 1.535457298945961
Pedestrian 0 0 0 798.9626607568473 420.5755487638754 825.1724959674415 474.9564794251585 1.9407405895691 0.5582407547037 0.89056077784525 6.764361262169491 0.4461172340554319 40.12175823702183 -3.031301110551439
Cyclist 1 2 0 1143.8318085618675 466.0974368924394 1348.916574257098 687.5632880697767 1.5807164973778 0.61433830376499 1.3834212402013 5.037762579083203 1.6590981175165105 8.933116955786813 -1.884078575210319
Car 0 0 0 588.557287686226 417.3340877329164 638.5989207497661 449.2443490123405 2.0076677697642 1.8350830420709 4.7951965331329 -0.8284673351479742 -1.0011640899478 75.93679632757782 1.2309070776806612
Car 0 0 0 384.95368284963735 428.3425556705455 456.4360925969679 482.5852479271691 1.7899544296388 1.9596868114685 4.2613896012282 -7.587444532779203 0.5955763790535014 41.52791137380552 1.5797934764818473
Pedestrian 0 0 0 1032.531382550555 415.9680908098822 1057.3027120254628 472.47687709318967 1.9963265306122 0.64788361436946 0.6613091157578 15.114525913503698 0.3442649764973797 39.52119205359252 -2.446244792639759
Truck 0 1 0 898.4288491569657 392.64661955479465 1042.4646637174667 444.7195704211078 3.5315118177794 2.3356722493872 9.4061908663104 23.96902027151928 -1.2804140126828498 76.7073707786364 -3.057920129362139
Cyclist 0 1 0 1155.5814202229092 421.5339198088433 1220.5594834453482 464.7273619521301 1.5540422260668 0.71932883879675 2.0599398231228 20.798067288532213 0.06927398377950464 40.26611262663043 0.033579027293860975
Cyclist 0 1 0 193.9222354145305 438.2559572684018 237.100732824305 478.8230410937479 1.8546509776745 0.94638777732758 1.6619259234072 -19.35698780166839 0.7472610382926188 51.92402441294698 0.29493889953156094
Cyclist 0 0 0 173.613028912346 441.0184333064814 219.50847915472357 481.10850012152014 1.7897168343474 0.89001601267857 1.7826294071397 -19.789561359550895 0.8357935582245264 50.68511977339277 0.27658119416496096
Pedestrian 0 1 0 285.1910840402253 435.5280775566871 309.83308914716326 470.5039591782306 1.7877551020408 0.8939857660619 0.9804245764083 -17.217763343383865 0.4099402715527022 57.97074404684923 1.7365312422555474
