Pedestrian 0 0 0 894.9234578966418 424.3550833704865 935.8572307764948 506.5947127264288 1.9407405895691 0.59058643119652 0.7503961797097 7.0371674433145905 1.037493604574928 26.792354414180295 2.7526579473574473
Cyclist 0 0 0 782.7174272814307 431.5570436328179 825.1957607092698 485.992250212571 1.5492562112725 0.84366958146188 1.5986436650924 5.401468230032172 0.6536569324778524 33.56721266931662 -1.676129514601569
Cyclist 0 0 0 761.080978585385 432.70961817327577 789.8897146613205 474.8690251115832 1.5487546855477 0.78667906893378 1.4146362796487 5.803989608836344 0.43954601697105866 42.87426390902794 -1.650929556179906
Truck 0 2 0 -56.1609169088498 415.1068485696701 98.53467897861708 485.6613940091683 3.020233005813 2.5886878891346 5.659150703534 -27.05798676699178 0.9544214216990208 48.916782682040406 0.12189036682486099
Cyclist 0 0 0 1019.0249310515012 456.92747409062366 1146.7017257216444 616.9514053192767 1.5545056370897 0.61433830376499 1.3834212402013 4.9294694075967795 1.5382225346841838 11.902184099007606 -1.731316372356279
Car 0 0 0 741.867272690679 416.4151225647327 858.5565578146876 456.2254915372762 1.8712960216383 2.2930207681104 5.4051066974505 8.81176292777097 -0.39825326962356894 55.77214080541619 0.4569420741237611
Pedestrian 0 0 0 1235.0185014299095 419.1488520883548 1282.3454156276557 503.47140321590615 1.9793906777525 0.69379139970581 0.87937109610549 15.318285245086555 0.9520408067374271 26.276713740391497 -2.446244792639759
Truck 0 1 0 959.818658584168 395.1548545997872 1130.03799769227 452.04642062045104 3.188006021741 2.3356722493872 9.0540874648977 24.14807898041171 -0.6569010751252127 63.38255710047069 -3.057920129362139
Cyclist 0 0 0 113.94060819235364 449.3867127075536 160.2672337040097 495.4267897838831 1.5349882208801 0.86433254684324 1.5957467729177 -17.40574627910581 1.1214502165316869 39.05989174120443 1.6592508930988474
Cyclist 0 1 0 48.83767034264668 447.5478118079227 104.00066040489388 498.4690758641472 1.7332512787158 0.8736514512524 1.4911617760288 -19.33150107062641 1.242355247679239 38.45174378714137 0.132868461368161
Cyclist 0 0 0 19.190386012984163 450.6873145906611 80.5407494422933 503.0985063125997 1.7340397716892 0.73060783847202 1.7280086960232 -19.62497531149645 1.3640541850096888 37.18412350219167 0.132868461368161
Pedestrian 0 2 0 78.6149703568583 449.7832772281449 103.82358727217412 494.31576829179073 1.6108843537415 0.6616708490969 0.52977465427275 -19.83036019228026 1.1690959280645055 40.54760756393666 0.17545038551626102
Cyclist 0 1 0 10.189606767090709 451.149498634906 53.190512098068325 498.7159403471461 1.6316975260846 0.71474799918488 1.4062549749894 -21.562004379042186 1.2699377071226383 39.57037483110837 -1.4796960295190889
Car 0 0 0 561.3852921875932 430.83920849183454 612.5951383887982 456.93417468027593 1.4801170356513 1.8840864543125 4.5777944478408 -2.515739673841802 -0.47062950396363584 72.12881941749033 1.2243327592508613
