Pedestrian 0 0 0 879.2804943087968 426.9013975512101 922.1494853592152 504.5336255025109 1.9407405895691 0.59058643119652 0.89056077784525 7.07300232005958 1.0500056945074563 28.38209018540427 2.9185443367027473
Cyclist 0 0 0 776.345716609818 435.0520017386704 818.2398233271629 489.2705797433146 1.5492562112725 0.84366958146188 1.5986436650924 5.236414818954682 0.7562750428131368 33.80802859409479 -1.676129514601569
Cyclist 0 0 0 756.6678808363281 429.0971900666181 785.2352422871784 470.97560842381887 1.5487546855477 0.78667906893378 1.4146362796487 5.650260157646357 0.2928521268301004 43.03935349524304 -1.650929556179906
Truck 0 2 0 -31.317716855599087 415.7493892918936 117.52875465161084 483.7398010579826 3.0040197440344 2.5886878891346 5.659150703534 -26.90991569200526 0.9015979009023203 50.51850612701362 0.12189036682486099
Cyclist 0 0 0 1027.5493289937065 453.5236338377376 1160.393030475936 623.3394402921458 1.6054151926493 0.61433830376499 1.3834212402013 4.900112062836993 1.5527606781012753 11.550693274295476 -1.731316372356279
Car 0 0 0 693.2652423064353 421.5356623990708 805.0658192635608 461.9049897068129 1.9563093766465 2.2930207681104 5.4051066974505 6.528013499655602 -0.1383084722577109 58.53055770058875 0.574175624419361
Pedestrian 0 0 0 1203.0973685738618 422.4183598540314 1245.3958699482514 501.92396353614623 1.9757823129252 0.64788361436946 0.83429097516823 15.313329691484258 0.9733938659920534 27.81596521144456 -2.446244792639759
Truck 0 1 0 949.2893653421522 395.1586832183679 1114.741260075133 451.8334501748469 3.2608609762811 2.3356722493872 9.0540874648977 24.017625247506093 -0.6844555327582206 65.07652030718549 -3.057920129362139
Cyclist 0 3 0 141.0926012115429 448.0378214869689 184.36565996602772 493.5522868985528 1.5970450398269 0.86433254684324 1.5957467729177 -17.291103682868112 1.110115642445436 41.00596291811002 1.6592508930988474
Cyclist 0 3 0 63.54029532342645 448.8165843859996 116.5258151250378 497.2614165627707 1.7064484238903 0.8736514512524 1.4911617760288 -19.518877367187176 1.2441054655639983 39.835503236537875 0.132868461368161
Cyclist 0 0 0 40.79193809434298 451.4501278090762 101.39769094304312 501.09329817542425 1.7052396267555 0.8656776818196 1.7280086960232 -19.73574640669483 1.3488424393509921 38.86670738077887 0.132868461368161
