Cyclist 0 0 0 786.1724487068611 435.2155851726881 829.4776081696477 492.8078803221488 1.6114256871372 0.84366958146188 1.5986436650924 5.4363742885312 0.8412489641829153 33.06757072460806 -1.676129514601569
Cyclist 0 0 0 733.4308009429527 430.3932474381587 760.2881961758592 476.2459158931322 1.695025961405 0.98443209776436 1.4146362796487 4.708728575858989 0.49465919791403334 42.84149305576504 -1.398416773651269
Truck 0 2 0 56.17452568323733 419.2660351072489 182.1210433233108 481.5414171042989 3.1926581008189 2.5886878891346 5.659150703534 -27.082564020379884 0.9443353223483617 58.66147334010766 0.12189036682486099
Pedestrian 0 1 0 246.4561616226369 441.90612498698624 276.292641178697 480.745060650891 1.7877551020408 0.8939857660619 1.0996082498777 -17.36182626675728 0.846677099367429 52.56845369372768 1.8197434287960474
Cyclist 1 1 0 1095.6788980988847 461.229848138968 1277.8117286694535 668.0459250813249 1.6136480910732 0.61433830376499 1.3834212402013 4.927405043612935 1.6484597004772081 9.674711181759141 -1.884078575210319
Car 0 0 0 605.6997854325623 423.0299922793674 671.6768440350708 458.9575942920957 2.0950524192138 1.8350830420709 4.941988263739 0.8241007281743755 -0.3427614989514648 71.04496687180531 1.0451924901464609
Car 0 0 0 262.7685298490736 440.1991993936819 383.7405519817885 519.7377722661398 1.6701957911601 1.9596868114685 4.2613896012282 -7.481905960053752 1.2115246565445628 27.823466640239037 1.5797934764818473
Pedestrian 0 0 0 1080.0933600707344 424.1079795536043 1107.4008685371607 486.1040308395077 1.9763265306122 0.64788361436946 0.6613091157578 15.286841140982524 0.7487302805981896 35.71959863508605 -2.446244792639759
Pedestrian 0 0 0 820.5279529893621 428.4634882664833 849.9657815253363 488.7189258898779 1.9407405895691 0.5582407547037 0.89056077784525 6.875189599600431 0.849381252536497 36.26200072377128 -3.031301110551439
Truck 0 1 0 916.8605898472 401.4434636793177 1063.434470932481 446.7094253952189 2.9008481415228 2.3356722493872 9.0540874648977 24.107134035455726 -1.0908566005785745 72.91183434966003 -3.057920129362139
Cyclist 0 1 0 157.90931342625248 448.5418185480999 204.5285808274905 485.32618554516097 1.5407316365864 0.94638777732758 1.6619259234072 -19.47567243310466 0.9720368770871324 48.113783840543476 0.29493889953156094
Cyclist 0 0 0 139.68823569858347 450.4314868356937 189.5006830489293 489.88625219447607 1.6114538936334 0.89001601267857 1.7826294071397 -19.653813684817095 1.138844978723664 46.763495236718235 0.27658119416496096
