Pedestrian 0 0 0 910.3826189700468 422.8841717213492 956.2789073650694 510.5734390363509 1.9407405895691 0.66605967634643 0.7503961797097 7.024502871847105 1.0589113940911705 25.174354906976838 2.7526579473574473
Cyclist 0 0 0 789.0910398674814 431.1599136316101 830.520917987024 485.42376601732616 1.5492562112725 0.80572861302255 1.5986436650924 5.5921709582588335 0.6389075273221623 33.64181416904279 -1.676129514601569
Cyclist 0 0 0 765.143804433103 431.8331687181688 794.0976717793922 473.9914225254881 1.5487546855477 0.78667906893378 1.4146362796487 5.959740481163116 0.4058866362735941 42.84173161424004 -1.650929556179906
Truck 0 2 0 -81.06141190081075 417.84921190735486 79.61219663589975 490.6748895346823 3.0159367995458 2.5886878891346 5.659150703534 -27.196660338491764 1.1344211948917176 47.414305460280765 0.12189036682486099
Cyclist 0 0 0 1012.6272842356371 455.6106277304074 1136.7476138339332 619.8488202930268 1.6408670613725 0.61433830376499 1.3834212402013 4.954412814664743 1.6077406761208775 12.182925318013138 -1.731316372356279
Car 0 0 0 778.8474479769313 415.3437465773461 905.5916845090962 462.3979956972357 2.177032124053 2.2930207681104 5.8855606261128 10.624322312930765 -0.08555498423470471 54.09312657757635 0.33940355202776096
Truck 0 1 0 966.5525613181552 395.1649169493206 1141.3781357931948 453.9546174834212 3.2129959905565 2.3356722493872 9.0540874648977 24.06351877101049 -0.5371522715895867 61.81189672855453 -3.057920129362139
Cyclist 0 0 0 84.06189443844812 449.6641319132808 134.1126552253458 500.8547252445755 1.6236408193755 0.86433254684324 1.5957467729177 -17.480368423051377 1.2422956361783657 37.051850298136564 1.6592508930988474
Cyclist 0 1 0 25.233882946579683 452.8056134199261 83.0128850074193 502.7267120894844 1.6260398594138 0.8736514512524 1.4911617760288 -19.332599864176842 1.3346748416854883 36.910940168775475 0.132868461368161
Cyclist 0 0 0 -6.469306837884801 455.0969707482375 57.91083775727043 507.7848467171625 1.6668394335105 0.73060783847202 1.7280086960232 -19.606698237207578 1.4580058370842743 35.61373425549943 0.132868461368161
Pedestrian 0 2 0 53.3646572896223 447.4569289661536 80.21066679051182 498.487482001658 1.7763265306122 0.6616708490969 0.52977465427275 -19.90916851743541 1.2690966476441015 38.88799834754871 0.17545038551626102
Cyclist 0 1 0 -9.313749823316355 455.59564281702967 35.73765649229472 502.4261236517402 1.5457597220574 0.71474799918488 1.4062549749894 -21.524701942140993 1.355778546360526 38.27703299313382 -1.4796960295190889
Car 0 0 0 567.3072425449404 434.6784847995811 621.6623713268004 461.33816728146286 1.4277813008093 1.8840864543125 4.5777944478408 -1.9492920806188103 -0.19217879250611786 69.16425552893625 1.214532541352661
