Cyclist 0 0 0 787.3417850220255 439.964710800225 831.0944611132694 496.7611702149028 1.5664701691755 0.84366958146188 1.5986436650924 5.4296131274793 0.9471891762923144 32.776042837723686 -1.676129514601569
Cyclist 0 0 0 731.4797686017823 433.37992473564566 758.7010899634955 476.7423234915785 1.5917756490351 0.99317969367347 1.4146362796487 4.6261500037750105 0.5117289394732822 42.71044481223748 -1.398416773651269
Truck 0 2 0 77.65866428975767 422.25272872971897 197.6296034799003 480.8779006652672 3.1351683633979 2.5886878891346 5.659150703534 -27.25442707377197 0.9543916108556116 61.31732653235339 0.12189036682486099
Cyclist 0 0 0 9.18556886456838 454.36449833831335 85.56585920509292 546.1931871512634 1.7086237182374 0.7258926799432 1.6725248393082 -11.70525638764191 1.59741542665538 22.153753137358088 1.535457298945961
Pedestrian 0 1 0 274.6214113478427 441.38362539411264 302.69443641734983 477.42494561110857 1.7877551020408 0.8939857660619 1.2187919233471 -17.340391074887485 0.7446484547274328 56.831221716858906 1.7952582220296467
Cyclist 1 1 0 1123.4993145828605 464.6017854934925 1320.482760643872 684.3458595617465 1.6136480910732 0.61433830376499 1.3834212402013 4.958622507332729 1.6792583432522936 9.156863747072503 -1.884078575210319
Car 0 0 0 592.0945177300586 428.4122734636955 643.8579548700318 461.494473861 2.0117850632775 1.9091943253103 4.7951965331329 -0.5242219892369188 -0.19228050746767839 75.21804051650834 1.2309070776806612
Car 0 0 0 360.89053601103313 440.5494927833721 441.8798211663049 497.73793138226046 1.6484214932549 1.9596868114685 4.2613896012282 -7.515783352867826 1.0100996126367652 37.60972165098515 1.5797934764818473
Pedestrian 0 0 0 1043.7965854284982 427.41556676619575 1069.260444019594 485.1517385083743 1.9763265306122 0.64788361436946 0.6613091157578 15.117141496411127 0.7738302517403637 38.442335312794036 -2.446244792639759
Pedestrian 0 0 0 804.8993515245885 424.6119756388931 831.9463818497744 480.5332043144881 1.9407405895691 0.5582407547037 0.89056077784525 6.80761444459339 0.6290940121852256 39.04560600457955 -3.031301110551439
Truck 0 1 0 906.2394665857876 403.4912444546969 1047.1861587933224 452.2616251011677 3.2464570522187 2.3356722493872 9.0540874648977 24.092872870553148 -0.7528738901092816 75.69945678089134 -3.057920129362139
Cyclist 0 0 0 1121.653167136281 442.4141533690709 1181.4560616930112 480.3129041803031 1.2558336465271 0.69941362728753 1.8813887319171 18.545149809589475 0.5907358352036001 38.44943960702748 0.5481347083309611
Cyclist 0 1 0 1178.2814137497762 428.3248786030057 1236.5278659539094 475.38977318767047 1.6323890005763 1.045806638912 1.5669354901906 21.094279552232813 0.4319171564888108 39.44821025441175 -0.147117307119339
Cyclist 0 1 0 185.35990845389483 449.3363817332111 229.3770880646619 485.0242788171979 1.57768707483 0.94638777732758 1.6619259234072 -19.326647274072688 1.013812579555101 50.80134414698119 0.29493889953156094
Cyclist 0 0 0 166.18312651436094 451.5705511620585 213.1405278875577 489.1499170889377 1.6219727891157 0.89001601267857 1.7826294071397 -19.636076967559593 1.1732305059011228 49.47243670412484 0.27658119416496096
