Pedestrian 0 0 0 842.1845305280971 417.2320102300352 875.4372343627525 484.23229086320777 1.9407405895691 0.5582407547037 0.89056077784525 6.866116777956426 0.6293768489528399 32.54331230097425 -3.031301110551439
Cyclist 0 0 0 777.6803187142232 421.4060149691055 819.9719649963256 482.6007923976228 1.7624086999515 0.84366958146188 1.5986436650924 5.242365968085086 0.5530319708475503 33.54857411052291 -1.676129514601569
Cyclist 0 0 0 744.2345681713916 421.350817153167 772.4411259189984 466.3646241148255 1.67781757601 0.78667906893378 1.4146362796487 5.160594846608856 0.11688379212514455 43.040762419014584 -1.650929556179906
Truck 0 2 0 14.146677078113044 410.9276791841101 150.00749438667668 474.2461687132002 3.0468694846693 2.5886878891346 5.659150703534 -27.197124690590645 0.5213235930255734 54.797638424736036 0.12189036682486099
Cyclist 0 0 0 1072.9514344139395 456.7443800976738 1226.133724516787 632.0990319766504 1.4819217162917 0.61433830376499 1.3834212402013 4.959742044710453 1.4706346230951601 10.436246921229902 -1.731316372356279
Car 0 0 0 634.366921330934 414.1256584876472 730.9058709105853 452.2209060369197 2.0573939428997 2.1609039087243 5.4051066974505 3.306371901717339 -0.6947429147595868 64.52632471684007 0.7420434195900611
Car 0 0 0 -86.62191171177653 443.8206520427786 211.13142917498072 605.2924582254686 1.7021140896366 1.9596868114685 4.2613896012282 -7.37053061830082 1.5526700393268 14.893203650336742 1.5797934764818473
Pedestrian 0 0 0 1125.4115187519546 415.2550572214152 1161.9133915911702 484.1751883228329 1.9757823129252 0.64788361436946 0.83429097516823 15.214681761332036 0.6104324217401556 32.050741344167406 -2.446244792639759
Truck 0 1 0 930.3283125617507 390.2124683154168 1085.0976704715265 443.1561814582095 3.2422050450161 2.3356722493872 9.0540874648977 24.020711740410782 -1.26121500827593 69.27755982768932 -3.057920129362139
Cyclist 0 0 0 204.62939285174275 436.8978029883806 238.4316443431557 476.1532666245035 1.5970450398269 0.72612442442823 1.5957467729177 -17.30556892814575 0.5472628387553211 47.14616116325777 1.6975289761805472
