Pedestrian 0 0 0 844.2022968512074 417.5883585759202 878.0382460869487 485.6734537821087 1.9407405895691 0.5582407547037 0.89056077784525 6.824567623146787 0.6605275238853957 32.028393490651325 -3.031301110551439
Cyclist 0 0 0 776.7385795931937 425.33166747513934 818.8476311063056 486.2090785495775 1.7535273462565 0.84366958146188 1.5986436650924 5.2286843443258695 0.6620048273895426 33.66197458231642 -1.676129514601569
Cyclist 0 0 0 743.9225872171309 421.3185261200157 772.08241458923 464.247999102856 1.6003798417326 0.78667906893378 1.4146362796487 5.153786083762828 0.036249962770218996 43.09258177429104 -1.650929556179906
Truck 0 2 0 6.830150769932516 410.7887539394712 144.32355730487558 475.0681306352561 3.0623358272311 2.5886878891346 5.659150703534 -27.248781275837672 0.5551925589473498 54.238570693568306 0.12189036682486099
Cyclist 0 0 0 1056.678222372698 455.2734494251426 1203.7024602881834 631.8206805055728 1.5395520052586 0.61433830376499 1.3834212402013 4.9052027454999045 1.5115078547965317 10.724293574476905 -1.731316372356279
Car 0 0 0 642.4228687099768 417.34505092542656 740.5058819814285 452.98183381498825 1.8773186171726 2.1609039087243 5.4051066974505 3.765703625810323 -0.645080977332271 63.64182351531332 0.7420434195900611
Car 0 0 0 -214.05069554523152 448.2825917078328 161.05318699959838 643.4301459120722 1.7270755897697 1.9596868114685 4.2613896012282 -7.329048953103152 1.670927079231456 12.914317542914423 1.5797934764818473
Pedestrian 0 0 0 1141.1634291464588 416.4265351755485 1178.515314372768 486.9003607107536 1.9757823129252 0.64788361436946 0.83429097516823 15.355167688631406 0.6738012944018312 31.34312607863789 -2.446244792639759
Truck 0 1 0 932.1541894886956 390.1764590399745 1088.277638570848 450.7103282295423 3.6839919937176 2.3356722493872 9.0540874648977 23.994508511488974 -0.7873390749337684 68.75853831790918 -3.057920129362139
Cyclist 0 0 0 199.07545942017904 441.8910641258965 229.5510056361969 477.6694259443525 1.4108745829865 0.72612442442823 1.5957467729177 -17.28875174124156 0.5961312782761925 46.24864634057434 1.5609978279023609
Cyclist 0 1 0 113.0244482783312 443.2900890511988 161.4453827771324 484.0866111977718 1.5735006257216 0.95267893129899 1.4911617760288 -19.522334370156127 0.8435455922257 43.794272612442526 0.132868461368161
Cyclist 0 1 0 90.54668294980968 444.1509937497563 142.55091277222283 486.6289149543643 1.5976432449525 0.8656776818196 1.6189756425456 -19.789552145306168 0.920468074205852 42.54266670524651 0.132868461368161
