Pedestrian 0 0 0 830.3914546788421 419.3230978908784 861.3610110628965 482.2297927095873 1.9407405895691 0.5582407547037 0.89056077784525 6.908460006079596 0.6094627009590511 34.6734975376948 -3.031301110551439
Cyclist 0 0 0 780.1291432744301 428.7522321716165 822.8267640417762 483.4859483554206 1.5492562112725 0.84366958146188 1.5986436650924 5.284811397302213 0.5745626962260515 33.30825495479207 -1.676129514601569
Cyclist 0 0 0 738.1592305529172 427.535352428626 763.2685774146896 469.34267472166897 1.5487546855477 0.92434615209358 1.4146362796487 4.868042022020042 0.23340688740903148 42.93703431892441 -1.398416773651269
Truck 0 2 0 40.27881286485922 413.4818925809843 170.30495496218776 475.0332616950964 3.0733429630783 2.5886878891346 5.659150703534 -27.03229883260077 0.5847186828208165 56.9545137238064 0.12189036682486099
Cyclist 1 2 0 -467.6753904240997 468.5787789966312 -258.5875115369254 628.3964238737691 1.6306863362696 0.7258926799432 1.6725248393082 -11.522960004406038 1.7639656387021898 12.88733266000922 1.535457298945961
Pedestrian 0 1 0 162.00210616693738 437.6984949378231 190.12924519352111 480.9640010513304 1.8771428571428 0.8939857660619 0.76192117504775 -19.942873089890288 0.8102673860405456 48.7015496525878 1.6381889531690472
Cyclist 1 1 0 1085.7708849347018 458.2827062765233 1257.573194497125 656.1530045162407 1.6301138879209 0.61433830376499 1.3834212402013 5.034851218517182 1.635321215321002 10.156345347296968 -1.884078575210319
Car 0 0 0 615.0642069865055 419.1454323721697 698.7489894936472 452.1074198335821 1.8343543713464 1.8350830420709 5.5177130869807 1.8879176295055082 -0.7365765682787454 67.77241164029589 0.8829487056503611
Car 0 0 0 168.76167096405857 439.44218865727737 334.47258268740296 537.9177218201438 1.6310909296161 2.0032354072789 4.2613896012282 -7.407297162453457 1.263703681832234 22.329051851733073 1.5797934764818473
Pedestrian 0 0 0 1098.8874464705873 419.1648189694675 1127.4224393299876 483.9330228454255 1.9763265306122 0.64788361436946 0.6613091157578 15.219674733632486 0.6473413192505839 34.11528906082824 -2.446244792639759
Truck 0 1 0 918.9724766210204 396.7619894690205 1073.6196245124868 443.53885970051687 2.9406587258972 2.3356722493872 9.3558903803943 23.98010029665103 -1.2719564053679315 71.31948080252222 -3.057920129362139
Cyclist 0 1 0 141.94992952651648 445.0389525687047 190.3120489258212 481.5054110232535 1.4761011840095 0.94638777732758 1.6619259234072 -19.44683138479207 0.7773135368879608 46.426303743609914 0.29493889953156094
Cyclist 0 0 0 120.44639452011172 442.8555163231303 172.07609522018942 485.0887140641738 1.6807783705777 0.89001601267857 1.7826294071397 -19.79489843916434 0.9060012152923977 45.25714980932746 0.27658119416496096
