Pedestrian 0 0 0 832.2275700990073 417.9715557481898 863.7349193470159 481.8795308532281 1.9407405895691 0.5582407547037 0.89056077784525 6.863923946177348 0.5887487304710257 34.12317238126896 -3.031301110551439
Cyclist 0 0 0 780.1277588490976 424.4352468080781 822.8377215960829 484.40688097580767 1.7091205777817 0.84366958146188 1.5986436650924 5.2850072799080525 0.6015845129880321 33.309873866856364 -1.676129514601569
Cyclist 0 0 0 741.3971565963705 421.376496695464 769.5285940625547 465.731606605347 1.6520049979175 0.78667906893378 1.4146362796487 5.047313408382968 0.0926823714692967 43.02679287347346 -1.650929556179906
Truck 0 2 0 33.59691242682402 410.17412245955535 165.0635958655463 472.0037213543319 3.0623358272311 2.5886878891346 5.659150703534 -27.083789916764776 0.4244533596159107 56.40081809106396 0.12189036682486099
Pedestrian 0 1 0 152.90485415386968 436.8158021354267 180.72019504381416 482.5266748761471 1.9466666666666 0.8939857660619 0.76192117504775 -20.01653038164395 0.8602494691574629 47.87619461610443 0.11876728414856097
Cyclist 0 0 0 1077.3133149220018 457.6847627378558 1246.1132204270536 650.4862692851221 1.6054151926493 0.61433830376499 1.3834212402013 4.994983320913821 1.6043115897464062 10.265757003454217 -1.884078575210319
Car 0 0 0 620.3098261946437 415.3981870494448 704.130778441941 451.18366476736753 1.9896840084045 1.8350830420709 5.4051066974505 2.1830094768342163 -0.7797148565888363 66.8339633405318 0.8829487056503611
Car 0 0 0 125.7390772652766 437.7062621659256 312.5267491934457 548.4013004865552 1.6746395254265 1.9596868114685 4.4034359212691 -7.392233407677479 1.3102478498295709 20.54720389792823 1.5797934764818473
Pedestrian 0 0 0 1108.2899996387912 414.2341099306544 1137.2703162653056 479.9591469449324 1.9763265306122 0.64788361436946 0.6613091157578 15.269966857271164 0.5158753724575486 33.54958436045255 -2.446244792639759
Truck 0 1 0 925.2840974042872 396.7766209161396 1076.5265822384722 443.2719717761136 2.9018712551415 2.3356722493872 9.0540874648977 24.10199541477994 -1.2793883902758163 70.78018937760008 -3.057920129362139
Cyclist 0 1 0 133.22531308584814 439.3865805664462 182.19211595920197 476.09778431503815 1.4761011840095 0.94638777732758 1.6619259234072 -19.587576626965486 0.5448376886557595 45.89991503507367 0.29493889953156094
Cyclist 0 0 0 113.54212463480629 442.30661596670666 165.75297764495986 481.61619321525006 1.5421294166891 0.89001601267857 1.7826294071397 -19.824590509639737 0.7544694201498141 44.6874831455167 0.27658119416496096
