Pedestrian 0 0 0 930.1355063519164 424.66670626363447 979.3605161872996 518.2600343873842 1.9407405895691 0.66605967634643 0.7503961797097 7.050669815488922 1.1526049267911138 23.607319368459112 2.7526579473574473
Cyclist 0 0 0 794.9315475783633 431.6234774722073 836.535079591248 485.790671384618 1.5492562112725 0.80572861302255 1.5986436650924 5.78438621290351 0.6513242595296751 33.70832761211079 -1.676129514601569
Cyclist 0 0 0 768.9217611121919 429.1658593975317 797.9841398845034 471.4458313412884 1.5573588782452 0.78667906893378 1.4146362796487 6.109848513946517 0.3093266816309858 42.85263939162718 -1.650929556179906
Truck 0 2 0 -104.55180076745478 415.9109397384997 62.62267252953393 493.8226868933365 3.1297786485574 2.5886878891346 5.659150703534 -27.196409215806394 1.2245028412572014 45.910692823500135 0.12189036682486099
Cyclist 0 0 0 1000.5372103393416 454.7159119696728 1131.0149916852934 606.1078782080593 1.5545056370897 0.61433830376499 1.3834212402013 5.002566863539838 1.5087433689856549 12.54453271045149 -1.896213257038379
Car 0 0 0 840.1987044492473 413.3860479187689 960.1540138893648 461.6773819942792 2.1642931197857 2.2930207681104 5.4051066974505 12.90035668053881 -0.10413118500425333 51.997618404207344 0.25970897488966105
Truck 0 1 0 975.4299475872187 395.15179107695377 1159.2288952407262 455.6514659387658 3.2233814321421 2.3356722493872 9.277177766615 24.20130278757993 -0.4348003055083458 60.26049734543127 -3.057920129362139
Cyclist 0 0 0 50.24332773924402 452.3497437911551 104.48005815241709 506.78149517252456 1.6325060792251 0.86433254684324 1.5957467729177 -17.595819323551602 1.36095174843886 35.085291439297 1.6592508930988474
Cyclist 0 1 0 -2.005492733666188 452.2039179786064 61.69894474456896 507.73022866089775 1.7243169937739 1.0114947046407 1.4911617760288 -19.299630800354933 1.4299463358641515 35.31674332565828 0.132868461368161
Cyclist 0 0 0 -34.681036010536786 460.5053162567626 33.058042858008776 512.8945718385123 1.5804389987093 0.73060783847202 1.7280086960232 -19.595308602307867 1.5518897216698633 34.045309494421815 0.132868461368161
Pedestrian 0 2 0 33.98423141139074 450.7031311036988 62.06578920935863 499.69963886028006 1.6370068027211 0.6616708490969 0.52977465427275 -19.80806682226699 1.2616296695165439 37.39578509822419 0.17545038551626102
Car 0 0 0 570.5543117919173 434.55312873514106 625.1798586681915 462.4343735265372 1.4277813008093 2.0122427148724 4.5777944478408 -1.673251703344714 -0.12969936940625654 66.40558570950151 1.2821998421037613
Car 0 1 0 46.06029854506414 445.2972706758521 152.34225594513623 478.9403510093615 1.5047898294914 1.7922733674885 4.4622478215851 -25.353837057863633 0.7377324858347291 52.67009181618833 0.17845410978306098
