Cyclist 0 0 0 787.5988286362995 433.6415244314909 831.1871351571995 495.103643886033 1.7180019314767 0.84366958146188 1.5986436650924 5.457875602366921 0.9035676959816394 32.91585447809481 -1.676129514601569
Cyclist 0 0 0 734.2063045393085 429.4603058563322 760.5656211277457 475.66776231972005 1.7122343468 0.96736711558101 1.4146362796487 4.735794666520531 0.4735087692825729 42.90349352014653 -1.398416773651269
Truck 0 2 0 65.8818879748485 419.2219500129978 189.3179360368473 477.671167748717 3.0468694846693 2.5886878891346 5.659150703534 -27.091805153711146 0.7565824452308177 59.693534259181504 0.12189036682486099
Pedestrian 0 1 0 256.663064470756 443.7092124340115 286.5434200071583 481.6372008549623 1.7877551020408 0.8939857660619 1.1592000866124 -17.34020457149422 0.9114310205810767 54.0473767400798 1.8536962449261472
Cyclist 1 1 0 1105.9905597573834 462.63399032221525 1293.9829267617856 673.7607863156177 1.6054151926493 0.61433830376499 1.3834212402013 4.92921564062345 1.6534409956154168 9.45367966646647 -1.884078575210319
Car 0 0 0 598.0347221196762 422.9489822140163 662.6951359543345 459.3669343121181 2.1727846477051 1.8350830420709 5.1947962442273 0.2964422491226467 -0.328838453811597 72.79105152151172 1.0722758432756612
Car 0 0 0 312.34834802082617 440.09072983457656 412.917335856189 505.7494900494351 1.5830985995393 1.9596868114685 4.2613896012282 -7.457747604079066 1.0420893499229984 31.852413352581834 1.5797934764818473
Pedestrian 0 0 0 1066.4094071406175 426.17105134793405 1092.927911981791 486.3598263410276 1.9763265306122 0.64788361436946 0.6613091157578 15.278939622765826 0.7810830524399255 36.8329203967289 -2.446244792639759
Pedestrian 0 0 0 814.7441680704785 427.5446143668224 843.2421624847461 486.0971461895543 1.9407405895691 0.5582407547037 0.89056077784525 6.862432321179986 0.786663646652644 37.31038440346111 -3.031301110551439
Truck 0 1 0 913.4477553150948 399.7188974119904 1057.7572513895857 449.46579949164106 3.2464570522187 2.3356722493872 9.0540874648977 24.168841631571425 -0.9236637607267772 74.03918683586697 -3.057920129362139
Cyclist 0 1 0 171.2562821250961 446.7650310271163 216.6755054840584 481.6197597440943 1.4945670276029 0.94638777732758 1.6619259234072 -19.35408280598527 0.8313345886941255 49.25657056217747 0.29493889953156094
Cyclist 0 0 0 143.32319654684386 448.6528395207631 192.1215170624339 487.0462155287293 1.6015503969271 0.89001601267857 1.7826294071397 -19.911065743614795 1.0405322318412946 47.705585946265536 0.27658119416496096
