Cyclist 0 0 0 809.2913404363126 420.9826656475973 856.3582413684636 478.886429497789 1.6783608955452 0.80572861302255 1.5986436650924 6.318439855088917 0.44623733536039234 33.770214555300356 -1.798580911735839
Cyclist 0 0 0 776.7583523743114 421.807734816908 805.8667667560314 465.79908339425504 1.6434008052201 0.78667906893378 1.4146362796487 6.457311311850355 0.09576675488292088 43.13650280942088 -1.650929556179906
Truck 1 2 0 -159.05774343474968 421.0358119047975 24.724131169160387 496.6072195387787 2.7839416611192 2.5886878891346 5.659150703534 -26.930712251839726 1.228710287270743 42.3881533314838 0.12189036682486099
Cyclist 0 0 0 978.7122628972415 447.2772644688543 1097.5809933319172 586.4906563238621 1.5545056370897 0.61433830376499 1.3834212402013 5.0526122747875855 1.4061408785598541 13.526047315020385 -1.896213257038379
Car 0 0 0 964.6288004806428 409.480623587388 1101.3801757072915 460.153556513553 2.119410015788 2.06839832552 5.337375669755 17.652436699765126 -0.14537918720686266 47.74250573727023 0.16489460799506106
Car 0 0 0 584.2149099016863 433.1392530809724 647.309807855871 463.7236818406277 1.4277813008093 1.913820775281 4.5777944478408 -0.5572857210607806 -0.06256278579329334 60.40734342096105 1.2279075568133608
Car 0 1 0 7.380087923887004 443.2814099399263 122.03380253238748 483.23119850611175 1.6793458890606 1.7922733674885 4.4622478215851 -25.2460586377505 0.8733497063266029 49.149813834721165 0.17845410978306098
Pedestrian 0 0 0 990.8224377650906 420.4301829809236 1039.6631459282182 529.9716674767901 1.9401828370986 0.76101976329963 0.68198934927382 7.129244973339928 1.188604486906463 20.098284893975126 2.048993408643348
Pedestrian 0 0 0 230.68027391991225 437.63488381010745 249.24379299896805 471.3763381990468 1.6959183673469 0.74969138528048 0.43799311022435 -19.613806671879438 0.45968058454763694 56.002527952198676 1.7074585324549467
Truck 0 0 0 998.5295044336513 387.7214803696049 1194.676887661743 447.3627965023855 2.9890265339346 2.3356722493872 9.277177766615 24.317775890101235 -0.8356995138848765 56.72141346626881 -3.057920129362139
