Cyclist 0 0 0 835.228429999337 438.04199172835945 865.70617214334 492.3547133978679 1.5492562112725 0.8401565288286 1.5986436650924 6.833707896208323 0.8489915847739009 33.628083401472644 -1.382062634936619
Cyclist 0 0 0 779.7548874717644 440.122088450898 808.7487179379009 481.929291028946 1.5487546855477 0.78667906893378 1.4146362796487 6.621290889109782 0.7187511276843469 43.45906037406266 -1.650929556179906
Cyclist 0 0 0 974.9790868506836 449.3495025111836 1084.480588462156 584.0029194922804 1.6322309189442 0.61433830376499 1.3834212402013 5.351560331958306 1.4979615107094195 14.618554622987402 -1.896213257038379
Car 0 0 0 1134.0839418614623 415.673286349128 1285.9897781974005 469.1526676124617 2.0631560791525 1.8277887243881 5.1976537935834 23.498536215789223 0.2198445639564861 43.874019481506615 0.10987247306326098
Truck 0 0 0 1020.5047914415728 396.0867297360127 1231.2028176577796 467.2657819448343 3.3598641295057 2.4822102373923 9.277177766615 24.346775495213688 0.15580779130148437 53.44819225496712 -3.057920129362139
Car 0 0 0 590.7194201241226 443.7476388068008 659.1755005631576 478.2868795709305 1.4277813008093 1.8520846212397 4.5777944478408 -0.06115207773745993 0.6225135413743081 55.21497456122456 1.2279075568133608
Car 0 1 0 -39.91576708952505 453.9442189670622 84.49803265108096 500.094049303932 1.7929378179072 1.7922733674885 4.4622478215851 -25.29378583796463 1.4979028714580005 45.70354407111691 0.17845410978306098
Pedestrian 0 0 0 1065.383487126487 431.698132308117 1123.1478918875962 564.4019097944313 1.9401828370986 0.76101976329963 0.68198934927382 7.134720380445107 1.491543939069426 16.66331803413956 2.048993408643348
Pedestrian 0 0 0 189.41687576880295 447.8711437049049 212.53965866297017 485.4178169495883 1.6959183673469 0.74969138528048 0.66642293113231 -19.61694159094157 1.0539309419310552 50.77193493463896 1.7074585324549467
Pedestrian 0 0 0 866.4209299067132 433.4078375471675 884.9382338261317 471.0675812368003 1.6959183673469 0.76268183930034 0.6052293044799 11.480643077749107 0.3921467410850451 50.68235468831964 -1.430014943890149
Car 0 1 0 7.31058530261987 449.8545150273728 121.46016285537657 490.80145684571073 1.7226512176773 1.7922733674885 4.4622478215851 -25.384474122449532 1.2125969325945132 49.39081785407143 0.17845410978306098
