Cyclist 0 0 0 846.7635372310974 433.0629021315069 877.8224858523495 489.4392930028041 1.6192562112725 0.8401565288286 1.5986436650924 7.201159970016776 0.7635740929073368 33.65518110705099 -1.382062634936619
Cyclist 0 0 0 782.5559610964881 431.2768051606654 811.3771951064996 472.4323540114176 1.5487546855477 0.78667906893378 1.4146362796487 6.785565322569511 0.356085471842044 43.828511728778736 -1.650929556179906
Cyclist 0 0 0 967.2209282436868 447.6262174858175 1072.2989273155406 571.6044533731095 1.5545056370897 0.61433830376499 1.3834212402013 5.39728639435346 1.389874716308587 15.117435591546943 -1.896213257038379
Car 0 0 0 1248.5814515656034 408.8545947680931 1409.2204718338053 457.5559158235115 1.7941252086437 1.8277887243881 5.0299875421775 27.12525756191734 -0.23786675013047462 41.89823509356976 0.06423563474786098
Truck 0 0 0 1033.257330448197 396.1200348639411 1252.0222077986446 454.695003215505 2.6593931156492 2.4822102373923 9.277177766615 24.299574280089068 -0.4330317360595965 51.56935455478089 -3.057920129362139
Truck 0 1 0 1375.169905091822 328.74060843925133 1855.7291312823852 443.9798194775765 4.8596281958249 3.584108156749 16.295030514475 45.04716902779912 -0.9696017811464538 51.09442327683328 -3.053379172318939
Car 0 0 0 598.22238637489 441.38796100722095 671.6885236342437 477.99170484281007 1.4277813008093 1.8520846212397 4.5777944478408 0.4034216311232392 0.56134968036186 51.926975466354584 1.2279075568133608
Car 0 1 0 -71.0248855108157 461.9651630584879 59.39439933421693 504.16135499710566 1.5401500549643 1.7922733674885 4.4622478215851 -25.38899102406297 1.5919524784615775 43.77827306186605 0.17845410978306098
Pedestrian 0 0 0 1115.4808157150778 436.0565135575773 1180.8530910246625 585.5271496207383 1.9401828370986 0.76101976329963 0.68198934927382 7.0859052194330845 1.6020778064472092 14.824267530556718 2.048993408643348
Pedestrian 0 0 0 163.051706451881 449.1610398307527 187.78534981150312 488.819215340097 1.6959183673469 0.74969138528048 0.66642293113231 -19.705796221102176 1.1452965283656937 48.042303321969435 1.7074585324549467
Pedestrian 0 0 0 874.1316913966631 426.19991098963845 893.2829088049249 464.8677083562317 1.6959183673469 0.76268183930034 0.6052293044799 11.521250122059831 0.10575084496966414 49.26838580922319 -1.430014943890149
Car 0 1 0 -18.20763919476599 456.9639504282008 99.66837698316816 495.96088209299216 1.5732951037199 1.7922733674885 4.4622478215851 -25.726821895926623 1.398383935168602 47.97505924367807 0.17845410978306098
