Cyclist 0 0 0 842.783840742899 433.16597677852775 873.7013125673205 489.673981536876 1.6192562112725 0.8401565288286 1.5986436650924 7.062579710102447 0.7686961286168766 33.58645526269827 -1.382062634936619
Cyclist 0 0 0 783.9685022777569 437.7743522036039 812.9813634982514 479.3447538889008 1.5487546855477 0.78667906893378 1.4146362796487 6.8123874316726525 0.6216557994072173 43.617821461301325 -1.650929556179906
Cyclist 0 0 0 970.5384204446812 447.8482392880581 1076.4232455055158 576.3752399100428 1.6063224916594 0.61433830376499 1.3834212402013 5.424149840504847 1.445675115981775 15.049268074043713 -1.896213257038379
Car 0 0 0 1217.5666118968716 408.86484746739694 1374.3489028263823 467.3183256206663 2.1907828681319 1.8277887243881 5.0299875421775 26.15977637079696 0.13428270202363263 42.4361747784657 0.06423563474786098
Truck 0 0 0 1025.3486910855154 396.13008419088817 1241.7682779869826 465.6953593215807 3.1981473062421 2.4822102373923 9.277177766615 24.10285355739806 0.0762934633879761 52.100726347685004 -3.057920129362139
Car 0 0 0 598.0300684528006 440.9220611248227 670.6692740787961 477.069650439084 1.4277813008093 1.8520846212397 4.5777944478408 0.38038336284091284 0.527859157285932 52.48876430218402 1.2279075568133608
Car 0 1 0 -61.65632183815478 456.0189272340431 67.0104396154237 495.7594936830524 1.4743114414648 1.7922733674885 4.4622478215851 -25.316355116743818 1.2771815456417237 44.259514528430515 0.17845410978306098
Pedestrian 0 0 0 1100.7005797425338 434.7837158327141 1163.4869568625768 579.3287575024999 1.9401828370986 0.76101976329963 0.68198934927382 7.097553372910063 1.5722865000855168 15.320114592423579 2.048993408643348
Pedestrian 0 0 0 170.53160685007964 447.0192539047114 195.3508153433293 486.2625422693497 1.6959183673469 0.74969138528048 0.70795562584282 -19.597487036984734 1.0444026466184764 48.61041554080986 1.7074585324549467
Car 0 1 0 -12.083751583073536 450.0437685895732 104.81048908240577 494.9961256141376 1.8620502573708 1.7922733674885 4.4622478215851 -25.712656632780597 1.3705395826149323 48.43810450057446 0.17845410978306098
