Pedestrian 0 0 0 964.669497507093 418.7407093061445 1005.9507541228616 520.4607454407537 1.9401828370986 0.67478941498414 0.68198934927382 7.0674245165802 1.0985768931004696 21.60844499757959 2.048993408643348
Cyclist 0 0 0 807.7464983332704 421.08403936897065 849.9715787284091 481.6541467395885 1.7535273462565 0.80572861302255 1.5986436650924 6.179394373240208 0.528207420101392 33.67575947176592 -1.676129514601569
Cyclist 0 0 0 775.3502913789608 421.3877590113549 804.4754465761736 468.3780294930603 1.7552553102874 0.78667906893378 1.4146362796487 6.390918256568302 0.19398004570134725 43.05850684692292 -1.650929556179906
Truck 1 2 0 -134.83029753202743 417.7413035301244 41.36814526818887 490.5610247075467 2.7839416611192 2.5886878891346 5.659150703534 -27.038335583681786 1.038776472612041 43.861341253952595 0.12189036682486099
Cyclist 0 0 0 998.7113623901976 444.4331809218096 1124.668162950702 591.9176140054763 1.5804140643745 0.61433830376499 1.3834212402013 5.120397317216141 1.4041578891822317 12.958564738039778 -1.896213257038379
Car 0 0 0 907.7715153705144 409.2279612074346 1030.0138258778857 458.48043767919705 2.1309011175964 2.06839832552 5.0299875421775 15.371381696312072 -0.22155916050794244 49.48220104583613 0.16489460799506106
Truck 0 0 0 985.0999930747166 387.9288509666436 1175.689895025153 450.1160680815295 3.2016138231177 2.3356722493872 9.277177766615 24.09062015752428 -0.7118627607982615 58.236718411845246 -3.057920129362139
Cyclist 0 0 0 -4.542829471673144 452.5387896677324 58.66344911282988 515.7454359092765 1.7566197171187 0.86433254684324 1.7030957556305 -17.849327632065354 1.5155343161254284 32.535776818123516 1.6592508930988474
Pedestrian 0 2 0 -4.065628584036176 441.9972176539638 34.281637473763226 491.6406919900709 1.5673469387755 0.6616708490969 0.82582907604145 -19.77522313224315 0.9298837360746359 35.26854467480037 0.17545038551626102
Car 0 0 0 580.8444127683036 429.9668102340685 635.8821632727554 459.27818958463087 1.438960427003 2.0122427148724 4.5777944478408 -0.9957703812000064 -0.3027948129913612 62.9638712520874 1.329212414874661
Car 0 1 0 21.85509925480005 441.145248361282 133.10255676120926 480.785713592828 1.7191741861159 1.7922733674885 4.4622478215851 -25.365672900340677 0.7895368481652038 50.56323460097832 0.17845410978306098
