Cyclist 0 0 0 809.2970581842167 423.258479695871 856.3489221436638 476.9387864079995 1.5492562112725 0.80572861302255 1.5986436650924 6.318019783794403 0.3882889049794567 33.766742789731175 -1.798580911735839
Cyclist 0 0 0 776.7556748169609 426.813498139856 805.8589785872064 468.4919881836827 1.5487546855477 0.78667906893378 1.4146362796487 6.458058419731313 0.1988295672964127 43.14267743608889 -1.650929556179906
Truck 1 2 0 -148.6738725761452 420.74357154005855 32.35749604028467 495.4278740052847 2.7839416611192 2.5886878891346 5.659150703534 -26.88531707086518 1.198946650551626 42.87945527705514 0.12189036682486099
Cyclist 0 0 0 990.735478711992 443.9840967991862 1112.7193359757885 590.4538634891219 1.6149586340876 0.61433830376499 1.3834212402013 5.1354513434078815 1.4275039729752836 13.303856606418101 -1.896213257038379
Car 0 0 0 949.7932892309462 409.40718688653766 1077.0790487495346 461.42479139485823 2.1998477284471 2.06839832552 5.0299875421775 16.97831560843855 -0.09167966562765378 48.27281060257908 0.16489460799506106
Truck 0 0 0 990.298053274012 387.80474314436185 1184.4876114830238 446.96095406358006 2.9890265339346 2.3356722493872 9.277177766615 24.03397185437865 -0.8624095143789888 57.201578132832935 -3.057920129362139
Car 0 0 0 582.4393472709949 432.7545856560104 639.1485271707407 462.9296860834176 1.4277813008093 2.0122427148724 4.5777944478408 -0.8375066389059307 -0.10514963968509283 61.27094230480832 1.329212414874661
Car 0 1 0 12.302349819191477 443.46565660983526 125.56383375388516 478.9864164791848 1.5001185523118 1.7922733674885 4.4622478215851 -25.30915755734499 0.6942983460828394 49.648566167622285 0.17845410978306098
Pedestrian 0 0 0 983.4079554532234 419.82690939752666 1026.397346021536 526.4726920127813 1.9401828370986 0.67478941498414 0.68198934927382 7.116424079131162 1.1575708421059114 20.617828903328657 2.048993408643348
Pedestrian 0 0 0 236.15582938462651 436.78409083514345 257.9747638163041 470.40799110643945 1.6959183673469 0.74969138528048 0.86216498305512 -19.565396929538423 0.4031691530955629 56.9399213452985 1.7074585324549467
