Pedestrian 0 0 0 956.8881744437892 418.2543432309834 997.3949430301428 517.7826951596877 1.9401828370986 0.67478941498414 0.68198934927382 7.055344471406169 1.0704203676562465 22.079876425638254 2.048993408643348
Cyclist 0 0 0 798.4766437432736 423.9380834746554 840.2313433405129 481.3006163331812 1.655832455612 0.80572861302255 1.5986436650924 5.8962144247764625 0.51824168626973 33.71572993690451 -1.676129514601569
Cyclist 0 0 0 771.1310976947462 422.36294466575737 800.1082799098991 466.8939625501479 1.660609190615 0.78667906893378 1.4146362796487 6.226124797401239 0.1373571964017517 43.075145210294124 -1.650929556179906
Truck 1 2 0 -124.91180596570484 415.2152298823724 49.05866041352306 495.8055819134841 3.1297786485574 2.5886878891346 5.659150703534 -26.989555096492975 1.259047562657292 44.384626039364086 0.12189036682486099
Cyclist 0 0 0 991.7729316712404 449.9880743126932 1117.4967821814885 596.2313917553938 1.5545056370897 0.61433830376499 1.3834212402013 5.022543455040512 1.4476843632887995 12.924684490874412 -1.896213257038379
Car 0 0 0 887.645196235836 409.165303537276 1007.5676801594068 458.7389595792952 2.1653744230217 2.06839832552 5.1195351899237 14.58493285483299 -0.22027941579719645 50.13245006660125 0.22162304916146103
Truck 0 0 0 982.5581552956824 387.98817171096937 1171.4748400809065 455.9803207486079 3.5355710158295 2.3356722493872 9.277177766615 24.120154276131245 -0.4088499458444752 58.75978890016319 -3.057920129362139
Truck 0 0 0 1161.5161386196864 410.3352657856781 1276.5851286768466 447.29055237586937 1.9231971704567 1.9992272716094 5.2608017507688 32.22850715970992 -0.8629582984547712 59.12133871227545 -3.078106035030239
Truck 0 2 0 987.947622861196 367.1010954619762 1195.8594084357396 436.92556563310063 3.8618443567895 3.3496484730252 10.687839647389 26.65246502126147 -1.5273410263576674 62.941992420257876 -3.041256766873139
Cyclist 0 0 0 9.567398552334794 452.7367342725666 68.87470327373728 513.3015020533899 1.7211586777205 0.86433254684324 1.5957467729177 -17.813031397917825 1.4782304058484799 33.15403687929456 1.6592508930988474
Cyclist 0 1 0 -33.576252969785514 456.4298765138908 35.44301461547548 512.4994662390288 1.6715214851185 0.90318929126418 1.6290050294171 -19.404964635977525 1.5203305884182488 33.820855203510106 0.132868461368161
Pedestrian 0 2 0 11.088918496800716 444.1138870538161 40.65123151402247 492.9127449401929 1.5673469387755 0.6616708490969 0.52977465427275 -19.757931525656602 0.9887729022815086 35.885156661249525 0.17545038551626102
Car 0 0 0 576.6455957463121 430.59001362409737 633.6655031351831 460.8098268526424 1.5172143103592 2.0122427148724 4.5777944478408 -1.1975248002817098 -0.22061541976593774 64.1039654641095 1.2821998421037613
Car 0 1 0 30.229476383952942 441.9031820574469 140.07134211074782 479.83082850608406 1.659431740533 1.7922733674885 4.4622478215851 -25.281232394339604 0.755178361083239 51.12650634944042 0.17845410978306098
