Pedestrian 0 0 0 974.1945421344356 419.3040106873302 1016.3652025016634 523.5739130804739 1.9401828370986 0.67478941498414 0.68198934927382 7.089958944959624 1.1298197613409156 21.084233467361173 2.048993408643348
Cyclist 0 0 0 807.0207212402647 421.0286773593016 849.0944501003671 474.60187452236767 1.5492562112725 0.80572861302255 1.5986436650924 6.16735842639211 0.319743546577309 33.740995052172714 -1.676129514601569
Cyclist 0 0 0 774.8876548098303 421.34461941721537 803.9418141489841 462.8625451389216 1.5487546855477 0.78667906893378 1.4146362796487 6.381092798225882 -0.0165945391853414 43.12142469395649 -1.650929556179906
Truck 1 2 0 -144.77814119953757 417.9952022915039 34.27865911918741 498.96825819093687 3.0668991962959 2.5886878891346 5.659150703534 -27.0816833151169 1.3509838007792523 43.38696087600189 0.12189036682486099
Cyclist 0 0 0 984.2288266252456 443.37285383384216 1106.0123331357638 593.1314751162968 1.6495032038007 0.61433830376499 1.3834212402013 5.044011440551952 1.454741702528178 13.278783649290116 -1.896213257038379
Car 0 0 0 929.5036829152436 409.3057151757619 1054.223243379746 460.4312989032659 2.1883566266386 2.06839832552 5.0299875421775 16.224195437690874 -0.13516333579029938 48.89770600908027 0.16489460799506106
Truck 0 0 0 987.539839398669 387.8703591516553 1179.8398663499197 449.8124444087297 3.1617229263829 2.3356722493872 9.277177766615 24.064088632843486 -0.7223219393108858 57.74746282324498 -3.057920129362139
Cyclist 0 0 0 -21.68826145574076 453.49108425163234 41.53273261553443 518.022823277037 1.7654849769682 0.86433254684324 1.5957467729177 -18.00862477790977 1.5556295489466085 31.885808562028604 1.6592508930988474
Car 0 0 0 580.404589617146 429.3457273285078 635.4406693571241 461.2744996602094 1.5842890675216 2.0122427148724 4.5777944478408 -1.0200414179841026 -0.1940244183681022 62.96340033959833 1.329212414874661
Car 0 1 0 14.984626512856494 441.3475315628904 127.36437491398856 481.5724879060133 1.7291312603797 1.7922733674885 4.4622478215851 -25.433874847496458 0.8172879338853111 50.10828434260492 0.17845410978306098
