Cyclist 0 0 0 840.83882933383 433.1674887247584 871.6338724595134 487.308643442785 1.5492562112725 0.8401565288286 1.5986436650924 7.002584139063649 0.6986831188883176 33.59180597911796 -1.382062634936619
Cyclist 0 0 0 781.3984733793653 437.5874385643919 810.3407446397741 479.1662966347916 1.5487546855477 0.78667906893378 1.4146362796487 6.707607893742179 0.614515641379827 43.60580145641736 -1.650929556179906
Cyclist 0 0 0 963.4157837240308 448.5649667237459 1070.1720487801874 574.9604412986773 1.5545056370897 0.61433830376499 1.3834212402013 5.26159921566377 1.4066153301976112 14.854430202141055 -1.896213257038379
Car 0 0 0 1193.521473965222 416.36075316592337 1347.0074402936702 469.3975109339181 1.9920154199563 1.8277887243881 5.0299875421775 25.405307660451037 0.21660019887763488 42.882116838305464 0.06423563474786098
Truck 0 0 0 1022.8285147716944 396.1213491192557 1237.428844311613 465.8131029156928 3.2295210348251 2.4822102373923 9.277177766615 24.124949639697213 0.08314415360458227 52.508327586131806 -3.057920129362139
Car 0 0 0 596.8072949866272 442.0627197069525 668.463960208082 477.8657205926633 1.4277813008093 1.8520846212397 4.5777944478408 0.3044359833262863 0.572772628956411 53.124732345164475 1.2279075568133608
Car 0 1 0 -56.60891803270101 453.9931353869622 70.97336950257738 502.3855035659913 1.8427231892263 1.7922733674885 4.4622478215851 -25.389776064023724 1.5567925110128795 44.7322123013938 0.17845410978306098
Pedestrian 0 0 0 1088.348255185316 433.6502371333064 1148.959882944291 573.8393732498686 1.9401828370986 0.76101976329963 0.68198934927382 7.119285485075179 1.5441429768419122 15.787237842777627 2.048993408643348
Pedestrian 0 0 0 175.28517700881338 445.0472853825942 199.42317863892248 486.3784440309631 1.8184013605442 0.74969138528048 0.67680610480995 -19.690854302057467 1.0669082289504002 49.34890017112396 1.7074585324549467
Pedestrian 0 0 0 867.9535265136273 429.5601992826993 886.7617484452732 471.6576807042414 1.8749319727891 0.76268183930034 0.6052293044799 11.406989193669885 0.4133656974813842 50.02199813077723 -1.430014943890149
Car 0 1 0 -5.961533343399424 449.1862442090218 109.83693595060618 491.7215606608385 1.7724365889964 1.7922733674885 4.4622478215851 -25.656612411513752 1.2383325882388863 48.81069452643006 0.17845410978306098
