Cyclist 0 0 0 838.2996194326133 438.04115587768274 868.9510617922027 492.372339199729 1.5492562112725 0.8401565288286 1.5986436650924 6.927190702821105 0.8492117858513917 33.613096857960194 -1.382062634936619
Cyclist 0 0 0 778.8869599063787 430.7243724913619 807.7639171043231 472.10642571543474 1.5487546855477 0.78667906893378 1.4146362796487 6.602992672697961 0.34110091642398366 43.57806044169441 -1.650929556179906
Cyclist 0 0 0 971.490744000904 449.11457311819817 1080.192377818882 583.0860068843444 1.6322309189442 0.61433830376499 1.3834212402013 5.325071826855683 1.4938838675083095 14.689820917867031 -1.896213257038379
Car 0 0 0 1161.8719274735677 416.2830840890056 1311.85078581895 469.69781158235753 2.0293338483467 1.8277887243881 5.0299875421775 24.344511736812336 0.23121194291124103 43.3906074152579 0.06423563474786098
Truck 0 0 0 1023.0040520346344 396.0953037421732 1235.456763424576 466.1024714027718 3.2778716334235 2.4822102373923 9.277177766615 24.324095054887458 0.09867424040274211 53.03351785166463 -3.057920129362139
Car 0 0 0 593.703973977201 440.6876730552472 663.4953117832371 475.5222377039008 1.4277813008093 1.8520846212397 4.5777944478408 0.11662663098093953 0.48058565006591536 54.34206863797416 1.2279075568133608
Car 0 1 0 -48.76850153484861 454.8315159163899 77.20155499924977 498.86429920167774 1.6834100010051 1.7922733674885 4.4622478215851 -25.345433061343417 1.4302751067244823 45.173598840224834 0.17845410978306098
Pedestrian 0 0 0 1075.9244738346324 432.5725492000614 1134.9635637040396 568.6267111279265 1.9401828370986 0.76101976329963 0.68198934927382 7.131304063069515 1.5157902301583543 16.259028613997554 2.048993408643348
Pedestrian 0 0 0 183.791230352176 445.3895741586277 205.42461449070535 483.1829296120797 1.6959183673469 0.74969138528048 0.48990897861252 -19.64456373756747 0.9450079968279641 50.07257866611772 1.7074585324549467
Pedestrian 0 0 0 867.1593738851956 429.3195424619722 885.8001672422731 467.1823963511785 1.6959183673469 0.76268183930034 0.6052293044799 11.444750061057873 0.21341215543226333 50.361508430427605 -1.430014943890149
Car 0 1 0 -0.019815612955881 448.85361072320217 114.4313398378473 490.7001433840527 1.7624795147326 1.7922733674885 4.4622478215851 -25.688514909980697 1.2071524478131048 49.334992550134224 0.17845410978306098
