Cyclist 0 0 0 858.2680302739358 440.4114860204167 887.7126043265166 496.52163608720656 1.6025443334422 0.80572861302255 1.5986436650924 7.534833750556386 0.9745064342802547 33.67699648909234 -1.362854365268189
Cyclist 0 0 0 782.3799187484622 440.7067583763583 810.9228541620182 481.7648343711179 1.5487546855477 0.78667906893378 1.4146362796487 6.839167187017131 0.7266225592982124 44.255597562554485 -1.650929556179906
Cyclist 0 0 0 972.424973263512 453.0757786462014 1073.5467852976858 572.378936638713 1.5545056370897 0.61433830376499 1.3834212402013 5.669538144918899 1.4630160916420747 15.7410095788995 -1.896213257038379
Truck 0 0 0 1048.8192573101212 401.1161535454704 1279.3052594495623 476.7789202257492 3.2799181759673 2.4822102373923 9.277177766615 24.17884075924215 0.5558399199518785 49.26628922434014 -3.057920129362139
Truck 0 2 0 1068.7484740242917 379.7446922261786 1321.1053607916142 466.1173584494936 4.0507389177194 3.3496484730252 10.687839647389 27.64470739126761 0.07643384302506434 53.335776744185345 -3.041256766873139
Car 0 0 0 605.5601125414964 443.6747479225608 685.2743081888391 486.1343561542136 1.5411742368036 1.8520846212397 4.5777944478408 0.8224982508539742 0.8461367289221714 48.32718340095514 1.2279075568133608
Car 0 1 0 -113.88387371466752 465.7399220054867 25.7111920179334 510.6922342125968 1.5401500549643 1.7922733674885 4.4622478215851 -25.437950074803332 1.7402681156934525 41.30861207822706 0.17845410978306098
Pedestrian 0 0 0 126.3478382040404 449.0706321264627 155.70077776876866 498.6206686305597 1.9503061224489 0.74969138528048 0.80755718075052 -19.579212733487996 1.4426373503597127 44.279343950007444 1.7074585324549467
Pedestrian 0 0 0 880.3787105835737 440.1568292898021 900.3199552641117 480.32114683120216 1.6959183673469 0.76268183930034 0.6052293044799 11.41888392516198 0.7634526209755008 47.59818436765107 -1.430014943890149
Car 0 1 0 -48.49662702956812 454.6346666004067 76.89028225789377 503.4957412359632 1.8924294107253 1.7922733674885 4.4622478215851 -25.50576794221673 1.6286093850178527 45.464724041299775 0.17845410978306098
Truck 0 2 0 996.453172346328 418.0373905750921 1126.745363446692 474.9156540010917 2.8448957669781 2.1264195985072 6.0366761883126 22.626826055919288 0.5867010732313452 57.03384298909694 -3.030782784572939
Pedestrian 0 0 0 1209.8580542968712 437.03057484977177 1294.7005099585003 615.4503402313453 1.9401828370986 0.76101976329963 0.68198934927382 7.144415388682632 1.6689475269561278 12.439365765535097 2.048993408643348
