Cyclist 0 0 0 886.9634145383345 446.1090005651363 918.7489780578452 501.5173887212437 1.5492562112725 0.80572861302255 1.5986436650924 8.319726595011067 1.1057832561881387 33.14764431442773 -1.369386875164679
Cyclist 0 0 0 781.9932314566225 446.7526943841197 810.3577431646077 487.7567919810883 1.5487546855477 0.78667906893378 1.4146362796487 6.861073570306351 0.9681170244337816 44.5207666527298 -1.650929556179906
Cyclist 0 0 0 1025.3555800809197 450.3254083229726 1124.318368676309 573.1482355823739 1.6495032038007 0.6714425924744 1.3834212402013 6.570394534215217 1.51315938312721 16.094749395725472 -1.763078301264559
Truck 1 1 0 1090.771710628161 401.6238548351312 1347.6434099554258 484.1881592742962 3.2542057932608 2.4822102373923 9.277177766615 24.280878495165876 0.7951516479258937 44.82955800567499 -3.057920129362139
Car 0 0 0 637.7047070776937 444.467713573557 740.0249689025859 499.8077986994685 1.6543884807592 1.9201203828363 5.0946409780035 2.244659526093135 1.1278050503147368 40.68468424982993 1.2619023759530612
Pedestrian 0 0 0 46.83540196871331 454.9901391303004 81.8596254832031 505.683045477586 1.6959183673469 0.70258254174307 0.84524425558045 -19.436839689791274 1.471715342730018 37.79959120584351 1.7074585324549467
Car 0 0 0 584.990550795407 446.6396897949054 662.3481452394909 491.5285554405564 1.6749359038931 1.8520846212397 4.7459583255166 -0.1256426613767908 1.0992602217576297 49.71567798148699 1.2279075568133608
Car 0 0 0 547.3280224390292 452.35036928026 605.8511898568979 484.29930298234655 1.473138475207 1.8520846212397 4.7459583255166 -2.7865216051982045 1.0522318034290405 62.69836616966671 1.2279075568133608
Car 1 1 0 -113.41177316233052 459.2079497630381 24.81762135273732 498.5559597297757 1.3347099551933 1.9153167364534 4.2195879911545 -25.23994758256293 1.2812019102668044 40.981564156059726 0.15054779848996103
Pedestrian 0 0 0 907.7368332836104 431.5775434857198 925.6893720408208 484.6026839040375 2.0910648148148 0.61229356047775 0.53137394637676 11.652012467005184 0.8802599442405508 44.1372225833113 -1.433329786493899
