Cyclist 0 0 0 875.7426308452763 445.3916750196272 915.7523761377222 500.72723231190434 1.5492562112725 0.80572861302255 1.5986436650924 8.122072460109658 1.0845496643713102 33.22895404733784 -1.545499848081171
Cyclist 0 0 0 781.9928512577877 446.9634404738522 810.357223726239 487.9738134162432 1.5487546855477 0.78667906893378 1.4146362796487 6.861135829296431 0.9767055921349228 44.52128120495213 -1.650929556179906
Cyclist 0 0 0 1022.2542338142013 453.28616009066224 1121.100189274025 571.1359604622984 1.5717779219463 0.6714425924744 1.3834212402013 6.509357279023271 1.481105029658045 16.05952066267912 -1.763078301264559
Truck 1 1 0 1077.6686658603076 401.58568420751067 1329.9293912020785 483.0162212034211 3.2542057932608 2.4822102373923 9.277177766615 23.973627700285054 0.7595486395691432 45.46099575450769 -3.057920129362139
Car 0 0 0 627.6397923616815 444.494106170597 730.417432727997 499.3510791744549 1.669182262326 1.9201203828363 5.5191943928371 1.9315984883836084 1.1333679152350018 41.85997678508127 1.2619023759530612
Pedestrian 0 0 0 54.47402063164816 454.452773920806 89.62437088434285 507.8476380550302 1.8278231292517 0.70258254174307 0.90177486782535 -19.61249277236134 1.580021357392668 38.69138839661449 1.7074585324549467
Car 0 0 0 582.5994631897926 450.7738820835983 662.3241560122193 492.6483402848712 1.5411742368036 1.8520846212397 5.2996534634935 -0.1945439545965786 1.1592973922773568 50.95863644711272 1.2279075568133608
Car 0 0 0 547.3114774241715 451.8484961639938 605.2938573445657 485.8489237469884 1.6049706509158 1.8520846212397 4.7459583255166 -2.8277251562110512 1.148962095306704 63.29325203766046 1.2279075568133608
Car 1 1 0 -109.89322673938284 463.8408884735529 26.27142892928157 502.8623243133021 1.3347099551933 1.9153167364534 4.2195879911545 -25.506893615227238 1.461125935925155 41.56928633830928 0.15054779848996103
Pedestrian 0 0 0 899.2917843611535 431.1783825778846 916.9060128286671 483.5789347399856 2.0910648148148 0.61229356047775 0.53137394637676 11.441236918644577 0.8496749976437731 44.67322905033684 -1.433329786493899
