Cyclist 0 0 0 833.1167080221842 438.0206681880886 862.2804185774658 492.28410077606753 1.5492562112725 0.80572861302255 1.5986436650924 6.755675476444306 0.8477319558728122 33.658549931893454 -1.382062634936619
Cyclist 0 0 0 780.2991889114891 431.11718156927066 809.3726150782419 472.72944050901566 1.5487546855477 0.78667906893378 1.4146362796487 6.6280486594294485 0.36303636430408953 43.35277369280792 -1.650929556179906
Cyclist 0 0 0 972.129226297896 450.5785133939099 1080.8502194839252 587.2099048672833 1.6149586340876 0.61433830376499 1.3834212402013 5.187690552829031 1.5013220807069276 14.293468054935905 -1.841605119816259
Car 0 0 0 1113.3977041087771 415.5599451403205 1258.2432243160824 466.61111108048703 1.9887163211381 1.8277887243881 5.0299875421775 22.75691058032275 0.12115775036218113 44.3662086419583 0.10987247306326098
Truck 0 0 0 1012.0972875810912 396.1005470647267 1220.487908745211 466.0263573470591 3.3294115099047 2.4822102373923 9.277177766615 24.088345800363 0.09816565085813989 53.93236579112928 -3.057920129362139
Car 0 0 0 587.6526907374426 441.6835874970632 654.7314062169961 476.914935153994 1.4998068138575 1.8520846212397 4.5777944478408 -0.24980758471284242 0.5700037975227462 56.16295314986367 1.2279075568133608
Car 0 1 0 -32.53404636336518 454.80702589525765 90.54112175371972 499.14941880703407 1.7331953723243 1.7922733674885 4.4622478215851 -25.23207931434817 1.472794746282692 46.115165733455214 0.17845410978306098
Pedestrian 0 0 0 1052.026114921634 430.7073293891351 1108.3532029011649 559.6069576818331 1.9401828370986 0.76101976329963 0.68198934927382 7.11759835592707 1.4625635220661886 17.149111367954134 2.048993408643348
Pedestrian 0 0 0 195.0827733916752 447.0671368649276 217.56732293481792 483.98306722508346 1.6959183673469 0.74969138528048 0.64565658377703 -19.67928295474168 1.0049893342505016 51.59637842040343 1.7074585324549467
Pedestrian 0 0 0 866.0037938012539 432.24831802295216 884.446758750574 469.7624324100853 1.6959183673469 0.76268183930034 0.6052293044799 11.500979009876785 0.3338654938345565 50.86494580558762 -1.430014943890149
